ODB Name,Step,Frame,Part Instance Name,      µ¥Ôª±êÇ©,         IntPt,X,Y,Z,Section Name,Material Name,Section Point,S-Max. In-Plane Principal,S-Min. In-Plane Principal,         S-S11,         S-S22,         S-S12
F:/Desktop/DeepOnet_Abaqus/StaticElasticJob.odb,Step-1,Increment      1: Step Time =    1.000,"PLATE-1",             1,             1,  -111.165E-03,       1.50424,            0.,"ASSEMBLY_PLATE-1__PICKEDSET2","ROCK","",  -128.930E-03,      -1.31998,  -438.880E-03,      -1.01003,  -522.587E-03
F:/Desktop/DeepOnet_Abaqus/StaticElasticJob.odb,Step-1,Increment      1: Step Time =    1.000,"PLATE-1",             2,             1,   895.835E-03,  -88.5628E-03,            0.,"ASSEMBLY_PLATE-1__PICKEDSET2","ROCK","",      -1.05325,      -1.66058,      -1.65764,      -1.05619,  -42.1382E-03
F:/Desktop/DeepOnet_Abaqus/StaticElasticJob.odb,Step-1,Increment      1: Step Time =    1.000,"PLATE-1",             3,             1,   901.642E-03,   19.6660E-03,            0.,"ASSEMBLY_PLATE-1__PICKEDSET2","ROCK","",      -1.05321,      -1.65285,      -1.65277,      -1.05328,  -6.82287E-03
F:/Desktop/DeepOnet_Abaqus/StaticElasticJob.odb,Step-1,Increment      1: Step Time =    1.000,"PLATE-1",             4,             1,       1.20622,      -1.30506,            0.,"ASSEMBLY_PLATE-1__PICKEDSET2","ROCK","",  -987.548E-03,      -1.78806,      -1.78730,  -988.300E-03,  -24.5392E-03
F:/Desktop/DeepOnet_Abaqus/StaticElasticJob.odb,Step-1,Increment      1: Step Time =    1.000,"PLATE-1",             5,             1,  -738.413E-03,   642.940E-03,            0.,"ASSEMBLY_PLATE-1__PICKEDSET2","ROCK","",  -977.032E-03,      -1.84170,      -1.83920,  -979.532E-03,  -46.4266E-03
F:/Desktop/DeepOnet_Abaqus/StaticElasticJob.odb,Step-1,Increment      1: Step Time =    1.000,"PLATE-1",             6,             1,   942.217E-03,   642.510E-03,            0.,"ASSEMBLY_PLATE-1__PICKEDSET2","ROCK","",  -916.928E-03,      -1.77604,      -1.77523,  -917.736E-03,  -26.3314E-03
F:/Desktop/DeepOnet_Abaqus/StaticElasticJob.odb,Step-1,Increment      1: Step Time =    1.000,"PLATE-1",             7,             1,  -822.401E-03,  -451.162E-03,            0.,"ASSEMBLY_PLATE-1__PICKEDSET2","ROCK","",      -1.02998,      -1.76557,      -1.75345,      -1.04209,   93.6188E-03
F:/Desktop/DeepOnet_Abaqus/StaticElasticJob.odb,Step-1,Increment      1: Step Time =    1.000,"PLATE-1",             8,             1,  -191.607E-03,  -204.017E-03,            0.,"ASSEMBLY_PLATE-1__PICKEDSET2","ROCK","",  -216.904E-03,      -3.10420,      -2.70379,  -617.319E-03,   997.891E-03
F:/Desktop/DeepOnet_Abaqus/StaticElasticJob.odb,Step-1,Increment      1: Step Time =    1.000,"PLATE-1",             9,             1,  -207.944E-03,   220.619E-03,            0.,"ASSEMBLY_PLATE-1__PICKEDSET2","ROCK","",  -537.125E-03,      -2.30721,      -2.03202,  -812.311E-03,  -641.384E-03
F:/Desktop/DeepOnet_Abaqus/StaticElasticJob.odb,Step-1,Increment      1: Step Time =    1.000,"PLATE-1",            10,             1,   157.045E-03,  -211.933E-03,            0.,"ASSEMBLY_PLATE-1__PICKEDSET2","ROCK","",  -158.841E-03,      -2.76156,      -2.57996,  -340.446E-03,  -663.089E-03
F:/Desktop/DeepOnet_Abaqus/StaticElasticJob.odb,Step-1,Increment      1: Step Time =    1.000,"PLATE-1",            11,             1,   469.752E-03,   116.285E-03,            0.,"ASSEMBLY_PLATE-1__PICKEDSET2","ROCK","",  -978.608E-03,      -1.59604,      -1.37729,      -1.19736,   295.319E-03
F:/Desktop/DeepOnet_Abaqus/StaticElasticJob.odb,Step-1,Increment      1: Step Time =    1.000,"PLATE-1",            12,             1,   510.788E-03,  -91.6215E-03,            0.,"ASSEMBLY_PLATE-1__PICKEDSET2","ROCK","",      -1.15215,      -1.45901,      -1.37000,      -1.24116,  -139.247E-03
F:/Desktop/DeepOnet_Abaqus/StaticElasticJob.odb,Step-1,Increment      1: Step Time =    1.000,"PLATE-1",            13,             1,  -427.758E-03,   132.856E-03,            0.,"ASSEMBLY_PLATE-1__PICKEDSET2","ROCK","",  -919.304E-03,      -1.63877,      -1.33090,      -1.22717,  -355.973E-03
F:/Desktop/DeepOnet_Abaqus/StaticElasticJob.odb,Step-1,Increment      1: Step Time =    1.000,"PLATE-1",            14,             1,   510.791E-03,   47.3438E-03,            0.,"ASSEMBLY_PLATE-1__PICKEDSET2","ROCK","",      -1.14678,      -1.42931,      -1.33982,      -1.23627,   131.436E-03
F:/Desktop/DeepOnet_Abaqus/StaticElasticJob.odb,Step-1,Increment      1: Step Time =    1.000,"PLATE-1",            15,             1,  -166.799E-03,  -457.282E-03,            0.,"ASSEMBLY_PLATE-1__PICKEDSET2","ROCK","",  -799.270E-03,      -2.09460,      -2.06386,  -830.003E-03,   197.143E-03
F:/Desktop/DeepOnet_Abaqus/StaticElasticJob.odb,Step-1,Increment      1: Step Time =    1.000,"PLATE-1",            16,             1,   132.482E-03,  -560.825E-03,            0.,"ASSEMBLY_PLATE-1__PICKEDSET2","ROCK","",  -839.926E-03,      -2.01542,      -2.01089,  -844.456E-03,  -72.8303E-03
F:/Desktop/DeepOnet_Abaqus/StaticElasticJob.odb,Step-1,Increment      1: Step Time =    1.000,"PLATE-1",            17,             1,   632.007E-03,  -100.367E-03,            0.,"ASSEMBLY_PLATE-1__PICKEDSET2","ROCK","",      -1.12655,      -1.54411,      -1.52629,      -1.14437,  -84.3805E-03
F:/Desktop/DeepOnet_Abaqus/StaticElasticJob.odb,Step-1,Increment      1: Step Time =    1.000,"PLATE-1",            18,             1,  -806.362E-03,  -307.633E-03,            0.,"ASSEMBLY_PLATE-1__PICKEDSET2","ROCK","",      -1.05592,      -1.72674,      -1.71022,      -1.07244,   103.947E-03
F:/Desktop/DeepOnet_Abaqus/StaticElasticJob.odb,Step-1,Increment      1: Step Time =    1.000,"PLATE-1",            19,             1,   655.778E-03,   330.323E-03,            0.,"ASSEMBLY_PLATE-1__PICKEDSET2","ROCK","",  -946.989E-03,      -1.76638,      -1.74218,  -971.183E-03,   138.706E-03
F:/Desktop/DeepOnet_Abaqus/StaticElasticJob.odb,Step-1,Increment      1: Step Time =    1.000,"PLATE-1",            20,             1,  -544.046E-03,   692.055E-03,            0.,"ASSEMBLY_PLATE-1__PICKEDSET2","ROCK","",  -956.423E-03,      -1.93987,      -1.93876,  -957.537E-03,  -33.0701E-03
F:/Desktop/DeepOnet_Abaqus/StaticElasticJob.odb,Step-1,Increment      1: Step Time =    1.000,"PLATE-1",            21,             1,  -374.519E-03,  -962.296E-03,            0.,"ASSEMBLY_PLATE-1__PICKEDSET2","ROCK","",  -980.824E-03,      -1.84244,      -1.83981,  -983.449E-03,   47.4850E-03
F:/Desktop/DeepOnet_Abaqus/StaticElasticJob.odb,Step-1,Increment      1: Step Time =    1.000,"PLATE-1",            22,             1,   789.265E-03,  -490.229E-03,            0.,"ASSEMBLY_PLATE-1__PICKEDSET2","ROCK","",  -989.530E-03,      -1.78006,      -1.76983,  -999.757E-03,  -89.3336E-03
F:/Desktop/DeepOnet_Abaqus/StaticElasticJob.odb,Step-1,Increment      1: Step Time =    1.000,"PLATE-1",            23,             1,  -679.432E-03,   566.565E-03,            0.,"ASSEMBLY_PLATE-1__PICKEDSET2","ROCK","",  -977.837E-03,      -1.84409,      -1.83694,  -984.996E-03,  -78.4213E-03
F:/Desktop/DeepOnet_Abaqus/StaticElasticJob.odb,Step-1,Increment      1: Step Time =    1.000,"PLATE-1",            24,             1,   796.361E-03,  -784.509E-03,            0.,"ASSEMBLY_PLATE-1__PICKEDSET2","ROCK","",  -976.503E-03,      -1.80645,      -1.80274,  -980.205E-03,  -55.3057E-03
F:/Desktop/DeepOnet_Abaqus/StaticElasticJob.odb,Step-1,Increment      1: Step Time =    1.000,"PLATE-1",            25,             1,      -1.31121,   134.801E-03,            0.,"ASSEMBLY_PLATE-1__PICKEDSET2","ROCK","",      -1.04860,      -1.72167,      -1.72162,      -1.04865,   6.16703E-03
F:/Desktop/DeepOnet_Abaqus/StaticElasticJob.odb,Step-1,Increment      1: Step Time =    1.000,"PLATE-1",            26,             1,   902.082E-03,  -637.951E-03,            0.,"ASSEMBLY_PLATE-1__PICKEDSET2","ROCK","",  -985.031E-03,      -1.78507,      -1.77980,  -990.299E-03,  -64.7080E-03
F:/Desktop/DeepOnet_Abaqus/StaticElasticJob.odb,Step-1,Increment      1: Step Time =    1.000,"PLATE-1",            27,             1,   279.673E-03,  -925.866E-03,            0.,"ASSEMBLY_PLATE-1__PICKEDSET2","ROCK","",  -955.528E-03,      -1.86263,      -1.86196,  -956.197E-03,  -24.6182E-03
F:/Desktop/DeepOnet_Abaqus/StaticElasticJob.odb,Step-1,Increment      1: Step Time =    1.000,"PLATE-1",            28,             1,      -1.05821,   247.508E-03,            0.,"ASSEMBLY_PLATE-1__PICKEDSET2","ROCK","",      -1.05918,      -1.70887,      -1.70800,      -1.06006,  -23.8725E-03
F:/Desktop/DeepOnet_Abaqus/StaticElasticJob.odb,Step-1,Increment      1: Step Time =    1.000,"PLATE-1",            29,             1,      -1.00652,   866.673E-03,            0.,"ASSEMBLY_PLATE-1__PICKEDSET2","ROCK","",  -996.608E-03,      -1.78264,      -1.78218,  -997.069E-03,   19.0255E-03
F:/Desktop/DeepOnet_Abaqus/StaticElasticJob.odb,Step-1,Increment      1: Step Time =    1.000,"PLATE-1",            30,             1,       1.14861,  -872.424E-03,            0.,"ASSEMBLY_PLATE-1__PICKEDSET2","ROCK","",  -986.822E-03,      -1.78462,      -1.78241,  -989.033E-03,  -41.9386E-03
F:/Desktop/DeepOnet_Abaqus/StaticElasticJob.odb,Step-1,Increment      1: Step Time =    1.000,"PLATE-1",            31,             1,   856.721E-03,  -937.511E-03,            0.,"ASSEMBLY_PLATE-1__PICKEDSET2","ROCK","",  -978.734E-03,      -1.80404,      -1.80190,  -980.872E-03,  -41.9460E-03
F:/Desktop/DeepOnet_Abaqus/StaticElasticJob.odb,Step-1,Increment      1: Step Time =    1.000,"PLATE-1",            32,             1,  -684.828E-03,  -652.839E-03,            0.,"ASSEMBLY_PLATE-1__PICKEDSET2","ROCK","",      -1.00289,      -1.81331,      -1.80424,      -1.01196,   85.2353E-03
F:/Desktop/DeepOnet_Abaqus/StaticElasticJob.odb,Step-1,Increment      1: Step Time =    1.000,"PLATE-1",            33,             1,      -1.16320,   282.175E-03,            0.,"ASSEMBLY_PLATE-1__PICKEDSET2","ROCK","",      -1.04757,      -1.72292,      -1.72265,      -1.04784,  -13.5451E-03
F:/Desktop/DeepOnet_Abaqus/StaticElasticJob.odb,Step-1,Increment      1: Step Time =    1.000,"PLATE-1",            34,             1,  -591.021E-03,   881.374E-03,            0.,"ASSEMBLY_PLATE-1__PICKEDSET2","ROCK","",  -958.715E-03,      -1.93342,      -1.93163,  -960.510E-03,   41.7870E-03
F:/Desktop/DeepOnet_Abaqus/StaticElasticJob.odb,Step-1,Increment      1: Step Time =    1.000,"PLATE-1",            35,             1,  -661.871E-03,  -583.807E-03,            0.,"ASSEMBLY_PLATE-1__PICKEDSET2","ROCK","",      -1.00650,      -1.81140,      -1.79958,      -1.01833,   96.8382E-03
F:/Desktop/DeepOnet_Abaqus/StaticElasticJob.odb,Step-1,Increment      1: Step Time =    1.000,"PLATE-1",            36,             1,      -1.27095,   350.430E-03,            0.,"ASSEMBLY_PLATE-1__PICKEDSET2","ROCK","",      -1.03828,      -1.73320,      -1.73311,      -1.03836,  -7.76844E-03
F:/Desktop/DeepOnet_Abaqus/StaticElasticJob.odb,Step-1,Increment      1: Step Time =    1.000,"PLATE-1",            37,             1,       1.12469,   60.8428E-03,            0.,"ASSEMBLY_PLATE-1__PICKEDSET2","ROCK","",      -1.02061,      -1.70005,      -1.69964,      -1.02102,  -16.6812E-03
F:/Desktop/DeepOnet_Abaqus/StaticElasticJob.odb,Step-1,Increment      1: Step Time =    1.000,"PLATE-1",            38,             1,       1.41512,      -1.27174,            0.,"ASSEMBLY_PLATE-1__PICKEDSET2","ROCK","",  -990.185E-03,      -1.78131,      -1.78046,  -991.035E-03,  -25.9272E-03
F:/Desktop/DeepOnet_Abaqus/StaticElasticJob.odb,Step-1,Increment      1: Step Time =    1.000,"PLATE-1",            39,             1,  -414.738E-03,       1.42776,            0.,"ASSEMBLY_PLATE-1__PICKEDSET2","ROCK","",      -1.14587,      -1.34316,      -1.31295,      -1.17608,   71.0496E-03
F:/Desktop/DeepOnet_Abaqus/StaticElasticJob.odb,Step-1,Increment      1: Step Time =    1.000,"PLATE-1",            40,             1,      -1.35901,      -1.20111,            0.,"ASSEMBLY_PLATE-1__PICKEDSET2","ROCK","",      -1.00765,      -1.77723,      -1.77626,      -1.00862,   27.2725E-03
F:/Desktop/DeepOnet_Abaqus/StaticElasticJob.odb,Step-1,Increment      1: Step Time =    1.000,"PLATE-1",            41,             1,      -1.20197,   637.121E-03,            0.,"ASSEMBLY_PLATE-1__PICKEDSET2","ROCK","",      -1.01646,      -1.75837,      -1.75834,      -1.01649,  -5.10285E-03
F:/Desktop/DeepOnet_Abaqus/StaticElasticJob.odb,Step-1,Increment      1: Step Time =    1.000,"PLATE-1",            42,             1,  -817.391E-03,       1.28850,            0.,"ASSEMBLY_PLATE-1__PICKEDSET2","ROCK","",      -1.06187,      -1.66914,      -1.66139,      -1.06963,   68.1997E-03
F:/Desktop/DeepOnet_Abaqus/StaticElasticJob.odb,Step-1,Increment      1: Step Time =    1.000,"PLATE-1",            43,             1,   748.943E-03,   862.245E-03,            0.,"ASSEMBLY_PLATE-1__PICKEDSET2","ROCK","",  -832.475E-03,      -1.80046,      -1.78935,  -843.582E-03,  -103.092E-03
F:/Desktop/DeepOnet_Abaqus/StaticElasticJob.odb,Step-1,Increment      1: Step Time =    1.000,"PLATE-1",            44,             1,      -1.25673,  -345.160E-03,            0.,"ASSEMBLY_PLATE-1__PICKEDSET2","ROCK","",      -1.03945,      -1.73871,      -1.73585,      -1.04231,   44.6415E-03
F:/Desktop/DeepOnet_Abaqus/StaticElasticJob.odb,Step-1,Increment      1: Step Time =    1.000,"PLATE-1",            45,             1,  -993.030E-03,      -1.26489,            0.,"ASSEMBLY_PLATE-1__PICKEDSET2","ROCK","",      -1.00367,      -1.78925,      -1.78822,      -1.00470,   28.3201E-03
F:/Desktop/DeepOnet_Abaqus/StaticElasticJob.odb,Step-1,Increment      1: Step Time =    1.000,"PLATE-1",            46,             1,  -302.967E-03,   1.82629E-03,            0.,"ASSEMBLY_PLATE-1__PICKEDSET2","ROCK","",  -240.103E-03,      -1.60072,  -306.337E-03,      -1.53448,  -292.801E-03
F:/Desktop/DeepOnet_Abaqus/StaticElasticJob.odb,Step-1,Increment      1: Step Time =    1.000,"PLATE-1",            47,             1,  -295.114E-03,   20.3630E-03,            0.,"ASSEMBLY_PLATE-1__PICKEDSET2","ROCK","",  -294.957E-03,      -1.60602,  -409.739E-03,      -1.49124,  -370.554E-03
F:/Desktop/DeepOnet_Abaqus/StaticElasticJob.odb,Step-1,Increment      1: Step Time =    1.000,"PLATE-1",            48,             1,   160.475E-03,  -221.916E-03,            0.,"ASSEMBLY_PLATE-1__PICKEDSET2","ROCK","",  -159.262E-03,      -2.76485,      -2.57942,  -344.690E-03,  -669.900E-03
F:/Desktop/DeepOnet_Abaqus/StaticElasticJob.odb,Step-1,Increment      1: Step Time =    1.000,"PLATE-1",            49,             1,  -234.012E-03,   229.247E-03,            0.,"ASSEMBLY_PLATE-1__PICKEDSET2","ROCK","",  -519.211E-03,      -2.26420,      -1.98330,  -800.111E-03,  -641.298E-03
F:/Desktop/DeepOnet_Abaqus/StaticElasticJob.odb,Step-1,Increment      1: Step Time =    1.000,"PLATE-1",            50,             1,  -306.486E-03,   130.274E-03,            0.,"ASSEMBLY_PLATE-1__PICKEDSET2","ROCK","",  -540.916E-03,      -1.87371,      -1.27166,      -1.14297,  -663.283E-03
F:/Desktop/DeepOnet_Abaqus/StaticElasticJob.odb,Step-1,Increment      1: Step Time =    1.000,"PLATE-1",            51,             1,   135.302E-03,  -268.294E-03,            0.,"ASSEMBLY_PLATE-1__PICKEDSET2","ROCK","",  -365.346E-03,      -2.50471,      -2.41575,  -454.310E-03,  -427.098E-03
F:/Desktop/DeepOnet_Abaqus/StaticElasticJob.odb,Step-1,Increment      1: Step Time =    1.000,"PLATE-1",            52,             1,   303.919E-03,  -251.668E-03,            0.,"ASSEMBLY_PLATE-1__PICKEDSET2","ROCK","",  -900.269E-03,      -2.10508,      -1.92892,      -1.07643,  -425.687E-03
F:/Desktop/DeepOnet_Abaqus/StaticElasticJob.odb,Step-1,Increment      1: Step Time =    1.000,"PLATE-1",            53,             1,       1.28274,  -756.808E-03,            0.,"ASSEMBLY_PLATE-1__PICKEDSET2","ROCK","",  -990.971E-03,      -1.77347,      -1.77099,  -993.454E-03,  -44.0079E-03
F:/Desktop/DeepOnet_Abaqus/StaticElasticJob.odb,Step-1,Increment      1: Step Time =    1.000,"PLATE-1",            54,             1,   394.819E-03,   35.5341E-03,            0.,"ASSEMBLY_PLATE-1__PICKEDSET2","ROCK","",  -863.161E-03,      -1.50001,  -979.651E-03,      -1.38352,   246.204E-03
F:/Desktop/DeepOnet_Abaqus/StaticElasticJob.odb,Step-1,Increment      1: Step Time =    1.000,"PLATE-1",            55,             1,   332.571E-03,   232.237E-03,            0.,"ASSEMBLY_PLATE-1__PICKEDSET2","ROCK","",  -686.065E-03,      -2.02565,      -1.79917,  -912.547E-03,   502.093E-03
F:/Desktop/DeepOnet_Abaqus/StaticElasticJob.odb,Step-1,Increment      1: Step Time =    1.000,"PLATE-1",            56,             1,  -343.427E-03,  -74.0685E-03,            0.,"ASSEMBLY_PLATE-1__PICKEDSET2","ROCK","",  -661.650E-03,      -1.76644,  -803.057E-03,      -1.62503,   369.093E-03
F:/Desktop/DeepOnet_Abaqus/StaticElasticJob.odb,Step-1,Increment      1: Step Time =    1.000,"PLATE-1",            57,             1,   182.293E-03,  -226.528E-03,            0.,"ASSEMBLY_PLATE-1__PICKEDSET2","ROCK","",  -226.655E-03,      -2.90962,      -2.59423,  -542.044E-03,  -864.122E-03
F:/Desktop/DeepOnet_Abaqus/StaticElasticJob.odb,Step-1,Increment      1: Step Time =    1.000,"PLATE-1",            58,             1,   786.238E-03,      -1.32132,            0.,"ASSEMBLY_PLATE-1__PICKEDSET2","ROCK","",  -984.067E-03,      -1.80186,      -1.80143,  -984.495E-03,  -18.6848E-03
F:/Desktop/DeepOnet_Abaqus/StaticElasticJob.odb,Step-1,Increment      1: Step Time =    1.000,"PLATE-1",            59,             1,   304.766E-03,  -382.694E-03,            0.,"ASSEMBLY_PLATE-1__PICKEDSET2","ROCK","",  -894.045E-03,      -2.00164,      -1.93785,  -957.842E-03,  -258.053E-03
F:/Desktop/DeepOnet_Abaqus/StaticElasticJob.odb,Step-1,Increment      1: Step Time =    1.000,"PLATE-1",            60,             1,  -413.523E-03,  -185.552E-03,            0.,"ASSEMBLY_PLATE-1__PICKEDSET2","ROCK","",  -951.260E-03,      -1.84794,      -1.60149,      -1.19771,   400.312E-03
F:/Desktop/DeepOnet_Abaqus/StaticElasticJob.odb,Step-1,Increment      1: Step Time =    1.000,"PLATE-1",            61,             1,  -258.689E-03,  -262.254E-03,            0.,"ASSEMBLY_PLATE-1__PICKEDSET2","ROCK","",  -874.103E-03,      -2.26746,      -2.00542,      -1.13615,   544.479E-03
F:/Desktop/DeepOnet_Abaqus/StaticElasticJob.odb,Step-1,Increment      1: Step Time =    1.000,"PLATE-1",            62,             1,   179.014E-03,  -345.744E-03,            0.,"ASSEMBLY_PLATE-1__PICKEDSET2","ROCK","",  -687.674E-03,      -2.22924,      -2.14613,  -770.785E-03,  -348.158E-03
F:/Desktop/DeepOnet_Abaqus/StaticElasticJob.odb,Step-1,Increment      1: Step Time =    1.000,"PLATE-1",            63,             1,  -396.283E-03,  -47.1280E-03,            0.,"ASSEMBLY_PLATE-1__PICKEDSET2","ROCK","",  -907.349E-03,      -1.60274,  -967.753E-03,      -1.54234,   195.845E-03
F:/Desktop/DeepOnet_Abaqus/StaticElasticJob.odb,Step-1,Increment      1: Step Time =    1.000,"PLATE-1",            64,             1,  -395.095E-03,  -19.0764E-03,            0.,"ASSEMBLY_PLATE-1__PICKEDSET2","ROCK","",  -892.993E-03,      -1.52440,  -896.730E-03,      -1.52066,   48.4324E-03
F:/Desktop/DeepOnet_Abaqus/StaticElasticJob.odb,Step-1,Increment      1: Step Time =    1.000,"PLATE-1",            65,             1,   489.504E-03,  -123.072E-03,            0.,"ASSEMBLY_PLATE-1__PICKEDSET2","ROCK","",      -1.06152,      -1.57737,      -1.41735,      -1.22155,  -238.622E-03
F:/Desktop/DeepOnet_Abaqus/StaticElasticJob.odb,Step-1,Increment      1: Step Time =    1.000,"PLATE-1",            66,             1,   563.140E-03,  -214.581E-03,            0.,"ASSEMBLY_PLATE-1__PICKEDSET2","ROCK","",      -1.03123,      -1.69653,      -1.63429,      -1.09347,  -193.737E-03
F:/Desktop/DeepOnet_Abaqus/StaticElasticJob.odb,Step-1,Increment      1: Step Time =    1.000,"PLATE-1",            67,             1,   205.554E-03,  -271.296E-03,            0.,"ASSEMBLY_PLATE-1__PICKEDSET2","ROCK","",  -615.847E-03,      -2.44710,      -2.21145,  -851.497E-03,  -613.192E-03
F:/Desktop/DeepOnet_Abaqus/StaticElasticJob.odb,Step-1,Increment      1: Step Time =    1.000,"PLATE-1",            68,             1,  -156.684E-03,      -1.35167,            0.,"ASSEMBLY_PLATE-1__PICKEDSET2","ROCK","",  -988.547E-03,      -1.81639,      -1.81616,  -988.770E-03,   13.6011E-03
F:/Desktop/DeepOnet_Abaqus/StaticElasticJob.odb,Step-1,Increment      1: Step Time =    1.000,"PLATE-1",            69,             1,  -217.461E-03,  -268.977E-03,            0.,"ASSEMBLY_PLATE-1__PICKEDSET2","ROCK","",  -670.880E-03,      -2.45801,      -2.19509,  -933.801E-03,   633.045E-03
F:/Desktop/DeepOnet_Abaqus/StaticElasticJob.odb,Step-1,Increment      1: Step Time =    1.000,"PLATE-1",            70,             1,  -200.191E-03,  -320.790E-03,            0.,"ASSEMBLY_PLATE-1__PICKEDSET2","ROCK","",  -732.905E-03,      -2.29299,      -2.14594,  -879.956E-03,   455.838E-03
F:/Desktop/DeepOnet_Abaqus/StaticElasticJob.odb,Step-1,Increment      1: Step Time =    1.000,"PLATE-1",            71,             1,  -38.6083E-03,   387.057E-03,            0.,"ASSEMBLY_PLATE-1__PICKEDSET2","ROCK","",  -877.690E-03,      -2.34703,      -2.34695,  -877.763E-03,  -10.3502E-03
F:/Desktop/DeepOnet_Abaqus/StaticElasticJob.odb,Step-1,Increment      1: Step Time =    1.000,"PLATE-1",            72,             1,  -125.518E-03,  -315.404E-03,            0.,"ASSEMBLY_PLATE-1__PICKEDSET2","ROCK","",  -493.398E-03,      -2.41928,      -2.34210,  -570.576E-03,   377.730E-03
F:/Desktop/DeepOnet_Abaqus/StaticElasticJob.odb,Step-1,Increment      1: Step Time =    1.000,"PLATE-1",            73,             1,  -900.134E-03,      -1.11712,            0.,"ASSEMBLY_PLATE-1__PICKEDSET2","ROCK","",      -1.00275,      -1.79447,      -1.79293,      -1.00428,   34.8409E-03
F:/Desktop/DeepOnet_Abaqus/StaticElasticJob.odb,Step-1,Increment      1: Step Time =    1.000,"PLATE-1",            74,             1,       1.16208,       1.30297,            0.,"ASSEMBLY_PLATE-1__PICKEDSET2","ROCK","",      -1.08882,      -1.55450,      -1.55430,      -1.08902,  -9.59342E-03
F:/Desktop/DeepOnet_Abaqus/StaticElasticJob.odb,Step-1,Increment      1: Step Time =    1.000,"PLATE-1",            75,             1,  -212.454E-03,  -319.834E-03,            0.,"ASSEMBLY_PLATE-1__PICKEDSET2","ROCK","",  -724.986E-03,      -2.28145,      -2.13122,  -875.222E-03,   459.638E-03
F:/Desktop/DeepOnet_Abaqus/StaticElasticJob.odb,Step-1,Increment      1: Step Time =    1.000,"PLATE-1",            76,             1,  -41.4663E-03,   374.834E-03,            0.,"ASSEMBLY_PLATE-1__PICKEDSET2","ROCK","",  -869.604E-03,      -2.33893,      -2.33893,  -869.605E-03,  -1.61121E-03
F:/Desktop/DeepOnet_Abaqus/StaticElasticJob.odb,Step-1,Increment      1: Step Time =    1.000,"PLATE-1",            77,             1,   525.199E-03,  -422.669E-03,            0.,"ASSEMBLY_PLATE-1__PICKEDSET2","ROCK","",  -968.905E-03,      -1.83754,      -1.80842,  -998.031E-03,  -156.370E-03
F:/Desktop/DeepOnet_Abaqus/StaticElasticJob.odb,Step-1,Increment      1: Step Time =    1.000,"PLATE-1",            78,             1,   625.119E-03,  -17.8009E-03,            0.,"ASSEMBLY_PLATE-1__PICKEDSET2","ROCK","",      -1.16314,      -1.49488,      -1.49459,      -1.16343,  -9.90806E-03
F:/Desktop/DeepOnet_Abaqus/StaticElasticJob.odb,Step-1,Increment      1: Step Time =    1.000,"PLATE-1",            79,             1,  -967.170E-03,      -1.07712,            0.,"ASSEMBLY_PLATE-1__PICKEDSET2","ROCK","",      -1.00452,      -1.79092,      -1.78923,      -1.00621,   36.4295E-03
F:/Desktop/DeepOnet_Abaqus/StaticElasticJob.odb,Step-1,Increment      1: Step Time =    1.000,"PLATE-1",            80,             1,       1.18298,      -1.02867,            0.,"ASSEMBLY_PLATE-1__PICKEDSET2","ROCK","",  -985.780E-03,      -1.78742,      -1.78586,  -987.348E-03,  -35.4284E-03
F:/Desktop/DeepOnet_Abaqus/StaticElasticJob.odb,Step-1,Increment      1: Step Time =    1.000,"PLATE-1",            81,             1,   30.0860E-03,   611.556E-03,            0.,"ASSEMBLY_PLATE-1__PICKEDSET2","ROCK","",  -985.615E-03,      -2.10537,      -2.10099,  -989.990E-03,   69.8569E-03
F:/Desktop/DeepOnet_Abaqus/StaticElasticJob.odb,Step-1,Increment      1: Step Time =    1.000,"PLATE-1",            82,             1,   176.276E-03,  -481.283E-03,            0.,"ASSEMBLY_PLATE-1__PICKEDSET2","ROCK","",  -806.743E-03,      -2.06447,      -2.04359,  -827.621E-03,  -160.693E-03
F:/Desktop/DeepOnet_Abaqus/StaticElasticJob.odb,Step-1,Increment      1: Step Time =    1.000,"PLATE-1",            83,             1,   575.573E-03,  -432.035E-03,            0.,"ASSEMBLY_PLATE-1__PICKEDSET2","ROCK","",  -973.457E-03,      -1.81874,      -1.79476,  -997.444E-03,  -140.360E-03
F:/Desktop/DeepOnet_Abaqus/StaticElasticJob.odb,Step-1,Increment      1: Step Time =    1.000,"PLATE-1",            84,             1,  -537.928E-03,  -477.437E-03,            0.,"ASSEMBLY_PLATE-1__PICKEDSET2","ROCK","",  -997.666E-03,      -1.84082,      -1.81562,      -1.02287,   143.594E-03
F:/Desktop/DeepOnet_Abaqus/StaticElasticJob.odb,Step-1,Increment      1: Step Time =    1.000,"PLATE-1",            85,             1,  -109.448E-03,  -445.574E-03,            0.,"ASSEMBLY_PLATE-1__PICKEDSET2","ROCK","",  -730.008E-03,      -2.15668,      -2.13699,  -749.700E-03,   166.451E-03
F:/Desktop/DeepOnet_Abaqus/StaticElasticJob.odb,Step-1,Increment      1: Step Time =    1.000,"PLATE-1",            86,             1,  -223.704E-03,  -399.781E-03,            0.,"ASSEMBLY_PLATE-1__PICKEDSET2","ROCK","",  -821.015E-03,      -2.11890,      -2.05084,  -889.079E-03,   289.322E-03
F:/Desktop/DeepOnet_Abaqus/StaticElasticJob.odb,Step-1,Increment      1: Step Time =    1.000,"PLATE-1",            87,             1,  -462.093E-03,  -472.204E-03,            0.,"ASSEMBLY_PLATE-1__PICKEDSET2","ROCK","",  -985.407E-03,      -1.87311,      -1.84384,      -1.01467,   158.491E-03
F:/Desktop/DeepOnet_Abaqus/StaticElasticJob.odb,Step-1,Increment      1: Step Time =    1.000,"PLATE-1",            88,             1,  -730.086E-03,   129.791E-03,            0.,"ASSEMBLY_PLATE-1__PICKEDSET2","ROCK","",      -1.13228,      -1.60305,      -1.59443,      -1.14090,  -63.1161E-03
F:/Desktop/DeepOnet_Abaqus/StaticElasticJob.odb,Step-1,Increment      1: Step Time =    1.000,"PLATE-1",            89,             1,   820.932E-03,   193.147E-03,            0.,"ASSEMBLY_PLATE-1__PICKEDSET2","ROCK","",      -1.02703,      -1.66867,      -1.66241,      -1.03329,   63.0849E-03
F:/Desktop/DeepOnet_Abaqus/StaticElasticJob.odb,Step-1,Increment      1: Step Time =    1.000,"PLATE-1",            90,             1,  -446.377E-03,   620.036E-03,            0.,"ASSEMBLY_PLATE-1__PICKEDSET2","ROCK","",  -944.568E-03,      -1.97385,      -1.96915,  -949.268E-03,  -69.3952E-03
F:/Desktop/DeepOnet_Abaqus/StaticElasticJob.odb,Step-1,Increment      1: Step Time =    1.000,"PLATE-1",            91,             1,  -759.010E-03,  -891.379E-03,            0.,"ASSEMBLY_PLATE-1__PICKEDSET2","ROCK","",      -1.00025,      -1.80683,      -1.80340,      -1.00368,   52.5554E-03
F:/Desktop/DeepOnet_Abaqus/StaticElasticJob.odb,Step-1,Increment      1: Step Time =    1.000,"PLATE-1",            92,             1,   833.827E-03,   240.604E-03,            0.,"ASSEMBLY_PLATE-1__PICKEDSET2","ROCK","",      -1.00359,      -1.69636,      -1.68998,      -1.00997,   66.1634E-03
F:/Desktop/DeepOnet_Abaqus/StaticElasticJob.odb,Step-1,Increment      1: Step Time =    1.000,"PLATE-1",            93,             1,  -792.413E-03,  -92.9430E-03,            0.,"ASSEMBLY_PLATE-1__PICKEDSET2","ROCK","",      -1.13141,      -1.61514,      -1.60858,      -1.13797,   55.9307E-03
F:/Desktop/DeepOnet_Abaqus/StaticElasticJob.odb,Step-1,Increment      1: Step Time =    1.000,"PLATE-1",            94,             1,  -823.312E-03,   461.514E-03,            0.,"ASSEMBLY_PLATE-1__PICKEDSET2","ROCK","",      -1.01710,      -1.77060,      -1.76339,      -1.02431,  -73.3637E-03
F:/Desktop/DeepOnet_Abaqus/StaticElasticJob.odb,Step-1,Increment      1: Step Time =    1.000,"PLATE-1",            95,             1,   616.379E-03,  -851.156E-03,            0.,"ASSEMBLY_PLATE-1__PICKEDSET2","ROCK","",  -968.849E-03,      -1.82837,      -1.82555,  -971.670E-03,  -49.1575E-03
F:/Desktop/DeepOnet_Abaqus/StaticElasticJob.odb,Step-1,Increment      1: Step Time =    1.000,"PLATE-1",            96,             1,   854.443E-03,      -1.00229,            0.,"ASSEMBLY_PLATE-1__PICKEDSET2","ROCK","",  -979.290E-03,      -1.80466,      -1.80302,  -980.931E-03,  -36.7640E-03
F:/Desktop/DeepOnet_Abaqus/StaticElasticJob.odb,Step-1,Increment      1: Step Time =    1.000,"PLATE-1",            97,             1,   969.191E-03,      -1.25700,            0.,"ASSEMBLY_PLATE-1__PICKEDSET2","ROCK","",  -984.331E-03,      -1.79678,      -1.79605,  -985.056E-03,  -24.2683E-03
F:/Desktop/DeepOnet_Abaqus/StaticElasticJob.odb,Step-1,Increment      1: Step Time =    1.000,"PLATE-1",            98,             1,       1.04681,      -1.36624,            0.,"ASSEMBLY_PLATE-1__PICKEDSET2","ROCK","",  -986.568E-03,      -1.79284,      -1.79228,  -987.126E-03,  -21.1972E-03
F:/Desktop/DeepOnet_Abaqus/StaticElasticJob.odb,Step-1,Increment      1: Step Time =    1.000,"PLATE-1",            99,             1,       1.28350,      -1.39095,            0.,"ASSEMBLY_PLATE-1__PICKEDSET2","ROCK","",  -989.156E-03,      -1.78568,      -1.78506,  -989.786E-03,  -22.3785E-03
F:/Desktop/DeepOnet_Abaqus/StaticElasticJob.odb,Step-1,Increment      1: Step Time =    1.000,"PLATE-1",           100,             1,       1.35055,      -1.54137,            0.,"ASSEMBLY_PLATE-1__PICKEDSET2","ROCK","",  -990.913E-03,      -1.78341,      -1.78295,  -991.375E-03,  -19.1418E-03
F:/Desktop/DeepOnet_Abaqus/StaticElasticJob.odb,Step-1,Increment      1: Step Time =    1.000,"PLATE-1",           101,             1,       1.45195,      -1.54786,            0.,"ASSEMBLY_PLATE-1__PICKEDSET2","ROCK","",  -991.715E-03,      -1.78106,      -1.78057,  -992.208E-03,  -19.7298E-03
F:/Desktop/DeepOnet_Abaqus/StaticElasticJob.odb,Step-1,Increment      1: Step Time =    1.000,"PLATE-1",           102,             1,       1.55348,      -1.45001,            0.,"ASSEMBLY_PLATE-1__PICKEDSET2","ROCK","",  -992.281E-03,      -1.77904,      -1.77843,  -992.889E-03,  -21.8610E-03
F:/Desktop/DeepOnet_Abaqus/StaticElasticJob.odb,Step-1,Increment      1: Step Time =    1.000,"PLATE-1",           103,             1,       1.55672,      -1.25322,            0.,"ASSEMBLY_PLATE-1__PICKEDSET2","ROCK","",  -991.826E-03,      -1.77814,      -1.77726,  -992.707E-03,  -26.3157E-03
F:/Desktop/DeepOnet_Abaqus/StaticElasticJob.odb,Step-1,Increment      1: Step Time =    1.000,"PLATE-1",           104,             1,       1.45461,      -1.17207,            0.,"ASSEMBLY_PLATE-1__PICKEDSET2","ROCK","",  -990.421E-03,      -1.77983,      -1.77878,  -991.474E-03,  -28.8148E-03
F:/Desktop/DeepOnet_Abaqus/StaticElasticJob.odb,Step-1,Increment      1: Step Time =    1.000,"PLATE-1",           105,             1,       1.54432,  -955.328E-03,            0.,"ASSEMBLY_PLATE-1__PICKEDSET2","ROCK","",  -992.893E-03,      -1.77332,      -1.77185,  -994.361E-03,  -33.8210E-03
F:/Desktop/DeepOnet_Abaqus/StaticElasticJob.odb,Step-1,Increment      1: Step Time =    1.000,"PLATE-1",           106,             1,       1.39658,  -665.674E-03,            0.,"ASSEMBLY_PLATE-1__PICKEDSET2","ROCK","",  -995.147E-03,      -1.76517,      -1.76271,  -997.611E-03,  -43.4871E-03
F:/Desktop/DeepOnet_Abaqus/StaticElasticJob.odb,Step-1,Increment      1: Step Time =    1.000,"PLATE-1",           107,             1,       1.07290,  -523.285E-03,            0.,"ASSEMBLY_PLATE-1__PICKEDSET2","ROCK","",  -996.196E-03,      -1.76227,      -1.75747,      -1.00099,  -60.4315E-03
F:/Desktop/DeepOnet_Abaqus/StaticElasticJob.odb,Step-1,Increment      1: Step Time =    1.000,"PLATE-1",           108,             1,   873.168E-03,  -397.234E-03,            0.,"ASSEMBLY_PLATE-1__PICKEDSET2","ROCK","",      -1.00479,      -1.74844,      -1.73886,      -1.01437,  -83.8685E-03
F:/Desktop/DeepOnet_Abaqus/StaticElasticJob.odb,Step-1,Increment      1: Step Time =    1.000,"PLATE-1",           109,             1,   690.618E-03,  -61.5072E-03,            0.,"ASSEMBLY_PLATE-1__PICKEDSET2","ROCK","",      -1.11854,      -1.56510,      -1.56061,      -1.12303,  -44.5653E-03
F:/Desktop/DeepOnet_Abaqus/StaticElasticJob.odb,Step-1,Increment      1: Step Time =    1.000,"PLATE-1",           110,             1,   481.517E-03,   151.052E-03,            0.,"ASSEMBLY_PLATE-1__PICKEDSET2","ROCK","",  -946.970E-03,      -1.64767,      -1.46462,      -1.13002,   307.825E-03
F:/Desktop/DeepOnet_Abaqus/StaticElasticJob.odb,Step-1,Increment      1: Step Time =    1.000,"PLATE-1",           111,             1,  -236.775E-03,   896.860E-03,            0.,"ASSEMBLY_PLATE-1__PICKEDSET2","ROCK","",      -1.02091,      -2.07993,      -2.07842,      -1.02242,   39.9250E-03
F:/Desktop/DeepOnet_Abaqus/StaticElasticJob.odb,Step-1,Increment      1: Step Time =    1.000,"PLATE-1",           112,             1,  -390.743E-03,       1.07615,            0.,"ASSEMBLY_PLATE-1__PICKEDSET2","ROCK","",  -944.491E-03,      -1.98376,      -1.94870,  -979.552E-03,   187.639E-03
F:/Desktop/DeepOnet_Abaqus/StaticElasticJob.odb,Step-1,Increment      1: Step Time =    1.000,"PLATE-1",           113,             1,  -486.251E-03,       1.25125,            0.,"ASSEMBLY_PLATE-1__PICKEDSET2","ROCK","",      -1.02728,      -1.68380,      -1.60435,      -1.10673,   214.125E-03
F:/Desktop/DeepOnet_Abaqus/StaticElasticJob.odb,Step-1,Increment      1: Step Time =    1.000,"PLATE-1",           114,             1,  -602.973E-03,       1.37286,            0.,"ASSEMBLY_PLATE-1__PICKEDSET2","ROCK","",      -1.09696,      -1.55273,      -1.53248,      -1.11721,   93.9194E-03
F:/Desktop/DeepOnet_Abaqus/StaticElasticJob.odb,Step-1,Increment      1: Step Time =    1.000,"PLATE-1",           115,             1,  -748.473E-03,       1.39453,            0.,"ASSEMBLY_PLATE-1__PICKEDSET2","ROCK","",      -1.08235,      -1.59975,      -1.59455,      -1.08755,   51.5995E-03
F:/Desktop/DeepOnet_Abaqus/StaticElasticJob.odb,Step-1,Increment      1: Step Time =    1.000,"PLATE-1",           116,             1,  -863.525E-03,       1.54451,            0.,"ASSEMBLY_PLATE-1__PICKEDSET2","ROCK","",      -1.07544,      -1.60848,      -1.60842,      -1.07550,  -5.54119E-03
F:/Desktop/DeepOnet_Abaqus/StaticElasticJob.odb,Step-1,Increment      1: Step Time =    1.000,"PLATE-1",           117,             1,  -965.394E-03,       1.54057,            0.,"ASSEMBLY_PLATE-1__PICKEDSET2","ROCK","",      -1.06441,      -1.63554,      -1.63552,      -1.06444,  -4.08634E-03
F:/Desktop/DeepOnet_Abaqus/StaticElasticJob.odb,Step-1,Increment      1: Step Time =    1.000,"PLATE-1",           118,             1,  -851.878E-03,       1.35118,            0.,"ASSEMBLY_PLATE-1__PICKEDSET2","ROCK","",      -1.06617,      -1.64446,      -1.64032,      -1.07031,   48.7634E-03
F:/Desktop/DeepOnet_Abaqus/StaticElasticJob.odb,Step-1,Increment      1: Step Time =    1.000,"PLATE-1",           119,             1,  -950.856E-03,       1.15039,            0.,"ASSEMBLY_PLATE-1__PICKEDSET2","ROCK","",      -1.02232,      -1.72819,      -1.72357,      -1.02694,   56.9563E-03
F:/Desktop/DeepOnet_Abaqus/StaticElasticJob.odb,Step-1,Increment      1: Step Time =    1.000,"PLATE-1",           120,             1,  -883.796E-03,       1.06651,            0.,"ASSEMBLY_PLATE-1__PICKEDSET2","ROCK","",      -1.00554,      -1.76037,      -1.75492,      -1.01099,   63.9212E-03
F:/Desktop/DeepOnet_Abaqus/StaticElasticJob.odb,Step-1,Increment      1: Step Time =    1.000,"PLATE-1",           121,             1,  -889.027E-03,   925.395E-03,            0.,"ASSEMBLY_PLATE-1__PICKEDSET2","ROCK","",  -991.297E-03,      -1.79376,      -1.79187,  -993.189E-03,   38.9173E-03
F:/Desktop/DeepOnet_Abaqus/StaticElasticJob.odb,Step-1,Increment      1: Step Time =    1.000,"PLATE-1",           122,             1,  -938.499E-03,   836.293E-03,            0.,"ASSEMBLY_PLATE-1__PICKEDSET2","ROCK","",  -991.647E-03,      -1.79555,      -1.79514,  -992.054E-03,   18.0690E-03
F:/Desktop/DeepOnet_Abaqus/StaticElasticJob.odb,Step-1,Increment      1: Step Time =    1.000,"PLATE-1",           123,             1,  -931.619E-03,   569.388E-03,            0.,"ASSEMBLY_PLATE-1__PICKEDSET2","ROCK","",      -1.00720,      -1.78164,      -1.77984,      -1.00899,  -37.2605E-03
F:/Desktop/DeepOnet_Abaqus/StaticElasticJob.odb,Step-1,Increment      1: Step Time =    1.000,"PLATE-1",           124,             1,  -998.783E-03,   442.602E-03,            0.,"ASSEMBLY_PLATE-1__PICKEDSET2","ROCK","",      -1.02906,      -1.74926,      -1.74699,      -1.03133,  -40.3510E-03
F:/Desktop/DeepOnet_Abaqus/StaticElasticJob.odb,Step-1,Increment      1: Step Time =    1.000,"PLATE-1",           125,             1,      -1.00026,   159.680E-03,            0.,"ASSEMBLY_PLATE-1__PICKEDSET2","ROCK","",      -1.07781,      -1.68601,      -1.68542,      -1.07840,  -18.9024E-03
F:/Desktop/DeepOnet_Abaqus/StaticElasticJob.odb,Step-1,Increment      1: Step Time =    1.000,"PLATE-1",           126,             1,  -892.073E-03,   47.7914E-03,            0.,"ASSEMBLY_PLATE-1__PICKEDSET2","ROCK","",      -1.11100,      -1.64238,      -1.64238,      -1.11101,   1.30537E-03
F:/Desktop/DeepOnet_Abaqus/StaticElasticJob.odb,Step-1,Increment      1: Step Time =    1.000,"PLATE-1",           127,             1,  -975.936E-03,   2.98884E-03,            0.,"ASSEMBLY_PLATE-1__PICKEDSET2","ROCK","",      -1.09212,      -1.66937,      -1.66891,      -1.09258,   16.3067E-03
F:/Desktop/DeepOnet_Abaqus/StaticElasticJob.odb,Step-1,Increment      1: Step Time =    1.000,"PLATE-1",           128,             1,  -927.040E-03,  -251.758E-03,            0.,"ASSEMBLY_PLATE-1__PICKEDSET2","ROCK","",      -1.06565,      -1.70931,      -1.70071,      -1.07426,   73.9176E-03
F:/Desktop/DeepOnet_Abaqus/StaticElasticJob.odb,Step-1,Increment      1: Step Time =    1.000,"PLATE-1",           129,             1,  -849.518E-03,  -358.461E-03,            0.,"ASSEMBLY_PLATE-1__PICKEDSET2","ROCK","",      -1.04546,      -1.74097,      -1.72828,      -1.05814,   93.0671E-03
F:/Desktop/DeepOnet_Abaqus/StaticElasticJob.odb,Step-1,Increment      1: Step Time =    1.000,"PLATE-1",           130,             1,  -957.502E-03,  -484.469E-03,            0.,"ASSEMBLY_PLATE-1__PICKEDSET2","ROCK","",      -1.03038,      -1.75920,      -1.75177,      -1.03780,   73.1887E-03
F:/Desktop/DeepOnet_Abaqus/StaticElasticJob.odb,Step-1,Increment      1: Step Time =    1.000,"PLATE-1",           131,             1,  -942.767E-03,  -746.683E-03,            0.,"ASSEMBLY_PLATE-1__PICKEDSET2","ROCK","",      -1.01103,      -1.78622,      -1.78198,      -1.01527,   57.1628E-03
F:/Desktop/DeepOnet_Abaqus/StaticElasticJob.odb,Step-1,Increment      1: Step Time =    1.000,"PLATE-1",           132,             1,      -1.04232,  -766.311E-03,            0.,"ASSEMBLY_PLATE-1__PICKEDSET2","ROCK","",      -1.01265,      -1.78087,      -1.77735,      -1.01616,   51.8352E-03
F:/Desktop/DeepOnet_Abaqus/StaticElasticJob.odb,Step-1,Increment      1: Step Time =    1.000,"PLATE-1",           133,             1,  -919.563E-03,  -998.060E-03,            0.,"ASSEMBLY_PLATE-1__PICKEDSET2","ROCK","",      -1.00422,      -1.79397,      -1.79177,      -1.00642,   41.6399E-03
F:/Desktop/DeepOnet_Abaqus/StaticElasticJob.odb,Step-1,Increment      1: Step Time =    1.000,"PLATE-1",           134,             1,  -907.808E-03,      -1.25703,            0.,"ASSEMBLY_PLATE-1__PICKEDSET2","ROCK","",      -1.00248,      -1.79290,      -1.79184,      -1.00353,   28.8847E-03
F:/Desktop/DeepOnet_Abaqus/StaticElasticJob.odb,Step-1,Increment      1: Step Time =    1.000,"PLATE-1",           135,             1,  -972.296E-03,      -1.43983,            0.,"ASSEMBLY_PLATE-1__PICKEDSET2","ROCK","",      -1.00337,      -1.78790,      -1.78726,      -1.00402,   22.4557E-03
F:/Desktop/DeepOnet_Abaqus/StaticElasticJob.odb,Step-1,Increment      1: Step Time =    1.000,"PLATE-1",           136,             1,      -1.06417,      -1.46348,            0.,"ASSEMBLY_PLATE-1__PICKEDSET2","ROCK","",      -1.00423,      -1.78462,      -1.78403,      -1.00483,   21.5436E-03
F:/Desktop/DeepOnet_Abaqus/StaticElasticJob.odb,Step-1,Increment      1: Step Time =    1.000,"PLATE-1",           137,             1,      -1.15200,      -1.55630,            0.,"ASSEMBLY_PLATE-1__PICKEDSET2","ROCK","",      -1.00477,      -1.78147,      -1.78100,      -1.00525,   19.2011E-03
F:/Desktop/DeepOnet_Abaqus/StaticElasticJob.odb,Step-1,Increment      1: Step Time =    1.000,"PLATE-1",           138,             1,      -1.34910,      -1.55417,            0.,"ASSEMBLY_PLATE-1__PICKEDSET2","ROCK","",      -1.00576,      -1.77711,      -1.77665,      -1.00622,   18.8019E-03
F:/Desktop/DeepOnet_Abaqus/StaticElasticJob.odb,Step-1,Increment      1: Step Time =    1.000,"PLATE-1",           139,             1,      -1.54954,      -1.55052,            0.,"ASSEMBLY_PLATE-1__PICKEDSET2","ROCK","",      -1.00629,      -1.77341,      -1.77297,      -1.00674,   18.3938E-03
F:/Desktop/DeepOnet_Abaqus/StaticElasticJob.odb,Step-1,Increment      1: Step Time =    1.000,"PLATE-1",           140,             1,      -1.44876,      -1.55178,            0.,"ASSEMBLY_PLATE-1__PICKEDSET2","ROCK","",      -1.00599,      -1.77531,      -1.77487,      -1.00644,   18.5384E-03
F:/Desktop/DeepOnet_Abaqus/StaticElasticJob.odb,Step-1,Increment      1: Step Time =    1.000,"PLATE-1",           141,             1,  -158.172E-03,  -193.634E-03,            0.,"ASSEMBLY_PLATE-1__PICKEDSET2","ROCK","",  -44.9850E-03,      -2.86517,      -2.70867,  -201.482E-03,   645.646E-03
F:/Desktop/DeepOnet_Abaqus/StaticElasticJob.odb,Step-1,Increment      1: Step Time =    1.000,"PLATE-1",           142,             1,  -272.272E-03,  -125.012E-03,            0.,"ASSEMBLY_PLATE-1__PICKEDSET2","ROCK","",  -323.309E-03,      -2.56992,  -786.167E-03,      -2.10707,   908.640E-03
F:/Desktop/DeepOnet_Abaqus/StaticElasticJob.odb,Step-1,Increment      1: Step Time =    1.000,"PLATE-1",           143,             1,  -309.408E-03,  -112.977E-03,            0.,"ASSEMBLY_PLATE-1__PICKEDSET2","ROCK","",  -451.561E-03,      -2.16680,  -866.581E-03,      -1.75178,   734.586E-03
F:/Desktop/DeepOnet_Abaqus/StaticElasticJob.odb,Step-1,Increment      1: Step Time =    1.000,"PLATE-1",           144,             1,  -279.570E-03,  -44.1242E-03,            0.,"ASSEMBLY_PLATE-1__PICKEDSET2","ROCK","",  -116.553E-03,      -1.55015,  -116.596E-03,      -1.55011,   7.85355E-03
F:/Desktop/DeepOnet_Abaqus/StaticElasticJob.odb,Step-1,Increment      1: Step Time =    1.000,"PLATE-1",           145,             1,  -266.787E-03,   40.5739E-03,            0.,"ASSEMBLY_PLATE-1__PICKEDSET2","ROCK","",  -169.128E-03,      -1.65280,  -431.438E-03,      -1.39049,  -566.017E-03
F:/Desktop/DeepOnet_Abaqus/StaticElasticJob.odb,Step-1,Increment      1: Step Time =    1.000,"PLATE-1",           146,             1,  -197.150E-03,   137.349E-03,            0.,"ASSEMBLY_PLATE-1__PICKEDSET2","ROCK","",  -125.227E-03,      -2.35048,      -1.41675,      -1.05895,      -1.09815
F:/Desktop/DeepOnet_Abaqus/StaticElasticJob.odb,Step-1,Increment      1: Step Time =    1.000,"PLATE-1",           147,             1,  -95.4351E-03,   238.327E-03,            0.,"ASSEMBLY_PLATE-1__PICKEDSET2","ROCK","",  -458.143E-03,      -2.95641,      -2.84496,  -569.593E-03,  -515.761E-03
F:/Desktop/DeepOnet_Abaqus/StaticElasticJob.odb,Step-1,Increment      1: Step Time =    1.000,"PLATE-1",           148,             1,  -16.2587E-03,   231.279E-03,            0.,"ASSEMBLY_PLATE-1__PICKEDSET2","ROCK","",  -344.086E-03,      -3.43090,      -3.42715,  -347.839E-03,  -107.575E-03
F:/Desktop/DeepOnet_Abaqus/StaticElasticJob.odb,Step-1,Increment      1: Step Time =    1.000,"PLATE-1",           149,             1,   174.509E-03,   229.364E-03,            0.,"ASSEMBLY_PLATE-1__PICKEDSET2","ROCK","",  -503.041E-03,      -2.62975,      -2.39136,  -741.431E-03,   670.936E-03
F:/Desktop/DeepOnet_Abaqus/StaticElasticJob.odb,Step-1,Increment      1: Step Time =    1.000,"PLATE-1",           150,             1,   211.554E-03,   319.672E-03,            0.,"ASSEMBLY_PLATE-1__PICKEDSET2","ROCK","",  -723.975E-03,      -2.29580,      -2.21187,  -807.904E-03,   353.380E-03
F:/Desktop/DeepOnet_Abaqus/StaticElasticJob.odb,Step-1,Increment      1: Step Time =    1.000,"PLATE-1",           151,             1,   810.481E-03,  -423.858E-03,            0.,"ASSEMBLY_PLATE-1__PICKEDSET2","ROCK","",  -999.333E-03,      -1.76007,      -1.74839,      -1.01101,  -93.5400E-03
F:/Desktop/DeepOnet_Abaqus/StaticElasticJob.odb,Step-1,Increment      1: Step Time =    1.000,"PLATE-1",           152,             1,   978.464E-03,  -607.199E-03,            0.,"ASSEMBLY_PLATE-1__PICKEDSET2","ROCK","",  -989.442E-03,      -1.77626,      -1.77131,  -994.394E-03,  -62.2239E-03
F:/Desktop/DeepOnet_Abaqus/StaticElasticJob.odb,Step-1,Increment      1: Step Time =    1.000,"PLATE-1",           153,             1,       1.10882,  -713.935E-03,            0.,"ASSEMBLY_PLATE-1__PICKEDSET2","ROCK","",  -988.923E-03,      -1.77741,      -1.77412,  -992.212E-03,  -50.8200E-03
F:/Desktop/DeepOnet_Abaqus/StaticElasticJob.odb,Step-1,Increment      1: Step Time =    1.000,"PLATE-1",           154,             1,       1.25989,  -981.773E-03,            0.,"ASSEMBLY_PLATE-1__PICKEDSET2","ROCK","",  -988.128E-03,      -1.78232,      -1.78072,  -989.731E-03,  -35.6552E-03
F:/Desktop/DeepOnet_Abaqus/StaticElasticJob.odb,Step-1,Increment      1: Step Time =    1.000,"PLATE-1",           155,             1,       1.34133,  -978.600E-03,            0.,"ASSEMBLY_PLATE-1__PICKEDSET2","ROCK","",  -989.435E-03,      -1.77960,      -1.77801,  -991.029E-03,  -35.4553E-03
F:/Desktop/DeepOnet_Abaqus/StaticElasticJob.odb,Step-1,Increment      1: Step Time =    1.000,"PLATE-1",           156,             1,       1.43955,      -1.07209,            0.,"ASSEMBLY_PLATE-1__PICKEDSET2","ROCK","",  -990.500E-03,      -1.77871,      -1.77744,  -991.770E-03,  -31.6140E-03
F:/Desktop/DeepOnet_Abaqus/StaticElasticJob.odb,Step-1,Increment      1: Step Time =    1.000,"PLATE-1",           157,             1,   179.254E-03,   154.310E-03,            0.,"ASSEMBLY_PLATE-1__PICKEDSET2","ROCK","",  -139.772E-03,      -2.74035,      -1.86026,      -1.01986,       1.23052
F:/Desktop/DeepOnet_Abaqus/StaticElasticJob.odb,Step-1,Increment      1: Step Time =    1.000,"PLATE-1",           158,             1,   245.641E-03,   87.4824E-03,            0.,"ASSEMBLY_PLATE-1__PICKEDSET2","ROCK","",  -130.625E-03,      -1.99300,  -807.334E-03,      -1.31629,   895.741E-03
F:/Desktop/DeepOnet_Abaqus/StaticElasticJob.odb,Step-1,Increment      1: Step Time =    1.000,"PLATE-1",           159,             1,   272.363E-03,   20.1585E-03,            0.,"ASSEMBLY_PLATE-1__PICKEDSET2","ROCK","",  -110.488E-03,      -1.55391,  -267.831E-03,      -1.39656,   449.838E-03
F:/Desktop/DeepOnet_Abaqus/StaticElasticJob.odb,Step-1,Increment      1: Step Time =    1.000,"PLATE-1",           160,             1,   273.607E-03,  -1.11882E-03,            0.,"ASSEMBLY_PLATE-1__PICKEDSET2","ROCK","",  -111.234E-03,      -1.45926,  -185.951E-03,      -1.38454,   308.445E-03
F:/Desktop/DeepOnet_Abaqus/StaticElasticJob.odb,Step-1,Increment      1: Step Time =    1.000,"PLATE-1",           161,             1,   276.027E-03,  -41.8937E-03,            0.,"ASSEMBLY_PLATE-1__PICKEDSET2","ROCK","",  -90.7970E-03,      -1.43492,  -91.4856E-03,      -1.43423,   30.4166E-03
F:/Desktop/DeepOnet_Abaqus/StaticElasticJob.odb,Step-1,Increment      1: Step Time =    1.000,"PLATE-1",           162,             1,  -91.5679E-03,       1.56503,            0.,"ASSEMBLY_PLATE-1__PICKEDSET2","ROCK","",  -225.638E-03,      -1.52396,  -964.599E-03,  -784.994E-03,  -642.917E-03
F:/Desktop/DeepOnet_Abaqus/StaticElasticJob.odb,Step-1,Increment      1: Step Time =    1.000,"PLATE-1",           163,             1,  -181.501E-03,       1.56544,            0.,"ASSEMBLY_PLATE-1__PICKEDSET2","ROCK","",  -542.065E-03,      -1.46065,  -946.798E-03,      -1.05592,  -456.040E-03
F:/Desktop/DeepOnet_Abaqus/StaticElasticJob.odb,Step-1,Increment      1: Step Time =    1.000,"PLATE-1",           164,             1,  -276.524E-03,       1.56461,            0.,"ASSEMBLY_PLATE-1__PICKEDSET2","ROCK","",  -800.146E-03,      -1.42433,      -1.08627,      -1.13821,  -311.011E-03
F:/Desktop/DeepOnet_Abaqus/StaticElasticJob.odb,Step-1,Increment      1: Step Time =    1.000,"PLATE-1",           165,             1,  -371.991E-03,       1.56283,            0.,"ASSEMBLY_PLATE-1__PICKEDSET2","ROCK","",      -1.04282,      -1.36553,      -1.22848,      -1.17987,  -159.516E-03
F:/Desktop/DeepOnet_Abaqus/StaticElasticJob.odb,Step-1,Increment      1: Step Time =    1.000,"PLATE-1",           166,             1,  -469.121E-03,       1.55419,            0.,"ASSEMBLY_PLATE-1__PICKEDSET2","ROCK","",      -1.11504,      -1.38781,      -1.35774,      -1.14511,  -85.4277E-03
F:/Desktop/DeepOnet_Abaqus/StaticElasticJob.odb,Step-1,Increment      1: Step Time =    1.000,"PLATE-1",           167,             1,  -569.279E-03,       1.55079,            0.,"ASSEMBLY_PLATE-1__PICKEDSET2","ROCK","",      -1.12967,      -1.45375,      -1.44748,      -1.13593,  -44.6191E-03
F:/Desktop/DeepOnet_Abaqus/StaticElasticJob.odb,Step-1,Increment      1: Step Time =    1.000,"PLATE-1",           168,             1,  -580.294E-03,       1.45745,            0.,"ASSEMBLY_PLATE-1__PICKEDSET2","ROCK","",      -1.13842,      -1.47234,      -1.46878,      -1.14198,   34.2926E-03
F:/Desktop/DeepOnet_Abaqus/StaticElasticJob.odb,Step-1,Increment      1: Step Time =    1.000,"PLATE-1",           169,             1,  -501.575E-03,       1.42352,            0.,"ASSEMBLY_PLATE-1__PICKEDSET2","ROCK","",      -1.14173,      -1.42912,      -1.41612,      -1.15473,   59.7181E-03
F:/Desktop/DeepOnet_Abaqus/StaticElasticJob.odb,Step-1,Increment      1: Step Time =    1.000,"PLATE-1",           170,             1,  -463.381E-03,       1.32034,            0.,"ASSEMBLY_PLATE-1__PICKEDSET2","ROCK","",      -1.06096,      -1.56257,      -1.47876,      -1.14478,   187.127E-03
F:/Desktop/DeepOnet_Abaqus/StaticElasticJob.odb,Step-1,Increment      1: Step Time =    1.000,"PLATE-1",           171,             1,  -262.174E-03,       1.24976,            0.,"ASSEMBLY_PLATE-1__PICKEDSET2","ROCK","",  -838.813E-03,      -1.89459,      -1.49673,      -1.23668,   511.625E-03
F:/Desktop/DeepOnet_Abaqus/StaticElasticJob.odb,Step-1,Increment      1: Step Time =    1.000,"PLATE-1",           172,             1,  -252.500E-03,       1.15274,            0.,"ASSEMBLY_PLATE-1__PICKEDSET2","ROCK","",  -857.904E-03,      -2.21801,      -2.11391,  -962.000E-03,   361.587E-03
F:/Desktop/DeepOnet_Abaqus/StaticElasticJob.odb,Step-1,Increment      1: Step Time =    1.000,"PLATE-1",           173,             1,  -100.648E-03,       1.23875,            0.,"ASSEMBLY_PLATE-1__PICKEDSET2","ROCK","",  -446.807E-03,      -2.77092,      -1.39578,      -1.82194,       1.14235
F:/Desktop/DeepOnet_Abaqus/StaticElasticJob.odb,Step-1,Increment      1: Step Time =    1.000,"PLATE-1",           174,             1,  -193.750E-03,       1.40797,            0.,"ASSEMBLY_PLATE-1__PICKEDSET2","ROCK","",  -643.818E-03,      -1.36568,  -644.102E-03,      -1.36540,   14.3326E-03
F:/Desktop/DeepOnet_Abaqus/StaticElasticJob.odb,Step-1,Increment      1: Step Time =    1.000,"PLATE-1",           175,             1,  -66.9853E-03,       1.48001,            0.,"ASSEMBLY_PLATE-1__PICKEDSET2","ROCK","",  -78.4586E-03,      -1.10819,  -409.261E-03,  -777.385E-03,  -480.839E-03
F:/Desktop/DeepOnet_Abaqus/StaticElasticJob.odb,Step-1,Increment      1: Step Time =    1.000,"PLATE-1",           176,             1,  -668.125E-03,       1.55535,            0.,"ASSEMBLY_PLATE-1__PICKEDSET2","ROCK","",      -1.10281,      -1.52558,      -1.52418,      -1.10421,  -24.2882E-03
F:/Desktop/DeepOnet_Abaqus/StaticElasticJob.odb,Step-1,Increment      1: Step Time =    1.000,"PLATE-1",           177,             1,      -1.06512,       1.54635,            0.,"ASSEMBLY_PLATE-1__PICKEDSET2","ROCK","",      -1.05587,      -1.65874,      -1.65873,      -1.05588,  -2.43732E-03
F:/Desktop/DeepOnet_Abaqus/StaticElasticJob.odb,Step-1,Increment      1: Step Time =    1.000,"PLATE-1",           178,             1,  -984.090E-03,       1.42894,            0.,"ASSEMBLY_PLATE-1__PICKEDSET2","ROCK","",      -1.06085,      -1.65323,      -1.65245,      -1.06163,   21.5639E-03
F:/Desktop/DeepOnet_Abaqus/StaticElasticJob.odb,Step-1,Increment      1: Step Time =    1.000,"PLATE-1",           179,             1,      -1.00897,       1.33009,            0.,"ASSEMBLY_PLATE-1__PICKEDSET2","ROCK","",      -1.04755,      -1.67877,      -1.67675,      -1.04956,   35.6369E-03
F:/Desktop/DeepOnet_Abaqus/StaticElasticJob.odb,Step-1,Increment      1: Step Time =    1.000,"PLATE-1",           180,             1,      -1.10056,       1.15992,            0.,"ASSEMBLY_PLATE-1__PICKEDSET2","ROCK","",      -1.02656,      -1.72337,      -1.72138,      -1.02855,   37.1892E-03
F:/Desktop/DeepOnet_Abaqus/StaticElasticJob.odb,Step-1,Increment      1: Step Time =    1.000,"PLATE-1",           181,             1,      -1.02198,       1.07909,            0.,"ASSEMBLY_PLATE-1__PICKEDSET2","ROCK","",      -1.01534,      -1.74361,      -1.74089,      -1.01806,   44.4398E-03
F:/Desktop/DeepOnet_Abaqus/StaticElasticJob.odb,Step-1,Increment      1: Step Time =    1.000,"PLATE-1",           182,             1,      -1.10075,   894.911E-03,            0.,"ASSEMBLY_PLATE-1__PICKEDSET2","ROCK","",      -1.00700,      -1.76445,      -1.76393,      -1.00753,   19.9859E-03
F:/Desktop/DeepOnet_Abaqus/StaticElasticJob.odb,Step-1,Increment      1: Step Time =    1.000,"PLATE-1",           183,             1,      -1.05509,   752.469E-03,            0.,"ASSEMBLY_PLATE-1__PICKEDSET2","ROCK","",      -1.00506,      -1.77600,      -1.77600,      -1.00506,   1.45472E-03
F:/Desktop/DeepOnet_Abaqus/StaticElasticJob.odb,Step-1,Increment      1: Step Time =    1.000,"PLATE-1",           184,             1,      -1.14995,   629.314E-03,            0.,"ASSEMBLY_PLATE-1__PICKEDSET2","ROCK","",      -1.01510,      -1.76089,      -1.76081,      -1.01518,  -7.59701E-03
F:/Desktop/DeepOnet_Abaqus/StaticElasticJob.odb,Step-1,Increment      1: Step Time =    1.000,"PLATE-1",           185,             1,      -1.17041,   560.711E-03,            0.,"ASSEMBLY_PLATE-1__PICKEDSET2","ROCK","",      -1.02057,      -1.75509,      -1.75488,      -1.02078,  -12.3555E-03
F:/Desktop/DeepOnet_Abaqus/StaticElasticJob.odb,Step-1,Increment      1: Step Time =    1.000,"PLATE-1",           186,             1,      -1.17710,   331.836E-03,            0.,"ASSEMBLY_PLATE-1__PICKEDSET2","ROCK","",      -1.04373,      -1.72789,      -1.72756,      -1.04406,  -15.0283E-03
F:/Desktop/DeepOnet_Abaqus/StaticElasticJob.odb,Step-1,Increment      1: Step Time =    1.000,"PLATE-1",           187,             1,      -1.14338,   206.589E-03,            0.,"ASSEMBLY_PLATE-1__PICKEDSET2","ROCK","",      -1.05734,      -1.71151,      -1.71139,      -1.05747,  -9.05622E-03
F:/Desktop/DeepOnet_Abaqus/StaticElasticJob.odb,Step-1,Increment      1: Step Time =    1.000,"PLATE-1",           188,             1,      -1.04935,   18.0420E-03,            0.,"ASSEMBLY_PLATE-1__PICKEDSET2","ROCK","",      -1.08034,      -1.68474,      -1.68443,      -1.08065,   13.6656E-03
F:/Desktop/DeepOnet_Abaqus/StaticElasticJob.odb,Step-1,Increment      1: Step Time =    1.000,"PLATE-1",           189,             1,  -996.775E-03,  -126.945E-03,            0.,"ASSEMBLY_PLATE-1__PICKEDSET2","ROCK","",      -1.07968,      -1.68780,      -1.68440,      -1.08308,   45.3705E-03
F:/Desktop/DeepOnet_Abaqus/StaticElasticJob.odb,Step-1,Increment      1: Step Time =    1.000,"PLATE-1",           190,             1,      -1.06650,  -260.875E-03,            0.,"ASSEMBLY_PLATE-1__PICKEDSET2","ROCK","",      -1.05609,      -1.71975,      -1.71511,      -1.06073,   55.2692E-03
F:/Desktop/DeepOnet_Abaqus/StaticElasticJob.odb,Step-1,Increment      1: Step Time =    1.000,"PLATE-1",           191,             1,      -1.12274,  -406.960E-03,            0.,"ASSEMBLY_PLATE-1__PICKEDSET2","ROCK","",      -1.03809,      -1.74354,      -1.73906,      -1.04257,   56.0223E-03
F:/Desktop/DeepOnet_Abaqus/StaticElasticJob.odb,Step-1,Increment      1: Step Time =    1.000,"PLATE-1",           192,             1,      -1.08439,  -533.883E-03,            0.,"ASSEMBLY_PLATE-1__PICKEDSET2","ROCK","",      -1.02733,      -1.75960,      -1.75476,      -1.03217,   59.3004E-03
F:/Desktop/DeepOnet_Abaqus/StaticElasticJob.odb,Step-1,Increment      1: Step Time =    1.000,"PLATE-1",           193,             1,      -1.10430,  -733.590E-03,            0.,"ASSEMBLY_PLATE-1__PICKEDSET2","ROCK","",      -1.01507,      -1.77573,      -1.77235,      -1.01845,   50.5893E-03
F:/Desktop/DeepOnet_Abaqus/StaticElasticJob.odb,Step-1,Increment      1: Step Time =    1.000,"PLATE-1",           194,             1,      -1.07104,  -878.448E-03,            0.,"ASSEMBLY_PLATE-1__PICKEDSET2","ROCK","",      -1.00963,      -1.78332,      -1.78074,      -1.01221,   44.5795E-03
F:/Desktop/DeepOnet_Abaqus/StaticElasticJob.odb,Step-1,Increment      1: Step Time =    1.000,"PLATE-1",           195,             1,      -1.04749,      -1.00331,            0.,"ASSEMBLY_PLATE-1__PICKEDSET2","ROCK","",      -1.00688,      -1.78672,      -1.78474,      -1.00886,   39.2159E-03
F:/Desktop/DeepOnet_Abaqus/StaticElasticJob.odb,Step-1,Increment      1: Step Time =    1.000,"PLATE-1",           196,             1,      -1.09737,      -1.15375,            0.,"ASSEMBLY_PLATE-1__PICKEDSET2","ROCK","",      -1.00560,      -1.78588,      -1.78458,      -1.00690,   31.8157E-03
F:/Desktop/DeepOnet_Abaqus/StaticElasticJob.odb,Step-1,Increment      1: Step Time =    1.000,"PLATE-1",           197,             1,      -1.07125,      -1.32011,            0.,"ASSEMBLY_PLATE-1__PICKEDSET2","ROCK","",      -1.00447,      -1.78608,      -1.78520,      -1.00535,   26.1279E-03
F:/Desktop/DeepOnet_Abaqus/StaticElasticJob.odb,Step-1,Increment      1: Step Time =    1.000,"PLATE-1",           198,             1,      -1.07876,      -1.38686,            0.,"ASSEMBLY_PLATE-1__PICKEDSET2","ROCK","",      -1.00433,      -1.78524,      -1.78452,      -1.00504,   23.6771E-03
F:/Desktop/DeepOnet_Abaqus/StaticElasticJob.odb,Step-1,Increment      1: Step Time =    1.000,"PLATE-1",           199,             1,      -1.01436,      -1.36219,            0.,"ASSEMBLY_PLATE-1__PICKEDSET2","ROCK","",      -1.00382,      -1.78759,      -1.78679,      -1.00462,   25.0247E-03
F:/Desktop/DeepOnet_Abaqus/StaticElasticJob.odb,Step-1,Increment      1: Step Time =    1.000,"PLATE-1",           200,             1,      -1.16257,       1.54891,            0.,"ASSEMBLY_PLATE-1__PICKEDSET2","ROCK","",      -1.04998,      -1.67134,      -1.67130,      -1.05002,  -4.98152E-03
F:/Desktop/DeepOnet_Abaqus/StaticElasticJob.odb,Step-1,Increment      1: Step Time =    1.000,"PLATE-1",           201,             1,      -1.25972,       1.54997,            0.,"ASSEMBLY_PLATE-1__PICKEDSET2","ROCK","",      -1.04458,      -1.68642,      -1.68640,      -1.04459,  -3.04963E-03
F:/Desktop/DeepOnet_Abaqus/StaticElasticJob.odb,Step-1,Increment      1: Step Time =    1.000,"PLATE-1",           202,             1,      -1.35689,       1.55027,            0.,"ASSEMBLY_PLATE-1__PICKEDSET2","ROCK","",      -1.04249,      -1.69174,      -1.69171,      -1.04252,  -4.11110E-03
F:/Desktop/DeepOnet_Abaqus/StaticElasticJob.odb,Step-1,Increment      1: Step Time =    1.000,"PLATE-1",           203,             1,      -1.36009,       1.45094,            0.,"ASSEMBLY_PLATE-1__PICKEDSET2","ROCK","",      -1.03980,      -1.69948,      -1.69945,      -1.03983,   3.91384E-03
F:/Desktop/DeepOnet_Abaqus/StaticElasticJob.odb,Step-1,Increment      1: Step Time =    1.000,"PLATE-1",           204,             1,      -1.55162,       1.54982,            0.,"ASSEMBLY_PLATE-1__PICKEDSET2","ROCK","",      -1.03733,      -1.70566,      -1.70562,      -1.03738,  -5.57143E-03
F:/Desktop/DeepOnet_Abaqus/StaticElasticJob.odb,Step-1,Increment      1: Step Time =    1.000,"PLATE-1",           205,             1,      -1.45585,       1.45076,            0.,"ASSEMBLY_PLATE-1__PICKEDSET2","ROCK","",      -1.03812,      -1.70381,      -1.70380,      -1.03813,   1.88968E-03
F:/Desktop/DeepOnet_Abaqus/StaticElasticJob.odb,Step-1,Increment      1: Step Time =    1.000,"PLATE-1",           206,             1,      -1.45725,       1.35013,            0.,"ASSEMBLY_PLATE-1__PICKEDSET2","ROCK","",      -1.03464,      -1.71178,      -1.71169,      -1.03473,   7.58074E-03
F:/Desktop/DeepOnet_Abaqus/StaticElasticJob.odb,Step-1,Increment      1: Step Time =    1.000,"PLATE-1",           207,             1,      -1.36512,       1.24703,            0.,"ASSEMBLY_PLATE-1__PICKEDSET2","ROCK","",      -1.03236,      -1.71572,      -1.71535,      -1.03273,   15.9699E-03
F:/Desktop/DeepOnet_Abaqus/StaticElasticJob.odb,Step-1,Increment      1: Step Time =    1.000,"PLATE-1",           208,             1,      -1.18187,       1.15639,            0.,"ASSEMBLY_PLATE-1__PICKEDSET2","ROCK","",      -1.02791,      -1.72206,      -1.72083,      -1.02914,   29.2438E-03
F:/Desktop/DeepOnet_Abaqus/StaticElasticJob.odb,Step-1,Increment      1: Step Time =    1.000,"PLATE-1",           209,             1,      -1.27084,       1.14457,            0.,"ASSEMBLY_PLATE-1__PICKEDSET2","ROCK","",      -1.02688,      -1.72540,      -1.72462,      -1.02766,   23.3478E-03
F:/Desktop/DeepOnet_Abaqus/StaticElasticJob.odb,Step-1,Increment      1: Step Time =    1.000,"PLATE-1",           210,             1,      -1.27017,       1.34976,            0.,"ASSEMBLY_PLATE-1__PICKEDSET2","ROCK","",      -1.03926,      -1.70058,      -1.70024,      -1.03959,   14.9055E-03
F:/Desktop/DeepOnet_Abaqus/StaticElasticJob.odb,Step-1,Increment      1: Step Time =    1.000,"PLATE-1",           211,             1,      -1.36299,       1.35002,            0.,"ASSEMBLY_PLATE-1__PICKEDSET2","ROCK","",      -1.03762,      -1.70453,      -1.70436,      -1.03779,   10.5767E-03
F:/Desktop/DeepOnet_Abaqus/StaticElasticJob.odb,Step-1,Increment      1: Step Time =    1.000,"PLATE-1",           212,             1,      -1.55316,       1.24943,            0.,"ASSEMBLY_PLATE-1__PICKEDSET2","ROCK","",      -1.03058,      -1.72162,      -1.72151,      -1.03069,   8.90424E-03
F:/Desktop/DeepOnet_Abaqus/StaticElasticJob.odb,Step-1,Increment      1: Step Time =    1.000,"PLATE-1",           213,             1,      -1.45881,       1.24842,            0.,"ASSEMBLY_PLATE-1__PICKEDSET2","ROCK","",      -1.03202,      -1.71746,      -1.71724,      -1.03223,   12.1408E-03
F:/Desktop/DeepOnet_Abaqus/StaticElasticJob.odb,Step-1,Increment      1: Step Time =    1.000,"PLATE-1",           214,             1,      -1.36637,       1.14049,            0.,"ASSEMBLY_PLATE-1__PICKEDSET2","ROCK","",      -1.02784,      -1.72483,      -1.72436,      -1.02831,   18.1044E-03
F:/Desktop/DeepOnet_Abaqus/StaticElasticJob.odb,Step-1,Increment      1: Step Time =    1.000,"PLATE-1",           215,             1,      -1.18337,   854.878E-03,            0.,"ASSEMBLY_PLATE-1__PICKEDSET2","ROCK","",      -1.01146,      -1.75821,      -1.75796,      -1.01171,   13.6448E-03
F:/Desktop/DeepOnet_Abaqus/StaticElasticJob.odb,Step-1,Increment      1: Step Time =    1.000,"PLATE-1",           216,             1,      -1.21015,   971.511E-03,            0.,"ASSEMBLY_PLATE-1__PICKEDSET2","ROCK","",      -1.01585,      -1.74748,      -1.74683,      -1.01650,   21.7693E-03
F:/Desktop/DeepOnet_Abaqus/StaticElasticJob.odb,Step-1,Increment      1: Step Time =    1.000,"PLATE-1",           217,             1,      -1.55445,       1.14920,            0.,"ASSEMBLY_PLATE-1__PICKEDSET2","ROCK","",      -1.02844,      -1.72617,      -1.72598,      -1.02863,   11.5800E-03
F:/Desktop/DeepOnet_Abaqus/StaticElasticJob.odb,Step-1,Increment      1: Step Time =    1.000,"PLATE-1",           218,             1,      -1.55665,       1.04952,            0.,"ASSEMBLY_PLATE-1__PICKEDSET2","ROCK","",      -1.02564,      -1.73258,      -1.73238,      -1.02585,   12.0765E-03
F:/Desktop/DeepOnet_Abaqus/StaticElasticJob.odb,Step-1,Increment      1: Step Time =    1.000,"PLATE-1",           219,             1,      -1.30785,       1.00435,            0.,"ASSEMBLY_PLATE-1__PICKEDSET2","ROCK","",      -1.02089,      -1.73815,      -1.73764,      -1.02141,   19.2140E-03
F:/Desktop/DeepOnet_Abaqus/StaticElasticJob.odb,Step-1,Increment      1: Step Time =    1.000,"PLATE-1",           220,             1,      -1.18935,   782.420E-03,            0.,"ASSEMBLY_PLATE-1__PICKEDSET2","ROCK","",      -1.01228,      -1.76047,      -1.76039,      -1.01236,   7.45088E-03
F:/Desktop/DeepOnet_Abaqus/StaticElasticJob.odb,Step-1,Increment      1: Step Time =    1.000,"PLATE-1",           221,             1,      -1.25567,   862.975E-03,            0.,"ASSEMBLY_PLATE-1__PICKEDSET2","ROCK","",      -1.01505,      -1.75226,      -1.75198,      -1.01533,   14.3652E-03
F:/Desktop/DeepOnet_Abaqus/StaticElasticJob.odb,Step-1,Increment      1: Step Time =    1.000,"PLATE-1",           222,             1,      -1.55880,   950.062E-03,            0.,"ASSEMBLY_PLATE-1__PICKEDSET2","ROCK","",      -1.02392,      -1.73666,      -1.73646,      -1.02412,   11.8996E-03
F:/Desktop/DeepOnet_Abaqus/StaticElasticJob.odb,Step-1,Increment      1: Step Time =    1.000,"PLATE-1",           223,             1,      -1.32885,   858.549E-03,            0.,"ASSEMBLY_PLATE-1__PICKEDSET2","ROCK","",      -1.01825,      -1.74678,      -1.74658,      -1.01846,   12.3008E-03
F:/Desktop/DeepOnet_Abaqus/StaticElasticJob.odb,Step-1,Increment      1: Step Time =    1.000,"PLATE-1",           224,             1,      -1.19662,   718.253E-03,            0.,"ASSEMBLY_PLATE-1__PICKEDSET2","ROCK","",      -1.01324,      -1.75988,      -1.75988,      -1.01324,   1.13768E-03
F:/Desktop/DeepOnet_Abaqus/StaticElasticJob.odb,Step-1,Increment      1: Step Time =    1.000,"PLATE-1",           225,             1,      -1.20084,   244.220E-03,            0.,"ASSEMBLY_PLATE-1__PICKEDSET2","ROCK","",      -1.05051,      -1.71974,      -1.71961,      -1.05064,  -9.47238E-03
F:/Desktop/DeepOnet_Abaqus/StaticElasticJob.odb,Step-1,Increment      1: Step Time =    1.000,"PLATE-1",           226,             1,      -1.38957,   241.871E-03,            0.,"ASSEMBLY_PLATE-1__PICKEDSET2","ROCK","",      -1.04032,      -1.73044,      -1.73042,      -1.04033,   2.78756E-03
F:/Desktop/DeepOnet_Abaqus/StaticElasticJob.odb,Step-1,Increment      1: Step Time =    1.000,"PLATE-1",           227,             1,      -1.47679,   242.952E-03,            0.,"ASSEMBLY_PLATE-1__PICKEDSET2","ROCK","",      -1.03682,      -1.73386,      -1.73379,      -1.03688,   6.77535E-03
F:/Desktop/DeepOnet_Abaqus/StaticElasticJob.odb,Step-1,Increment      1: Step Time =    1.000,"PLATE-1",           228,             1,      -1.55917,   148.719E-03,            0.,"ASSEMBLY_PLATE-1__PICKEDSET2","ROCK","",      -1.03551,      -1.73558,      -1.73538,      -1.03571,   11.8778E-03
F:/Desktop/DeepOnet_Abaqus/StaticElasticJob.odb,Step-1,Increment      1: Step Time =    1.000,"PLATE-1",           229,             1,      -1.55897,   49.8503E-03,            0.,"ASSEMBLY_PLATE-1__PICKEDSET2","ROCK","",      -1.03630,      -1.73541,      -1.73505,      -1.03665,   15.7160E-03
F:/Desktop/DeepOnet_Abaqus/StaticElasticJob.odb,Step-1,Increment      1: Step Time =    1.000,"PLATE-1",           230,             1,      -1.55895,  -49.8919E-03,            0.,"ASSEMBLY_PLATE-1__PICKEDSET2","ROCK","",      -1.03629,      -1.73646,      -1.73588,      -1.03687,   20.1287E-03
F:/Desktop/DeepOnet_Abaqus/StaticElasticJob.odb,Step-1,Increment      1: Step Time =    1.000,"PLATE-1",           231,             1,      -1.47531,   50.6750E-03,            0.,"ASSEMBLY_PLATE-1__PICKEDSET2","ROCK","",      -1.04057,      -1.73118,      -1.73086,      -1.04090,   15.0500E-03
F:/Desktop/DeepOnet_Abaqus/StaticElasticJob.odb,Step-1,Increment      1: Step Time =    1.000,"PLATE-1",           232,             1,      -1.47562,  -152.126E-03,            0.,"ASSEMBLY_PLATE-1__PICKEDSET2","ROCK","",      -1.03840,      -1.73553,      -1.73458,      -1.03935,   25.7040E-03
F:/Desktop/DeepOnet_Abaqus/StaticElasticJob.odb,Step-1,Increment      1: Step Time =    1.000,"PLATE-1",           233,             1,      -1.33619,  -317.529E-03,            0.,"ASSEMBLY_PLATE-1__PICKEDSET2","ROCK","",      -1.03822,      -1.73873,      -1.73662,      -1.04033,   38.3453E-03
F:/Desktop/DeepOnet_Abaqus/StaticElasticJob.odb,Step-1,Increment      1: Step Time =    1.000,"PLATE-1",           234,             1,      -1.18513,  -501.054E-03,            0.,"ASSEMBLY_PLATE-1__PICKEDSET2","ROCK","",      -1.02925,      -1.75423,      -1.75058,      -1.03290,   51.3300E-03
F:/Desktop/DeepOnet_Abaqus/StaticElasticJob.odb,Step-1,Increment      1: Step Time =    1.000,"PLATE-1",           235,             1,      -1.20377,  -347.280E-03,            0.,"ASSEMBLY_PLATE-1__PICKEDSET2","ROCK","",      -1.04114,      -1.73744,      -1.73420,      -1.04439,   47.3978E-03
F:/Desktop/DeepOnet_Abaqus/StaticElasticJob.odb,Step-1,Increment      1: Step Time =    1.000,"PLATE-1",           236,             1,      -1.30298,  -130.376E-03,            0.,"ASSEMBLY_PLATE-1__PICKEDSET2","ROCK","",      -1.04896,      -1.72436,      -1.72313,      -1.05019,   28.8019E-03
F:/Desktop/DeepOnet_Abaqus/StaticElasticJob.odb,Step-1,Increment      1: Step Time =    1.000,"PLATE-1",           237,             1,      -1.38782,  -145.759E-03,            0.,"ASSEMBLY_PLATE-1__PICKEDSET2","ROCK","",      -1.04305,      -1.73062,      -1.72951,      -1.04416,   27.5675E-03
F:/Desktop/DeepOnet_Abaqus/StaticElasticJob.odb,Step-1,Increment      1: Step Time =    1.000,"PLATE-1",           238,             1,      -1.36798,  -239.636E-03,            0.,"ASSEMBLY_PLATE-1__PICKEDSET2","ROCK","",      -1.04048,      -1.73497,      -1.73338,      -1.04208,   33.2277E-03
F:/Desktop/DeepOnet_Abaqus/StaticElasticJob.odb,Step-1,Increment      1: Step Time =    1.000,"PLATE-1",           239,             1,      -1.56029,   345.481E-03,            0.,"ASSEMBLY_PLATE-1__PICKEDSET2","ROCK","",      -1.03168,      -1.73834,      -1.73828,      -1.03174,   6.64237E-03
F:/Desktop/DeepOnet_Abaqus/StaticElasticJob.odb,Step-1,Increment      1: Step Time =    1.000,"PLATE-1",           240,             1,      -1.55205,   544.544E-03,            0.,"ASSEMBLY_PLATE-1__PICKEDSET2","ROCK","",      -1.02587,      -1.74251,      -1.74247,      -1.02591,   5.42188E-03
F:/Desktop/DeepOnet_Abaqus/StaticElasticJob.odb,Step-1,Increment      1: Step Time =    1.000,"PLATE-1",           241,             1,      -1.32323,   781.919E-03,            0.,"ASSEMBLY_PLATE-1__PICKEDSET2","ROCK","",      -1.01753,      -1.75056,      -1.75046,      -1.01764,   8.77735E-03
F:/Desktop/DeepOnet_Abaqus/StaticElasticJob.odb,Step-1,Increment      1: Step Time =    1.000,"PLATE-1",           242,             1,      -1.22727,   675.136E-03,            0.,"ASSEMBLY_PLATE-1__PICKEDSET2","ROCK","",      -1.01651,      -1.75677,      -1.75677,      -1.01651,  -1.13013E-03
F:/Desktop/DeepOnet_Abaqus/StaticElasticJob.odb,Step-1,Increment      1: Step Time =    1.000,"PLATE-1",           243,             1,      -1.39561,   770.492E-03,            0.,"ASSEMBLY_PLATE-1__PICKEDSET2","ROCK","",      -1.01989,      -1.74673,      -1.74664,      -1.01998,   8.26579E-03
F:/Desktop/DeepOnet_Abaqus/StaticElasticJob.odb,Step-1,Increment      1: Step Time =    1.000,"PLATE-1",           244,             1,      -1.47887,   853.491E-03,            0.,"ASSEMBLY_PLATE-1__PICKEDSET2","ROCK","",      -1.02162,      -1.74196,      -1.74180,      -1.02178,   10.8794E-03
F:/Desktop/DeepOnet_Abaqus/StaticElasticJob.odb,Step-1,Increment      1: Step Time =    1.000,"PLATE-1",           245,             1,      -1.55691,   751.169E-03,            0.,"ASSEMBLY_PLATE-1__PICKEDSET2","ROCK","",      -1.02261,      -1.74267,      -1.74256,      -1.02271,   8.58441E-03
F:/Desktop/DeepOnet_Abaqus/StaticElasticJob.odb,Step-1,Increment      1: Step Time =    1.000,"PLATE-1",           246,             1,      -1.55048,   648.615E-03,            0.,"ASSEMBLY_PLATE-1__PICKEDSET2","ROCK","",      -1.02367,      -1.74368,      -1.74362,      -1.02373,   6.51041E-03
F:/Desktop/DeepOnet_Abaqus/StaticElasticJob.odb,Step-1,Increment      1: Step Time =    1.000,"PLATE-1",           247,             1,      -1.48937,  -246.416E-03,            0.,"ASSEMBLY_PLATE-1__PICKEDSET2","ROCK","",      -1.03550,      -1.73947,      -1.73824,      -1.03673,   29.4038E-03
F:/Desktop/DeepOnet_Abaqus/StaticElasticJob.odb,Step-1,Increment      1: Step Time =    1.000,"PLATE-1",           248,             1,      -1.49498,  -326.098E-03,            0.,"ASSEMBLY_PLATE-1__PICKEDSET2","ROCK","",      -1.03189,      -1.74438,      -1.74295,      -1.03331,   31.8681E-03
F:/Desktop/DeepOnet_Abaqus/StaticElasticJob.odb,Step-1,Increment      1: Step Time =    1.000,"PLATE-1",           249,             1,      -1.32509,  -483.874E-03,            0.,"ASSEMBLY_PLATE-1__PICKEDSET2","ROCK","",      -1.02934,      -1.75105,      -1.74860,      -1.03179,   42.0232E-03
F:/Desktop/DeepOnet_Abaqus/StaticElasticJob.odb,Step-1,Increment      1: Step Time =    1.000,"PLATE-1",           250,             1,      -1.17567,  -693.342E-03,            0.,"ASSEMBLY_PLATE-1__PICKEDSET2","ROCK","",      -1.01808,      -1.76978,      -1.76664,      -1.02122,   48.4455E-03
F:/Desktop/DeepOnet_Abaqus/StaticElasticJob.odb,Step-1,Increment      1: Step Time =    1.000,"PLATE-1",           251,             1,      -1.54304,  -538.171E-03,            0.,"ASSEMBLY_PLATE-1__PICKEDSET2","ROCK","",      -1.02333,      -1.75509,      -1.75355,      -1.02487,   33.4571E-03
F:/Desktop/DeepOnet_Abaqus/StaticElasticJob.odb,Step-1,Increment      1: Step Time =    1.000,"PLATE-1",           252,             1,      -1.31709,  -665.553E-03,            0.,"ASSEMBLY_PLATE-1__PICKEDSET2","ROCK","",      -1.01986,      -1.76420,      -1.76178,      -1.02227,   42.3365E-03
F:/Desktop/DeepOnet_Abaqus/StaticElasticJob.odb,Step-1,Increment      1: Step Time =    1.000,"PLATE-1",           253,             1,      -1.13809,  -801.404E-03,            0.,"ASSEMBLY_PLATE-1__PICKEDSET2","ROCK","",      -1.01310,      -1.77730,      -1.77452,      -1.01588,   45.9783E-03
F:/Desktop/DeepOnet_Abaqus/StaticElasticJob.odb,Step-1,Increment      1: Step Time =    1.000,"PLATE-1",           254,             1,      -1.53762,  -643.857E-03,            0.,"ASSEMBLY_PLATE-1__PICKEDSET2","ROCK","",      -1.01990,      -1.75989,      -1.75833,      -1.02146,   33.9149E-03
F:/Desktop/DeepOnet_Abaqus/StaticElasticJob.odb,Step-1,Increment      1: Step Time =    1.000,"PLATE-1",           255,             1,      -1.33814,  -861.762E-03,            0.,"ASSEMBLY_PLATE-1__PICKEDSET2","ROCK","",      -1.01321,      -1.77198,      -1.77020,      -1.01499,   36.6988E-03
F:/Desktop/DeepOnet_Abaqus/StaticElasticJob.odb,Step-1,Increment      1: Step Time =    1.000,"PLATE-1",           256,             1,      -1.15167,  -879.240E-03,            0.,"ASSEMBLY_PLATE-1__PICKEDSET2","ROCK","",      -1.01122,      -1.77890,      -1.77661,      -1.01351,   41.8648E-03
F:/Desktop/DeepOnet_Abaqus/StaticElasticJob.odb,Step-1,Increment      1: Step Time =    1.000,"PLATE-1",           257,             1,      -1.15688,      -1.38621,            0.,"ASSEMBLY_PLATE-1__PICKEDSET2","ROCK","",      -1.00495,      -1.78295,      -1.78225,      -1.00565,   23.3465E-03
F:/Desktop/DeepOnet_Abaqus/StaticElasticJob.odb,Step-1,Increment      1: Step Time =    1.000,"PLATE-1",           258,             1,      -1.24218,      -1.37991,            0.,"ASSEMBLY_PLATE-1__PICKEDSET2","ROCK","",      -1.00552,      -1.78075,      -1.78006,      -1.00621,   23.1894E-03
F:/Desktop/DeepOnet_Abaqus/StaticElasticJob.odb,Step-1,Increment      1: Step Time =    1.000,"PLATE-1",           259,             1,      -1.33315,      -1.36973,            0.,"ASSEMBLY_PLATE-1__PICKEDSET2","ROCK","",      -1.00619,      -1.77840,      -1.77772,      -1.00688,   23.0087E-03
F:/Desktop/DeepOnet_Abaqus/StaticElasticJob.odb,Step-1,Increment      1: Step Time =    1.000,"PLATE-1",           260,             1,      -1.54181,      -1.34587,            0.,"ASSEMBLY_PLATE-1__PICKEDSET2","ROCK","",      -1.00722,      -1.77367,      -1.77304,      -1.00785,   22.0223E-03
F:/Desktop/DeepOnet_Abaqus/StaticElasticJob.odb,Step-1,Increment      1: Step Time =    1.000,"PLATE-1",           261,             1,      -1.54685,      -1.24186,            0.,"ASSEMBLY_PLATE-1__PICKEDSET2","ROCK","",      -1.00800,      -1.77314,      -1.77239,      -1.00875,   23.9139E-03
F:/Desktop/DeepOnet_Abaqus/StaticElasticJob.odb,Step-1,Increment      1: Step Time =    1.000,"PLATE-1",           262,             1,      -1.55750,      -1.04702,            0.,"ASSEMBLY_PLATE-1__PICKEDSET2","ROCK","",      -1.01043,      -1.77077,      -1.76975,      -1.01144,   27.7213E-03
F:/Desktop/DeepOnet_Abaqus/StaticElasticJob.odb,Step-1,Increment      1: Step Time =    1.000,"PLATE-1",           263,             1,      -1.41501,      -1.08694,            0.,"ASSEMBLY_PLATE-1__PICKEDSET2","ROCK","",      -1.00926,      -1.77473,      -1.77361,      -1.01039,   29.2870E-03
F:/Desktop/DeepOnet_Abaqus/StaticElasticJob.odb,Step-1,Increment      1: Step Time =    1.000,"PLATE-1",           264,             1,      -1.24374,  -968.919E-03,            0.,"ASSEMBLY_PLATE-1__PICKEDSET2","ROCK","",      -1.00989,      -1.77808,      -1.77640,      -1.01158,   35.9313E-03
F:/Desktop/DeepOnet_Abaqus/StaticElasticJob.odb,Step-1,Increment      1: Step Time =    1.000,"PLATE-1",           265,             1,      -1.34718,  -962.219E-03,            0.,"ASSEMBLY_PLATE-1__PICKEDSET2","ROCK","",      -1.01108,      -1.77411,      -1.77264,      -1.01255,   33.4723E-03
F:/Desktop/DeepOnet_Abaqus/StaticElasticJob.odb,Step-1,Increment      1: Step Time =    1.000,"PLATE-1",           266,             1,      -1.44264,  -854.500E-03,            0.,"ASSEMBLY_PLATE-1__PICKEDSET2","ROCK","",      -1.01409,      -1.76880,      -1.76726,      -1.01563,   34.0601E-03
F:/Desktop/DeepOnet_Abaqus/StaticElasticJob.odb,Step-1,Increment      1: Step Time =    1.000,"PLATE-1",           267,             1,      -1.55211,  -950.176E-03,            0.,"ASSEMBLY_PLATE-1__PICKEDSET2","ROCK","",      -1.01212,      -1.76895,      -1.76780,      -1.01327,   29.4920E-03
F:/Desktop/DeepOnet_Abaqus/StaticElasticJob.odb,Step-1,Increment      1: Step Time =    1.000,"PLATE-1",           268,             1,      -1.25024,      -1.55610,            0.,"ASSEMBLY_PLATE-1__PICKEDSET2","ROCK","",      -1.00528,      -1.77926,      -1.77880,      -1.00574,   18.9649E-03
F:/Desktop/DeepOnet_Abaqus/StaticElasticJob.odb,Step-1,Increment      1: Step Time =    1.000,"PLATE-1",           269,             1,  -950.408E-03,      -1.54190,            0.,"ASSEMBLY_PLATE-1__PICKEDSET2","ROCK","",      -1.00339,      -1.78685,      -1.78635,      -1.00389,   19.7951E-03
F:/Desktop/DeepOnet_Abaqus/StaticElasticJob.odb,Step-1,Increment      1: Step Time =    1.000,"PLATE-1",           270,             1,  -895.849E-03,      -1.38017,            0.,"ASSEMBLY_PLATE-1__PICKEDSET2","ROCK","",      -1.00257,      -1.79103,      -1.79028,      -1.00332,   24.2202E-03
F:/Desktop/DeepOnet_Abaqus/StaticElasticJob.odb,Step-1,Increment      1: Step Time =    1.000,"PLATE-1",           271,             1,  -645.656E-03,      -1.55350,            0.,"ASSEMBLY_PLATE-1__PICKEDSET2","ROCK","",      -1.00065,      -1.79407,      -1.79365,      -1.00107,   18.2075E-03
F:/Desktop/DeepOnet_Abaqus/StaticElasticJob.odb,Step-1,Increment      1: Step Time =    1.000,"PLATE-1",           272,             1,  -548.392E-03,      -1.55433,            0.,"ASSEMBLY_PLATE-1__PICKEDSET2","ROCK","",  -999.654E-03,      -1.79650,      -1.79611,      -1.00005,   17.6640E-03
F:/Desktop/DeepOnet_Abaqus/StaticElasticJob.odb,Step-1,Increment      1: Step Time =    1.000,"PLATE-1",           273,             1,  -526.827E-03,      -1.38972,            0.,"ASSEMBLY_PLATE-1__PICKEDSET2","ROCK","",  -996.931E-03,      -1.80406,      -1.80346,  -997.528E-03,   21.9282E-03
F:/Desktop/DeepOnet_Abaqus/StaticElasticJob.odb,Step-1,Increment      1: Step Time =    1.000,"PLATE-1",           274,             1,  -584.413E-03,      -1.28085,            0.,"ASSEMBLY_PLATE-1__PICKEDSET2","ROCK","",  -996.958E-03,      -1.80592,      -1.80501,  -997.869E-03,   27.1296E-03
F:/Desktop/DeepOnet_Abaqus/StaticElasticJob.odb,Step-1,Increment      1: Step Time =    1.000,"PLATE-1",           275,             1,  -564.069E-03,      -1.18547,            0.,"ASSEMBLY_PLATE-1__PICKEDSET2","ROCK","",  -994.764E-03,      -1.81170,      -1.81049,  -995.972E-03,   31.3877E-03
F:/Desktop/DeepOnet_Abaqus/StaticElasticJob.odb,Step-1,Increment      1: Step Time =    1.000,"PLATE-1",           276,             1,  -423.812E-03,      -1.00581,            0.,"ASSEMBLY_PLATE-1__PICKEDSET2","ROCK","",  -984.853E-03,      -1.83391,      -1.83175,  -987.016E-03,   42.8075E-03
F:/Desktop/DeepOnet_Abaqus/StaticElasticJob.odb,Step-1,Increment      1: Step Time =    1.000,"PLATE-1",           277,             1,  -604.945E-03,  -895.223E-03,            0.,"ASSEMBLY_PLATE-1__PICKEDSET2","ROCK","",  -993.085E-03,      -1.82297,      -1.81916,  -996.897E-03,   56.1211E-03
F:/Desktop/DeepOnet_Abaqus/StaticElasticJob.odb,Step-1,Increment      1: Step Time =    1.000,"PLATE-1",           278,             1,  -558.791E-03,  -666.691E-03,            0.,"ASSEMBLY_PLATE-1__PICKEDSET2","ROCK","",  -992.102E-03,      -1.83645,      -1.82642,      -1.00213,   91.4871E-03
F:/Desktop/DeepOnet_Abaqus/StaticElasticJob.odb,Step-1,Increment      1: Step Time =    1.000,"PLATE-1",           279,             1,  -449.847E-03,   379.000E-03,            0.,"ASSEMBLY_PLATE-1__PICKEDSET2","ROCK","",  -904.920E-03,      -1.90826,      -1.85416,  -959.020E-03,  -226.616E-03
F:/Desktop/DeepOnet_Abaqus/StaticElasticJob.odb,Step-1,Increment      1: Step Time =    1.000,"PLATE-1",           280,             1,  -483.155E-03,   597.440E-03,            0.,"ASSEMBLY_PLATE-1__PICKEDSET2","ROCK","",  -948.640E-03,      -1.94621,      -1.93968,  -955.172E-03,  -80.4568E-03
F:/Desktop/DeepOnet_Abaqus/StaticElasticJob.odb,Step-1,Increment      1: Step Time =    1.000,"PLATE-1",           281,             1,  -488.899E-03,   814.761E-03,            0.,"ASSEMBLY_PLATE-1__PICKEDSET2","ROCK","",  -954.870E-03,      -1.97380,      -1.97343,  -955.240E-03,   19.4123E-03
F:/Desktop/DeepOnet_Abaqus/StaticElasticJob.odb,Step-1,Increment      1: Step Time =    1.000,"PLATE-1",           282,             1,  -475.746E-03,       1.02935,            0.,"ASSEMBLY_PLATE-1__PICKEDSET2","ROCK","",  -952.595E-03,      -1.94021,      -1.92053,  -972.283E-03,   138.044E-03
F:/Desktop/DeepOnet_Abaqus/StaticElasticJob.odb,Step-1,Increment      1: Step Time =    1.000,"PLATE-1",           283,             1,  -439.779E-03,       1.16127,            0.,"ASSEMBLY_PLATE-1__PICKEDSET2","ROCK","",  -959.843E-03,      -1.85895,      -1.78687,      -1.03192,   244.152E-03
F:/Desktop/DeepOnet_Abaqus/StaticElasticJob.odb,Step-1,Increment      1: Step Time =    1.000,"PLATE-1",           284,             1,  -506.330E-03,       1.18195,            0.,"ASSEMBLY_PLATE-1__PICKEDSET2","ROCK","",  -978.126E-03,      -1.78444,      -1.72091,      -1.04165,   217.219E-03
F:/Desktop/DeepOnet_Abaqus/StaticElasticJob.odb,Step-1,Increment      1: Step Time =    1.000,"PLATE-1",           285,             1,  -573.106E-03,       1.20303,            0.,"ASSEMBLY_PLATE-1__PICKEDSET2","ROCK","",      -1.01664,      -1.73370,      -1.69157,      -1.05877,   168.628E-03
F:/Desktop/DeepOnet_Abaqus/StaticElasticJob.odb,Step-1,Increment      1: Step Time =    1.000,"PLATE-1",           286,             1,  -554.084E-03,       1.27426,            0.,"ASSEMBLY_PLATE-1__PICKEDSET2","ROCK","",      -1.04157,      -1.64959,      -1.59923,      -1.09194,   167.591E-03
F:/Desktop/DeepOnet_Abaqus/StaticElasticJob.odb,Step-1,Increment      1: Step Time =    1.000,"PLATE-1",           287,             1,  -547.171E-03,      -1.46749,            0.,"ASSEMBLY_PLATE-1__PICKEDSET2","ROCK","",  -998.687E-03,      -1.79917,      -1.79870,  -999.157E-03,   19.3907E-03
F:/Desktop/DeepOnet_Abaqus/StaticElasticJob.odb,Step-1,Increment      1: Step Time =    1.000,"PLATE-1",           288,             1,  -348.480E-03,      -1.54783,            0.,"ASSEMBLY_PLATE-1__PICKEDSET2","ROCK","",  -996.612E-03,      -1.80176,      -1.80149,  -996.886E-03,   14.8529E-03
F:/Desktop/DeepOnet_Abaqus/StaticElasticJob.odb,Step-1,Increment      1: Step Time =    1.000,"PLATE-1",           289,             1,  -391.307E-03,      -1.40175,            0.,"ASSEMBLY_PLATE-1__PICKEDSET2","ROCK","",  -994.781E-03,      -1.80743,      -1.80696,  -995.252E-03,   19.5457E-03
F:/Desktop/DeepOnet_Abaqus/StaticElasticJob.odb,Step-1,Increment      1: Step Time =    1.000,"PLATE-1",           290,             1,  -393.750E-03,      -1.12525,            0.,"ASSEMBLY_PLATE-1__PICKEDSET2","ROCK","",  -986.893E-03,      -1.82689,      -1.82563,  -988.156E-03,   32.5514E-03
F:/Desktop/DeepOnet_Abaqus/StaticElasticJob.odb,Step-1,Increment      1: Step Time =    1.000,"PLATE-1",           291,             1,  -294.309E-03,  -933.084E-03,            0.,"ASSEMBLY_PLATE-1__PICKEDSET2","ROCK","",  -971.583E-03,      -1.85596,      -1.85361,  -973.938E-03,   45.5704E-03
F:/Desktop/DeepOnet_Abaqus/StaticElasticJob.odb,Step-1,Increment      1: Step Time =    1.000,"PLATE-1",           292,             1,  -478.954E-03,  -800.468E-03,            0.,"ASSEMBLY_PLATE-1__PICKEDSET2","ROCK","",  -983.911E-03,      -1.84396,      -1.83827,  -989.596E-03,   69.6894E-03
F:/Desktop/DeepOnet_Abaqus/StaticElasticJob.odb,Step-1,Increment      1: Step Time =    1.000,"PLATE-1",           293,             1,  -360.519E-03,  -647.159E-03,            0.,"ASSEMBLY_PLATE-1__PICKEDSET2","ROCK","",  -962.005E-03,      -1.89156,      -1.87866,  -974.904E-03,   108.740E-03
F:/Desktop/DeepOnet_Abaqus/StaticElasticJob.odb,Step-1,Increment      1: Step Time =    1.000,"PLATE-1",           294,             1,  -311.494E-03,   556.972E-03,            0.,"ASSEMBLY_PLATE-1__PICKEDSET2","ROCK","",  -941.974E-03,      -2.02198,      -2.01665,  -947.299E-03,  -75.6505E-03
F:/Desktop/DeepOnet_Abaqus/StaticElasticJob.odb,Step-1,Increment      1: Step Time =    1.000,"PLATE-1",           295,             1,  -314.595E-03,   607.722E-03,            0.,"ASSEMBLY_PLATE-1__PICKEDSET2","ROCK","",  -952.791E-03,      -2.02449,      -2.02222,  -955.053E-03,  -49.1795E-03
F:/Desktop/DeepOnet_Abaqus/StaticElasticJob.odb,Step-1,Increment      1: Step Time =    1.000,"PLATE-1",           296,             1,  -391.032E-03,   852.437E-03,            0.,"ASSEMBLY_PLATE-1__PICKEDSET2","ROCK","",  -963.299E-03,      -2.02642,      -2.02490,  -964.819E-03,   40.1680E-03
F:/Desktop/DeepOnet_Abaqus/StaticElasticJob.odb,Step-1,Increment      1: Step Time =    1.000,"PLATE-1",           297,             1,  -343.284E-03,   990.509E-03,            0.,"ASSEMBLY_PLATE-1__PICKEDSET2","ROCK","",  -950.586E-03,      -2.07705,      -2.06533,  -962.304E-03,   114.293E-03
F:/Desktop/DeepOnet_Abaqus/StaticElasticJob.odb,Step-1,Increment      1: Step Time =    1.000,"PLATE-1",           298,             1,  -409.655E-03,       1.00890,            0.,"ASSEMBLY_PLATE-1__PICKEDSET2","ROCK","",  -951.565E-03,      -1.98074,      -1.95805,  -974.258E-03,   151.129E-03
F:/Desktop/DeepOnet_Abaqus/StaticElasticJob.odb,Step-1,Increment      1: Step Time =    1.000,"PLATE-1",           299,             1,  -248.566E-03,      -1.55662,            0.,"ASSEMBLY_PLATE-1__PICKEDSET2","ROCK","",  -995.565E-03,      -1.80278,      -1.80257,  -995.771E-03,   12.8903E-03
F:/Desktop/DeepOnet_Abaqus/StaticElasticJob.odb,Step-1,Increment      1: Step Time =    1.000,"PLATE-1",           300,             1,  -241.537E-03,      -1.47128,            0.,"ASSEMBLY_PLATE-1__PICKEDSET2","ROCK","",  -993.700E-03,      -1.80725,      -1.80700,  -993.958E-03,   14.4908E-03
F:/Desktop/DeepOnet_Abaqus/StaticElasticJob.odb,Step-1,Increment      1: Step Time =    1.000,"PLATE-1",           301,             1,  -312.576E-03,      -1.37595,            0.,"ASSEMBLY_PLATE-1__PICKEDSET2","ROCK","",  -992.213E-03,      -1.81217,      -1.81175,  -992.640E-03,   18.7027E-03
F:/Desktop/DeepOnet_Abaqus/StaticElasticJob.odb,Step-1,Increment      1: Step Time =    1.000,"PLATE-1",           302,             1,  -251.226E-03,      -1.25526,            0.,"ASSEMBLY_PLATE-1__PICKEDSET2","ROCK","",  -986.798E-03,      -1.82267,      -1.82216,  -987.305E-03,   20.5862E-03
F:/Desktop/DeepOnet_Abaqus/StaticElasticJob.odb,Step-1,Increment      1: Step Time =    1.000,"PLATE-1",           303,             1,  -180.039E-03,      -1.05964,            0.,"ASSEMBLY_PLATE-1__PICKEDSET2","ROCK","",  -973.807E-03,      -1.84594,      -1.84513,  -974.616E-03,   26.5436E-03
F:/Desktop/DeepOnet_Abaqus/StaticElasticJob.odb,Step-1,Increment      1: Step Time =    1.000,"PLATE-1",           304,             1,  -207.810E-03,  -900.936E-03,            0.,"ASSEMBLY_PLATE-1__PICKEDSET2","ROCK","",  -960.247E-03,      -1.87133,      -1.86936,  -962.218E-03,   42.3226E-03
F:/Desktop/DeepOnet_Abaqus/StaticElasticJob.odb,Step-1,Increment      1: Step Time =    1.000,"PLATE-1",           305,             1,  -184.700E-03,  -791.005E-03,            0.,"ASSEMBLY_PLATE-1__PICKEDSET2","ROCK","",  -942.927E-03,      -1.89922,      -1.89586,  -946.283E-03,   56.5498E-03
F:/Desktop/DeepOnet_Abaqus/StaticElasticJob.odb,Step-1,Increment      1: Step Time =    1.000,"PLATE-1",           306,             1,  -150.797E-03,      -1.55877,            0.,"ASSEMBLY_PLATE-1__PICKEDSET2","ROCK","",  -994.122E-03,      -1.80454,      -1.80439,  -994.264E-03,   10.7337E-03
F:/Desktop/DeepOnet_Abaqus/StaticElasticJob.odb,Step-1,Increment      1: Step Time =    1.000,"PLATE-1",           307,             1,  -52.2427E-03,      -1.55764,            0.,"ASSEMBLY_PLATE-1__PICKEDSET2","ROCK","",  -992.901E-03,      -1.80538,      -1.80529,  -992.990E-03,   8.49661E-03
F:/Desktop/DeepOnet_Abaqus/StaticElasticJob.odb,Step-1,Increment      1: Step Time =    1.000,"PLATE-1",           308,             1,  -135.379E-03,      -1.22017,            0.,"ASSEMBLY_PLATE-1__PICKEDSET2","ROCK","",  -982.174E-03,      -1.82907,      -1.82872,  -982.520E-03,   17.1057E-03
F:/Desktop/DeepOnet_Abaqus/StaticElasticJob.odb,Step-1,Increment      1: Step Time =    1.000,"PLATE-1",           309,             1,  -117.161E-03,      -1.14849,            0.,"ASSEMBLY_PLATE-1__PICKEDSET2","ROCK","",  -977.221E-03,      -1.83782,      -1.83742,  -977.618E-03,   18.4883E-03
F:/Desktop/DeepOnet_Abaqus/StaticElasticJob.odb,Step-1,Increment      1: Step Time =    1.000,"PLATE-1",           310,             1,  -145.370E-03,  -923.853E-03,            0.,"ASSEMBLY_PLATE-1__PICKEDSET2","ROCK","",  -958.067E-03,      -1.87126,      -1.87008,  -959.249E-03,   32.8306E-03
F:/Desktop/DeepOnet_Abaqus/StaticElasticJob.odb,Step-1,Increment      1: Step Time =    1.000,"PLATE-1",           311,             1,  -64.5991E-03,  -757.386E-03,            0.,"ASSEMBLY_PLATE-1__PICKEDSET2","ROCK","",  -916.869E-03,      -1.92756,      -1.92642,  -918.003E-03,   33.8299E-03
F:/Desktop/DeepOnet_Abaqus/StaticElasticJob.odb,Step-1,Increment      1: Step Time =    1.000,"PLATE-1",           312,             1,   46.7348E-03,      -1.55736,            0.,"ASSEMBLY_PLATE-1__PICKEDSET2","ROCK","",  -991.674E-03,      -1.80585,      -1.80581,  -991.717E-03,   5.90018E-03
F:/Desktop/DeepOnet_Abaqus/StaticElasticJob.odb,Step-1,Increment      1: Step Time =    1.000,"PLATE-1",           313,             1,   147.968E-03,      -1.31999,            0.,"ASSEMBLY_PLATE-1__PICKEDSET2","ROCK","",  -982.190E-03,      -1.82171,      -1.82170,  -982.194E-03,   1.87934E-03
F:/Desktop/DeepOnet_Abaqus/StaticElasticJob.odb,Step-1,Increment      1: Step Time =    1.000,"PLATE-1",           314,             1,   95.4010E-03,      -1.22917,            0.,"ASSEMBLY_PLATE-1__PICKEDSET2","ROCK","",  -977.772E-03,      -1.83095,      -1.83093,  -977.788E-03,   3.66697E-03
F:/Desktop/DeepOnet_Abaqus/StaticElasticJob.odb,Step-1,Increment      1: Step Time =    1.000,"PLATE-1",           315,             1,   127.047E-03,      -1.12107,            0.,"ASSEMBLY_PLATE-1__PICKEDSET2","ROCK","",  -970.555E-03,      -1.84227,      -1.84227,  -970.555E-03,   117.012E-06
F:/Desktop/DeepOnet_Abaqus/StaticElasticJob.odb,Step-1,Increment      1: Step Time =    1.000,"PLATE-1",           316,             1,   61.2371E-03,  -900.757E-03,            0.,"ASSEMBLY_PLATE-1__PICKEDSET2","ROCK","",  -944.685E-03,      -1.88384,      -1.88383,  -944.695E-03,   3.07983E-03
F:/Desktop/DeepOnet_Abaqus/StaticElasticJob.odb,Step-1,Increment      1: Step Time =    1.000,"PLATE-1",           317,             1,  -6.03614E-03,  -817.998E-03,            0.,"ASSEMBLY_PLATE-1__PICKEDSET2","ROCK","",  -929.247E-03,      -1.90780,      -1.90758,  -929.463E-03,   14.5576E-03
F:/Desktop/DeepOnet_Abaqus/StaticElasticJob.odb,Step-1,Increment      1: Step Time =    1.000,"PLATE-1",           318,             1,   6.15891E-03,  -632.311E-03,            0.,"ASSEMBLY_PLATE-1__PICKEDSET2","ROCK","",  -861.698E-03,      -1.99370,      -1.99354,  -861.864E-03,   13.6939E-03
F:/Desktop/DeepOnet_Abaqus/StaticElasticJob.odb,Step-1,Increment      1: Step Time =    1.000,"PLATE-1",           319,             1,   670.316E-03,  -977.699E-03,            0.,"ASSEMBLY_PLATE-1__PICKEDSET2","ROCK","",  -974.168E-03,      -1.81835,      -1.81673,  -975.790E-03,  -36.9685E-03
F:/Desktop/DeepOnet_Abaqus/StaticElasticJob.odb,Step-1,Increment      1: Step Time =    1.000,"PLATE-1",           320,             1,   838.328E-03,      -1.29416,            0.,"ASSEMBLY_PLATE-1__PICKEDSET2","ROCK","",  -983.604E-03,      -1.80144,      -1.80092,  -984.123E-03,  -20.5974E-03
F:/Desktop/DeepOnet_Abaqus/StaticElasticJob.odb,Step-1,Increment      1: Step Time =    1.000,"PLATE-1",           321,             1,   955.785E-03,      -1.36131,            0.,"ASSEMBLY_PLATE-1__PICKEDSET2","ROCK","",  -985.641E-03,      -1.79618,      -1.79568,  -986.138E-03,  -20.0631E-03
F:/Desktop/DeepOnet_Abaqus/StaticElasticJob.odb,Step-1,Increment      1: Step Time =    1.000,"PLATE-1",           322,             1,       1.04849,      -1.55470,            0.,"ASSEMBLY_PLATE-1__PICKEDSET2","ROCK","",  -989.032E-03,      -1.79050,      -1.79019,  -989.344E-03,  -15.8082E-03
F:/Desktop/DeepOnet_Abaqus/StaticElasticJob.odb,Step-1,Increment      1: Step Time =    1.000,"PLATE-1",           323,             1,       1.13699,      -1.45991,            0.,"ASSEMBLY_PLATE-1__PICKEDSET2","ROCK","",  -988.548E-03,      -1.78913,      -1.78867,  -989.011E-03,  -19.2389E-03
F:/Desktop/DeepOnet_Abaqus/StaticElasticJob.odb,Step-1,Increment      1: Step Time =    1.000,"PLATE-1",           324,             1,   719.847E-03,      -1.12811,            0.,"ASSEMBLY_PLATE-1__PICKEDSET2","ROCK","",  -978.281E-03,      -1.81143,      -1.81052,  -979.184E-03,  -27.4201E-03
F:/Desktop/DeepOnet_Abaqus/StaticElasticJob.odb,Step-1,Increment      1: Step Time =    1.000,"PLATE-1",           325,             1,   718.643E-03,      -1.37274,            0.,"ASSEMBLY_PLATE-1__PICKEDSET2","ROCK","",  -984.390E-03,      -1.80338,      -1.80308,  -984.686E-03,  -15.5722E-03
F:/Desktop/DeepOnet_Abaqus/StaticElasticJob.odb,Step-1,Increment      1: Step Time =    1.000,"PLATE-1",           326,             1,   951.254E-03,      -1.55523,            0.,"ASSEMBLY_PLATE-1__PICKEDSET2","ROCK","",  -988.613E-03,      -1.79288,      -1.79262,  -988.873E-03,  -14.4373E-03
F:/Desktop/DeepOnet_Abaqus/StaticElasticJob.odb,Step-1,Increment      1: Step Time =    1.000,"PLATE-1",           327,             1,   862.873E-03,      -1.46419,            0.,"ASSEMBLY_PLATE-1__PICKEDSET2","ROCK","",  -986.849E-03,      -1.79677,      -1.79647,  -987.149E-03,  -15.5798E-03
F:/Desktop/DeepOnet_Abaqus/StaticElasticJob.odb,Step-1,Increment      1: Step Time =    1.000,"PLATE-1",           328,             1,   775.184E-03,      -1.46334,            0.,"ASSEMBLY_PLATE-1__PICKEDSET2","ROCK","",  -986.389E-03,      -1.79932,      -1.79908,  -986.629E-03,  -13.9543E-03
F:/Desktop/DeepOnet_Abaqus/StaticElasticJob.odb,Step-1,Increment      1: Step Time =    1.000,"PLATE-1",           329,             1,   666.084E-03,      -1.54665,            0.,"ASSEMBLY_PLATE-1__PICKEDSET2","ROCK","",  -987.978E-03,      -1.79937,      -1.79925,  -988.094E-03,  -9.69872E-03
F:/Desktop/DeepOnet_Abaqus/StaticElasticJob.odb,Step-1,Increment      1: Step Time =    1.000,"PLATE-1",           330,             1,   491.406E-03,      -1.30640,            0.,"ASSEMBLY_PLATE-1__PICKEDSET2","ROCK","",  -981.265E-03,      -1.81448,      -1.81431,  -981.440E-03,  -12.0728E-03
F:/Desktop/DeepOnet_Abaqus/StaticElasticJob.odb,Step-1,Increment      1: Step Time =    1.000,"PLATE-1",           331,             1,   337.282E-03,      -1.21895,            0.,"ASSEMBLY_PLATE-1__PICKEDSET2","ROCK","",  -976.705E-03,      -1.82637,      -1.82627,  -976.805E-03,  -9.23428E-03
F:/Desktop/DeepOnet_Abaqus/StaticElasticJob.odb,Step-1,Increment      1: Step Time =    1.000,"PLATE-1",           332,             1,   280.636E-03,      -1.11848,            0.,"ASSEMBLY_PLATE-1__PICKEDSET2","ROCK","",  -971.118E-03,      -1.83702,      -1.83689,  -971.253E-03,  -10.7849E-03
F:/Desktop/DeepOnet_Abaqus/StaticElasticJob.odb,Step-1,Increment      1: Step Time =    1.000,"PLATE-1",           333,             1,   281.197E-03,      -1.18500,            0.,"ASSEMBLY_PLATE-1__PICKEDSET2","ROCK","",  -974.949E-03,      -1.83076,      -1.83069,  -975.022E-03,  -7.91911E-03
F:/Desktop/DeepOnet_Abaqus/StaticElasticJob.odb,Step-1,Increment      1: Step Time =    1.000,"PLATE-1",           334,             1,   211.396E-03,      -1.18442,            0.,"ASSEMBLY_PLATE-1__PICKEDSET2","ROCK","",  -974.317E-03,      -1.83380,      -1.83378,  -974.336E-03,  -3.97059E-03
F:/Desktop/DeepOnet_Abaqus/StaticElasticJob.odb,Step-1,Increment      1: Step Time =    1.000,"PLATE-1",           335,             1,   406.428E-03,      -1.48510,            0.,"ASSEMBLY_PLATE-1__PICKEDSET2","ROCK","",  -986.846E-03,      -1.80738,      -1.80735,  -986.874E-03,  -4.81971E-03
F:/Desktop/DeepOnet_Abaqus/StaticElasticJob.odb,Step-1,Increment      1: Step Time =    1.000,"PLATE-1",           336,             1,   519.762E-03,      -1.55050,            0.,"ASSEMBLY_PLATE-1__PICKEDSET2","ROCK","",  -988.179E-03,      -1.80225,      -1.80219,  -988.236E-03,  -6.84537E-03
F:/Desktop/DeepOnet_Abaqus/StaticElasticJob.odb,Step-1,Increment      1: Step Time =    1.000,"PLATE-1",           337,             1,       1.43766,  -968.055E-03,            0.,"ASSEMBLY_PLATE-1__PICKEDSET2","ROCK","",  -990.949E-03,      -1.77644,      -1.77490,  -992.487E-03,  -34.7204E-03
F:/Desktop/DeepOnet_Abaqus/StaticElasticJob.odb,Step-1,Increment      1: Step Time =    1.000,"PLATE-1",           338,             1,       1.54422,  -747.378E-03,            0.,"ASSEMBLY_PLATE-1__PICKEDSET2","ROCK","",  -995.656E-03,      -1.76624,      -1.76433,  -997.572E-03,  -38.3792E-03
F:/Desktop/DeepOnet_Abaqus/StaticElasticJob.odb,Step-1,Increment      1: Step Time =    1.000,"PLATE-1",           339,             1,       1.34532,  -610.927E-03,            0.,"ASSEMBLY_PLATE-1__PICKEDSET2","ROCK","",  -996.048E-03,      -1.76306,      -1.76034,  -998.770E-03,  -45.6096E-03
F:/Desktop/DeepOnet_Abaqus/StaticElasticJob.odb,Step-1,Increment      1: Step Time =    1.000,"PLATE-1",           340,             1,       1.18252,  -549.576E-03,            0.,"ASSEMBLY_PLATE-1__PICKEDSET2","ROCK","",  -996.844E-03,      -1.76072,      -1.75696,      -1.00061,  -53.4885E-03
F:/Desktop/DeepOnet_Abaqus/StaticElasticJob.odb,Step-1,Increment      1: Step Time =    1.000,"PLATE-1",           341,             1,       1.03372,  -313.535E-03,            0.,"ASSEMBLY_PLATE-1__PICKEDSET2","ROCK","",      -1.01336,      -1.73113,      -1.72560,      -1.01889,  -62.7672E-03
F:/Desktop/DeepOnet_Abaqus/StaticElasticJob.odb,Step-1,Increment      1: Step Time =    1.000,"PLATE-1",           342,             1,   973.828E-03,  -196.660E-03,            0.,"ASSEMBLY_PLATE-1__PICKEDSET2","ROCK","",      -1.03053,      -1.70109,      -1.69593,      -1.03569,  -58.5766E-03
F:/Desktop/DeepOnet_Abaqus/StaticElasticJob.odb,Step-1,Increment      1: Step Time =    1.000,"PLATE-1",           343,             1,   785.592E-03,   71.7822E-03,            0.,"ASSEMBLY_PLATE-1__PICKEDSET2","ROCK","",      -1.06891,      -1.62497,      -1.62349,      -1.07039,   28.6775E-03
F:/Desktop/DeepOnet_Abaqus/StaticElasticJob.odb,Step-1,Increment      1: Step Time =    1.000,"PLATE-1",           344,             1,   236.253E-03,   583.797E-03,            0.,"ASSEMBLY_PLATE-1__PICKEDSET2","ROCK","",  -883.730E-03,      -2.09721,      -2.08639,  -894.554E-03,   114.099E-03
F:/Desktop/DeepOnet_Abaqus/StaticElasticJob.odb,Step-1,Increment      1: Step Time =    1.000,"PLATE-1",           345,             1,  -124.771E-03,   904.698E-03,            0.,"ASSEMBLY_PLATE-1__PICKEDSET2","ROCK","",      -1.06935,      -2.16943,      -2.16682,      -1.07196,   53.5018E-03
F:/Desktop/DeepOnet_Abaqus/StaticElasticJob.odb,Step-1,Increment      1: Step Time =    1.000,"PLATE-1",           346,             1,  -196.653E-03,       1.00862,            0.,"ASSEMBLY_PLATE-1__PICKEDSET2","ROCK","",      -1.04158,      -2.15511,      -2.14582,      -1.05087,   101.285E-03
F:/Desktop/DeepOnet_Abaqus/StaticElasticJob.odb,Step-1,Increment      1: Step Time =    1.000,"PLATE-1",           347,             1,  -309.650E-03,       1.12877,            0.,"ASSEMBLY_PLATE-1__PICKEDSET2","ROCK","",  -941.408E-03,      -2.04138,      -1.98260,      -1.00019,   247.396E-03
F:/Desktop/DeepOnet_Abaqus/StaticElasticJob.odb,Step-1,Increment      1: Step Time =    1.000,"PLATE-1",           348,             1,       1.55374,  -647.245E-03,            0.,"ASSEMBLY_PLATE-1__PICKEDSET2","ROCK","",  -997.733E-03,      -1.76112,      -1.75903,  -999.821E-03,  -39.8690E-03
F:/Desktop/DeepOnet_Abaqus/StaticElasticJob.odb,Step-1,Increment      1: Step Time =    1.000,"PLATE-1",           349,             1,       1.37327,  -541.814E-03,            0.,"ASSEMBLY_PLATE-1__PICKEDSET2","ROCK","",  -998.787E-03,      -1.75726,      -1.75452,      -1.00153,  -45.4865E-03
F:/Desktop/DeepOnet_Abaqus/StaticElasticJob.odb,Step-1,Increment      1: Step Time =    1.000,"PLATE-1",           350,             1,       1.19153,  -337.597E-03,            0.,"ASSEMBLY_PLATE-1__PICKEDSET2","ROCK","",      -1.00787,      -1.73847,      -1.73479,      -1.01156,  -51.7561E-03
F:/Desktop/DeepOnet_Abaqus/StaticElasticJob.odb,Step-1,Increment      1: Step Time =    1.000,"PLATE-1",           351,             1,       1.10777,  -204.356E-03,            0.,"ASSEMBLY_PLATE-1__PICKEDSET2","ROCK","",      -1.02004,      -1.71658,      -1.71317,      -1.02344,  -48.5665E-03
F:/Desktop/DeepOnet_Abaqus/StaticElasticJob.odb,Step-1,Increment      1: Step Time =    1.000,"PLATE-1",           352,             1,       1.07066,  -120.093E-03,            0.,"ASSEMBLY_PLATE-1__PICKEDSET2","ROCK","",      -1.02748,      -1.70234,      -1.69996,      -1.02987,  -40.0542E-03
F:/Desktop/DeepOnet_Abaqus/StaticElasticJob.odb,Step-1,Increment      1: Step Time =    1.000,"PLATE-1",           353,             1,   784.201E-03,   114.965E-03,            0.,"ASSEMBLY_PLATE-1__PICKEDSET2","ROCK","",      -1.05905,      -1.63418,      -1.63096,      -1.06227,   42.9034E-03
F:/Desktop/DeepOnet_Abaqus/StaticElasticJob.odb,Step-1,Increment      1: Step Time =    1.000,"PLATE-1",           354,             1,   619.884E-03,   284.144E-03,            0.,"ASSEMBLY_PLATE-1__PICKEDSET2","ROCK","",  -948.379E-03,      -1.75292,      -1.70876,  -992.543E-03,   183.251E-03
F:/Desktop/DeepOnet_Abaqus/StaticElasticJob.odb,Step-1,Increment      1: Step Time =    1.000,"PLATE-1",           355,             1,   286.543E-03,   586.193E-03,            0.,"ASSEMBLY_PLATE-1__PICKEDSET2","ROCK","",  -858.597E-03,      -2.08542,      -2.07340,  -870.613E-03,   120.819E-03
F:/Desktop/DeepOnet_Abaqus/StaticElasticJob.odb,Step-1,Increment      1: Step Time =    1.000,"PLATE-1",           356,             1,   82.3961E-03,   888.016E-03,            0.,"ASSEMBLY_PLATE-1__PICKEDSET2","ROCK","",  -982.171E-03,      -2.23018,      -2.21690,  -995.450E-03,   128.046E-03
F:/Desktop/DeepOnet_Abaqus/StaticElasticJob.odb,Step-1,Increment      1: Step Time =    1.000,"PLATE-1",           357,             1,  -104.093E-03,       1.00953,            0.,"ASSEMBLY_PLATE-1__PICKEDSET2","ROCK","",      -1.08013,      -2.31218,      -2.30566,      -1.08665,   89.3906E-03
F:/Desktop/DeepOnet_Abaqus/StaticElasticJob.odb,Step-1,Increment      1: Step Time =    1.000,"PLATE-1",           358,             1,  -207.570E-03,       1.10705,            0.,"ASSEMBLY_PLATE-1__PICKEDSET2","ROCK","",      -1.00977,      -2.15795,      -2.09510,      -1.07262,   261.180E-03
F:/Desktop/DeepOnet_Abaqus/StaticElasticJob.odb,Step-1,Increment      1: Step Time =    1.000,"PLATE-1",           359,             1,       1.55443,  -549.727E-03,            0.,"ASSEMBLY_PLATE-1__PICKEDSET2","ROCK","",      -1.00005,      -1.75643,      -1.75429,      -1.00219,  -40.1229E-03
F:/Desktop/DeepOnet_Abaqus/StaticElasticJob.odb,Step-1,Increment      1: Step Time =    1.000,"PLATE-1",           360,             1,       1.36750,  -378.708E-03,            0.,"ASSEMBLY_PLATE-1__PICKEDSET2","ROCK","",      -1.00466,      -1.74442,      -1.74167,      -1.00741,  -45.0190E-03
F:/Desktop/DeepOnet_Abaqus/StaticElasticJob.odb,Step-1,Increment      1: Step Time =    1.000,"PLATE-1",           361,             1,       1.20262,  -168.846E-03,            0.,"ASSEMBLY_PLATE-1__PICKEDSET2","ROCK","",      -1.01642,      -1.72027,      -1.71774,      -1.01894,  -42.0887E-03
F:/Desktop/DeepOnet_Abaqus/StaticElasticJob.odb,Step-1,Increment      1: Step Time =    1.000,"PLATE-1",           362,             1,       1.31723,  -34.2930E-03,            0.,"ASSEMBLY_PLATE-1__PICKEDSET2","ROCK","",      -1.01320,      -1.71977,      -1.71830,      -1.01467,  -32.1408E-03
F:/Desktop/DeepOnet_Abaqus/StaticElasticJob.odb,Step-1,Increment      1: Step Time =    1.000,"PLATE-1",           363,             1,       1.03291,   26.3485E-03,            0.,"ASSEMBLY_PLATE-1__PICKEDSET2","ROCK","",      -1.02957,      -1.68842,      -1.68802,      -1.02996,  -16.1523E-03
F:/Desktop/DeepOnet_Abaqus/StaticElasticJob.odb,Step-1,Increment      1: Step Time =    1.000,"PLATE-1",           364,             1,   967.835E-03,   198.367E-03,            0.,"ASSEMBLY_PLATE-1__PICKEDSET2","ROCK","",      -1.01342,      -1.69652,      -1.69601,      -1.01393,   18.6514E-03
F:/Desktop/DeepOnet_Abaqus/StaticElasticJob.odb,Step-1,Increment      1: Step Time =    1.000,"PLATE-1",           365,             1,   763.281E-03,   266.041E-03,            0.,"ASSEMBLY_PLATE-1__PICKEDSET2","ROCK","",  -985.607E-03,      -1.71524,      -1.70291,  -997.936E-03,   94.0395E-03
F:/Desktop/DeepOnet_Abaqus/StaticElasticJob.odb,Step-1,Increment      1: Step Time =    1.000,"PLATE-1",           366,             1,   597.953E-03,   463.428E-03,            0.,"ASSEMBLY_PLATE-1__PICKEDSET2","ROCK","",  -868.169E-03,      -1.88169,      -1.86590,  -883.956E-03,   125.505E-03
F:/Desktop/DeepOnet_Abaqus/StaticElasticJob.odb,Step-1,Increment      1: Step Time =    1.000,"PLATE-1",           367,             1,   461.727E-03,   568.833E-03,            0.,"ASSEMBLY_PLATE-1__PICKEDSET2","ROCK","",  -826.477E-03,      -1.99557,      -1.98610,  -835.944E-03,   104.776E-03
F:/Desktop/DeepOnet_Abaqus/StaticElasticJob.odb,Step-1,Increment      1: Step Time =    1.000,"PLATE-1",           368,             1,   308.242E-03,   738.969E-03,            0.,"ASSEMBLY_PLATE-1__PICKEDSET2","ROCK","",  -832.252E-03,      -2.08943,      -2.08496,  -836.718E-03,   74.7981E-03
F:/Desktop/DeepOnet_Abaqus/StaticElasticJob.odb,Step-1,Increment      1: Step Time =    1.000,"PLATE-1",           369,             1,   16.3422E-03,       1.11927,            0.,"ASSEMBLY_PLATE-1__PICKEDSET2","ROCK","",  -934.918E-03,      -3.42276,      -3.35301,      -1.00467,   410.690E-03
F:/Desktop/DeepOnet_Abaqus/StaticElasticJob.odb,Step-1,Increment      1: Step Time =    1.000,"PLATE-1",           370,             1,  -99.9116E-03,       1.12027,            0.,"ASSEMBLY_PLATE-1__PICKEDSET2","ROCK","",      -1.10944,      -2.44442,      -2.40755,      -1.14631,   218.786E-03
F:/Desktop/DeepOnet_Abaqus/StaticElasticJob.odb,Step-1,Increment      1: Step Time =    1.000,"PLATE-1",           371,             1,   297.936E-03,       1.25065,            0.,"ASSEMBLY_PLATE-1__PICKEDSET2","ROCK","",  -246.349E-03,      -1.99608,      -1.56562,  -676.806E-03,  -753.585E-03
F:/Desktop/DeepOnet_Abaqus/StaticElasticJob.odb,Step-1,Increment      1: Step Time =    1.000,"PLATE-1",           372,             1,   440.247E-03,       1.40447,            0.,"ASSEMBLY_PLATE-1__PICKEDSET2","ROCK","",  -235.708E-03,      -1.17859,  -512.535E-03,  -901.759E-03,  -429.396E-03
F:/Desktop/DeepOnet_Abaqus/StaticElasticJob.odb,Step-1,Increment      1: Step Time =    1.000,"PLATE-1",           373,             1,   598.353E-03,       1.36805,            0.,"ASSEMBLY_PLATE-1__PICKEDSET2","ROCK","",  -720.511E-03,      -1.39314,  -938.129E-03,      -1.17552,  -314.672E-03
F:/Desktop/DeepOnet_Abaqus/StaticElasticJob.odb,Step-1,Increment      1: Step Time =    1.000,"PLATE-1",           374,             1,   752.788E-03,       1.33726,            0.,"ASSEMBLY_PLATE-1__PICKEDSET2","ROCK","",      -1.03468,      -1.38110,      -1.26919,      -1.14658,  -161.996E-03
F:/Desktop/DeepOnet_Abaqus/StaticElasticJob.odb,Step-1,Increment      1: Step Time =    1.000,"PLATE-1",           375,             1,   992.170E-03,       1.39233,            0.,"ASSEMBLY_PLATE-1__PICKEDSET2","ROCK","",      -1.12101,      -1.48507,      -1.48213,      -1.12395,   32.5741E-03
F:/Desktop/DeepOnet_Abaqus/StaticElasticJob.odb,Step-1,Increment      1: Step Time =    1.000,"PLATE-1",           376,             1,       1.05298,       1.31581,            0.,"ASSEMBLY_PLATE-1__PICKEDSET2","ROCK","",      -1.09862,      -1.52029,      -1.51946,      -1.09945,  -18.6728E-03
F:/Desktop/DeepOnet_Abaqus/StaticElasticJob.odb,Step-1,Increment      1: Step Time =    1.000,"PLATE-1",           377,             1,       1.47704,       1.33324,            0.,"ASSEMBLY_PLATE-1__PICKEDSET2","ROCK","",      -1.05158,      -1.65804,      -1.65697,      -1.05265,   25.3882E-03
F:/Desktop/DeepOnet_Abaqus/StaticElasticJob.odb,Step-1,Increment      1: Step Time =    1.000,"PLATE-1",           378,             1,       1.55119,       1.54756,            0.,"ASSEMBLY_PLATE-1__PICKEDSET2","ROCK","",      -1.03935,      -1.69501,      -1.69032,      -1.04404,   55.2137E-03
F:/Desktop/DeepOnet_Abaqus/StaticElasticJob.odb,Step-1,Increment      1: Step Time =    1.000,"PLATE-1",           379,             1,       1.55376,       1.44513,            0.,"ASSEMBLY_PLATE-1__PICKEDSET2","ROCK","",      -1.04267,      -1.68205,      -1.67916,      -1.04556,   42.8578E-03
F:/Desktop/DeepOnet_Abaqus/StaticElasticJob.odb,Step-1,Increment      1: Step Time =    1.000,"PLATE-1",           380,             1,       1.46072,       1.43156,            0.,"ASSEMBLY_PLATE-1__PICKEDSET2","ROCK","",      -1.05178,      -1.66566,      -1.66215,      -1.05530,   46.3251E-03
F:/Desktop/DeepOnet_Abaqus/StaticElasticJob.odb,Step-1,Increment      1: Step Time =    1.000,"PLATE-1",           381,             1,       1.25333,       1.55066,            0.,"ASSEMBLY_PLATE-1__PICKEDSET2","ROCK","",      -1.04814,      -1.65485,      -1.64262,      -1.06038,   85.2775E-03
F:/Desktop/DeepOnet_Abaqus/StaticElasticJob.odb,Step-1,Increment      1: Step Time =    1.000,"PLATE-1",           382,             1,       1.06216,       1.55455,            0.,"ASSEMBLY_PLATE-1__PICKEDSET2","ROCK","",      -1.05281,      -1.61994,      -1.59580,      -1.07695,   114.488E-03
F:/Desktop/DeepOnet_Abaqus/StaticElasticJob.odb,Step-1,Increment      1: Step Time =    1.000,"PLATE-1",           383,             1,   967.982E-03,       1.55609,            0.,"ASSEMBLY_PLATE-1__PICKEDSET2","ROCK","",      -1.08943,      -1.58672,      -1.54514,      -1.13101,   137.650E-03
F:/Desktop/DeepOnet_Abaqus/StaticElasticJob.odb,Step-1,Increment      1: Step Time =    1.000,"PLATE-1",           384,             1,   772.262E-03,       1.55191,            0.,"ASSEMBLY_PLATE-1__PICKEDSET2","ROCK","",      -1.06566,      -1.54361,      -1.36563,      -1.24364,   231.062E-03
F:/Desktop/DeepOnet_Abaqus/StaticElasticJob.odb,Step-1,Increment      1: Step Time =    1.000,"PLATE-1",           385,             1,   675.983E-03,       1.55879,            0.,"ASSEMBLY_PLATE-1__PICKEDSET2","ROCK","",  -922.220E-03,      -1.55735,      -1.34160,      -1.13797,   300.800E-03
F:/Desktop/DeepOnet_Abaqus/StaticElasticJob.odb,Step-1,Increment      1: Step Time =    1.000,"PLATE-1",           386,             1,   487.292E-03,       1.55334,            0.,"ASSEMBLY_PLATE-1__PICKEDSET2","ROCK","",  -116.357E-03,      -1.29662,  -116.496E-03,      -1.29648,   12.8164E-03
F:/Desktop/DeepOnet_Abaqus/StaticElasticJob.odb,Step-1,Increment      1: Step Time =    1.000,"PLATE-1",           387,             1,   375.060E-03,       1.32829,            0.,"ASSEMBLY_PLATE-1__PICKEDSET2","ROCK","",  -47.0878E-03,      -1.43862,  -802.631E-03,  -683.074E-03,  -693.192E-03
F:/Desktop/DeepOnet_Abaqus/StaticElasticJob.odb,Step-1,Increment      1: Step Time =    1.000,"PLATE-1",           388,             1,   518.952E-03,       1.31636,            0.,"ASSEMBLY_PLATE-1__PICKEDSET2","ROCK","",  -448.552E-03,      -1.54065,      -1.05895,  -930.253E-03,  -542.243E-03
F:/Desktop/DeepOnet_Abaqus/StaticElasticJob.odb,Step-1,Increment      1: Step Time =    1.000,"PLATE-1",           389,             1,   665.770E-03,       1.28405,            0.,"ASSEMBLY_PLATE-1__PICKEDSET2","ROCK","",  -836.136E-03,      -1.48470,      -1.27626,      -1.04457,  -302.881E-03
F:/Desktop/DeepOnet_Abaqus/StaticElasticJob.odb,Step-1,Increment      1: Step Time =    1.000,"PLATE-1",           390,             1,   796.512E-03,       1.20371,            0.,"ASSEMBLY_PLATE-1__PICKEDSET2","ROCK","",  -955.917E-03,      -1.54252,      -1.46141,      -1.03703,  -202.486E-03
F:/Desktop/DeepOnet_Abaqus/StaticElasticJob.odb,Step-1,Increment      1: Step Time =    1.000,"PLATE-1",           391,             1,   962.239E-03,       1.25637,            0.,"ASSEMBLY_PLATE-1__PICKEDSET2","ROCK","",      -1.07135,      -1.51320,      -1.50086,      -1.08370,  -72.8175E-03
F:/Desktop/DeepOnet_Abaqus/StaticElasticJob.odb,Step-1,Increment      1: Step Time =    1.000,"PLATE-1",           392,             1,       1.24772,       1.16758,            0.,"ASSEMBLY_PLATE-1__PICKEDSET2","ROCK","",      -1.05706,      -1.61585,      -1.61481,      -1.05810,  -24.1366E-03
F:/Desktop/DeepOnet_Abaqus/StaticElasticJob.odb,Step-1,Increment      1: Step Time =    1.000,"PLATE-1",           393,             1,       1.41689,       1.22087,            0.,"ASSEMBLY_PLATE-1__PICKEDSET2","ROCK","",      -1.05443,      -1.64415,      -1.64411,      -1.05447,   4.85945E-03
F:/Desktop/DeepOnet_Abaqus/StaticElasticJob.odb,Step-1,Increment      1: Step Time =    1.000,"PLATE-1",           394,             1,       1.47177,       1.16556,            0.,"ASSEMBLY_PLATE-1__PICKEDSET2","ROCK","",      -1.04714,      -1.65384,      -1.65384,      -1.04714,  -1.15588E-03
F:/Desktop/DeepOnet_Abaqus/StaticElasticJob.odb,Step-1,Increment      1: Step Time =    1.000,"PLATE-1",           395,             1,       1.56087,       1.24814,            0.,"ASSEMBLY_PLATE-1__PICKEDSET2","ROCK","",      -1.04711,      -1.66641,      -1.66599,      -1.04753,   16.0497E-03
F:/Desktop/DeepOnet_Abaqus/StaticElasticJob.odb,Step-1,Increment      1: Step Time =    1.000,"PLATE-1",           396,             1,       1.48630,       1.24532,            0.,"ASSEMBLY_PLATE-1__PICKEDSET2","ROCK","",      -1.05018,      -1.65824,      -1.65780,      -1.05062,   16.2285E-03
F:/Desktop/DeepOnet_Abaqus/StaticElasticJob.odb,Step-1,Increment      1: Step Time =    1.000,"PLATE-1",           397,             1,       1.09068,       1.08388,            0.,"ASSEMBLY_PLATE-1__PICKEDSET2","ROCK","",      -1.01324,      -1.62122,      -1.61048,      -1.02399,  -80.1094E-03
F:/Desktop/DeepOnet_Abaqus/StaticElasticJob.odb,Step-1,Increment      1: Step Time =    1.000,"PLATE-1",           398,             1,       1.24782,       1.00614,            0.,"ASSEMBLY_PLATE-1__PICKEDSET2","ROCK","",      -1.02455,      -1.65041,      -1.64692,      -1.02804,  -46.6501E-03
F:/Desktop/DeepOnet_Abaqus/StaticElasticJob.odb,Step-1,Increment      1: Step Time =    1.000,"PLATE-1",           399,             1,       1.34698,       1.08883,            0.,"ASSEMBLY_PLATE-1__PICKEDSET2","ROCK","",      -1.04148,      -1.64598,      -1.64510,      -1.04236,  -22.9953E-03
F:/Desktop/DeepOnet_Abaqus/StaticElasticJob.odb,Step-1,Increment      1: Step Time =    1.000,"PLATE-1",           400,             1,       1.54803,       1.05415,            0.,"ASSEMBLY_PLATE-1__PICKEDSET2","ROCK","",      -1.03848,      -1.67085,      -1.67075,      -1.03858,  -7.98834E-03
F:/Desktop/DeepOnet_Abaqus/StaticElasticJob.odb,Step-1,Increment      1: Step Time =    1.000,"PLATE-1",           401,             1,       1.33354,       1.19048,            0.,"ASSEMBLY_PLATE-1__PICKEDSET2","ROCK","",      -1.05092,      -1.63220,      -1.63212,      -1.05100,  -6.65177E-03
F:/Desktop/DeepOnet_Abaqus/StaticElasticJob.odb,Step-1,Increment      1: Step Time =    1.000,"PLATE-1",           402,             1,       1.14852,   949.748E-03,            0.,"ASSEMBLY_PLATE-1__PICKEDSET2","ROCK","",  -996.224E-03,      -1.66907,      -1.66197,      -1.00332,  -68.7540E-03
F:/Desktop/DeepOnet_Abaqus/StaticElasticJob.odb,Step-1,Increment      1: Step Time =    1.000,"PLATE-1",           403,             1,       1.33304,   994.464E-03,            0.,"ASSEMBLY_PLATE-1__PICKEDSET2","ROCK","",      -1.02432,      -1.66120,      -1.65936,      -1.02616,  -34.1813E-03
F:/Desktop/DeepOnet_Abaqus/StaticElasticJob.odb,Step-1,Increment      1: Step Time =    1.000,"PLATE-1",           404,             1,       1.53722,   948.973E-03,            0.,"ASSEMBLY_PLATE-1__PICKEDSET2","ROCK","",      -1.02937,      -1.67917,      -1.67873,      -1.02980,  -16.7307E-03
F:/Desktop/DeepOnet_Abaqus/StaticElasticJob.odb,Step-1,Increment      1: Step Time =    1.000,"PLATE-1",           405,             1,       1.29440,   839.759E-03,            0.,"ASSEMBLY_PLATE-1__PICKEDSET2","ROCK","",      -1.00002,      -1.68992,      -1.68703,      -1.00291,  -44.5163E-03
F:/Desktop/DeepOnet_Abaqus/StaticElasticJob.odb,Step-1,Increment      1: Step Time =    1.000,"PLATE-1",           406,             1,       1.42071,   806.295E-03,            0.,"ASSEMBLY_PLATE-1__PICKEDSET2","ROCK","",      -1.01256,      -1.69008,      -1.68860,      -1.01404,  -31.5672E-03
F:/Desktop/DeepOnet_Abaqus/StaticElasticJob.odb,Step-1,Increment      1: Step Time =    1.000,"PLATE-1",           407,             1,       1.53653,   841.644E-03,            0.,"ASSEMBLY_PLATE-1__PICKEDSET2","ROCK","",      -1.02345,      -1.68782,      -1.68711,      -1.02415,  -21.6328E-03
F:/Desktop/DeepOnet_Abaqus/StaticElasticJob.odb,Step-1,Increment      1: Step Time =    1.000,"PLATE-1",           408,             1,       1.54570,   739.301E-03,            0.,"ASSEMBLY_PLATE-1__PICKEDSET2","ROCK","",      -1.01590,      -1.69948,      -1.69862,      -1.01675,  -24.1405E-03
F:/Desktop/DeepOnet_Abaqus/StaticElasticJob.odb,Step-1,Increment      1: Step Time =    1.000,"PLATE-1",           409,             1,       1.55120,   640.283E-03,            0.,"ASSEMBLY_PLATE-1__PICKEDSET2","ROCK","",      -1.01175,      -1.70570,      -1.70473,      -1.01271,  -25.8494E-03
F:/Desktop/DeepOnet_Abaqus/StaticElasticJob.odb,Step-1,Increment      1: Step Time =    1.000,"PLATE-1",           410,             1,       1.36190,   589.591E-03,            0.,"ASSEMBLY_PLATE-1__PICKEDSET2","ROCK","",  -997.520E-03,      -1.71165,      -1.71046,  -998.714E-03,  -29.1792E-03
F:/Desktop/DeepOnet_Abaqus/StaticElasticJob.odb,Step-1,Increment      1: Step Time =    1.000,"PLATE-1",           411,             1,       1.26801,   559.003E-03,            0.,"ASSEMBLY_PLATE-1__PICKEDSET2","ROCK","",  -987.069E-03,      -1.71851,      -1.71740,  -988.180E-03,  -28.4759E-03
F:/Desktop/DeepOnet_Abaqus/StaticElasticJob.odb,Step-1,Increment      1: Step Time =    1.000,"PLATE-1",           412,             1,       1.06436,   520.168E-03,            0.,"ASSEMBLY_PLATE-1__PICKEDSET2","ROCK","",  -959.529E-03,      -1.74272,      -1.74252,  -959.731E-03,  -12.5833E-03
F:/Desktop/DeepOnet_Abaqus/StaticElasticJob.odb,Step-1,Increment      1: Step Time =    1.000,"PLATE-1",           413,             1,   972.307E-03,   610.257E-03,            0.,"ASSEMBLY_PLATE-1__PICKEDSET2","ROCK","",  -933.426E-03,      -1.76259,      -1.76188,  -934.134E-03,  -24.2114E-03
F:/Desktop/DeepOnet_Abaqus/StaticElasticJob.odb,Step-1,Increment      1: Step Time =    1.000,"PLATE-1",           414,             1,   844.089E-03,   557.487E-03,            0.,"ASSEMBLY_PLATE-1__PICKEDSET2","ROCK","",  -910.411E-03,      -1.79801,      -1.79790,  -910.524E-03,   9.99916E-03
F:/Desktop/DeepOnet_Abaqus/StaticElasticJob.odb,Step-1,Increment      1: Step Time =    1.000,"PLATE-1",           415,             1,   626.964E-03,   514.475E-03,            0.,"ASSEMBLY_PLATE-1__PICKEDSET2","ROCK","",  -857.699E-03,      -1.88760,      -1.87876,  -866.540E-03,   95.0109E-03
F:/Desktop/DeepOnet_Abaqus/StaticElasticJob.odb,Step-1,Increment      1: Step Time =    1.000,"PLATE-1",           416,             1,   804.221E-03,   440.706E-03,            0.,"ASSEMBLY_PLATE-1__PICKEDSET2","ROCK","",  -933.770E-03,      -1.77992,      -1.77643,  -937.263E-03,   54.2535E-03
F:/Desktop/DeepOnet_Abaqus/StaticElasticJob.odb,Step-1,Increment      1: Step Time =    1.000,"PLATE-1",           417,             1,   862.049E-03,   415.162E-03,            0.,"ASSEMBLY_PLATE-1__PICKEDSET2","ROCK","",  -947.432E-03,      -1.76188,      -1.75913,  -950.182E-03,   47.2416E-03
F:/Desktop/DeepOnet_Abaqus/StaticElasticJob.odb,Step-1,Increment      1: Step Time =    1.000,"PLATE-1",           418,             1,   983.772E-03,   413.555E-03,            0.,"ASSEMBLY_PLATE-1__PICKEDSET2","ROCK","",  -965.659E-03,      -1.74136,      -1.74108,  -965.939E-03,   14.7302E-03
F:/Desktop/DeepOnet_Abaqus/StaticElasticJob.odb,Step-1,Increment      1: Step Time =    1.000,"PLATE-1",           419,             1,       1.23128,   367.624E-03,            0.,"ASSEMBLY_PLATE-1__PICKEDSET2","ROCK","",  -993.688E-03,      -1.72005,      -1.71973,  -994.002E-03,  -15.1059E-03
F:/Desktop/DeepOnet_Abaqus/StaticElasticJob.odb,Step-1,Increment      1: Step Time =    1.000,"PLATE-1",           420,             1,       1.39898,   320.572E-03,            0.,"ASSEMBLY_PLATE-1__PICKEDSET2","ROCK","",      -1.00377,      -1.71806,      -1.71731,      -1.00453,  -23.2052E-03
F:/Desktop/DeepOnet_Abaqus/StaticElasticJob.odb,Step-1,Increment      1: Step Time =    1.000,"PLATE-1",           421,             1,       1.47367,   428.893E-03,            0.,"ASSEMBLY_PLATE-1__PICKEDSET2","ROCK","",      -1.00480,      -1.71569,      -1.71478,      -1.00571,  -25.4053E-03
F:/Desktop/DeepOnet_Abaqus/StaticElasticJob.odb,Step-1,Increment      1: Step Time =    1.000,"PLATE-1",           422,             1,       1.46577,   523.801E-03,            0.,"ASSEMBLY_PLATE-1__PICKEDSET2","ROCK","",      -1.00491,      -1.71227,      -1.71128,      -1.00589,  -26.3704E-03
F:/Desktop/DeepOnet_Abaqus/StaticElasticJob.odb,Step-1,Increment      1: Step Time =    1.000,"PLATE-1",           423,             1,       1.55507,   541.864E-03,            0.,"ASSEMBLY_PLATE-1__PICKEDSET2","ROCK","",      -1.00938,      -1.71032,      -1.70937,      -1.01032,  -25.7313E-03
F:/Desktop/DeepOnet_Abaqus/StaticElasticJob.odb,Step-1,Increment      1: Step Time =    1.000,"PLATE-1",           424,             1,   235.747E-03,       1.09935,            0.,"ASSEMBLY_PLATE-1__PICKEDSET2","ROCK","",  -518.323E-03,      -2.47446,      -2.45019,  -542.600E-03,  -216.562E-03
F:/Desktop/DeepOnet_Abaqus/StaticElasticJob.odb,Step-1,Increment      1: Step Time =    1.000,"PLATE-1",           425,             1,   237.134E-03,   934.373E-03,            0.,"ASSEMBLY_PLATE-1__PICKEDSET2","ROCK","",  -769.509E-03,      -2.25294,      -2.25190,  -770.539E-03,   39.0910E-03
F:/Desktop/DeepOnet_Abaqus/StaticElasticJob.odb,Step-1,Increment      1: Step Time =    1.000,"PLATE-1",           426,             1,   323.385E-03,   995.847E-03,            0.,"ASSEMBLY_PLATE-1__PICKEDSET2","ROCK","",  -641.969E-03,      -2.22557,      -2.22152,  -646.018E-03,  -79.9736E-03
F:/Desktop/DeepOnet_Abaqus/StaticElasticJob.odb,Step-1,Increment      1: Step Time =    1.000,"PLATE-1",           427,             1,   555.357E-03,   807.541E-03,            0.,"ASSEMBLY_PLATE-1__PICKEDSET2","ROCK","",  -755.802E-03,      -1.95831,      -1.95391,  -760.196E-03,  -72.5599E-03
F:/Desktop/DeepOnet_Abaqus/StaticElasticJob.odb,Step-1,Increment      1: Step Time =    1.000,"PLATE-1",           428,             1,   651.447E-03,   785.221E-03,            0.,"ASSEMBLY_PLATE-1__PICKEDSET2","ROCK","",  -800.983E-03,      -1.88960,      -1.88472,  -805.861E-03,  -72.7018E-03
F:/Desktop/DeepOnet_Abaqus/StaticElasticJob.odb,Step-1,Increment      1: Step Time =    1.000,"PLATE-1",           429,             1,   746.771E-03,   773.206E-03,            0.,"ASSEMBLY_PLATE-1__PICKEDSET2","ROCK","",  -849.889E-03,      -1.83146,      -1.82563,  -855.727E-03,  -75.4759E-03
F:/Desktop/DeepOnet_Abaqus/StaticElasticJob.odb,Step-1,Increment      1: Step Time =    1.000,"PLATE-1",           430,             1,   897.633E-03,   771.024E-03,            0.,"ASSEMBLY_PLATE-1__PICKEDSET2","ROCK","",  -902.026E-03,      -1.77361,      -1.76743,  -908.209E-03,  -73.1514E-03
F:/Desktop/DeepOnet_Abaqus/StaticElasticJob.odb,Step-1,Increment      1: Step Time =    1.000,"PLATE-1",           431,             1,       1.08532,   796.776E-03,            0.,"ASSEMBLY_PLATE-1__PICKEDSET2","ROCK","",  -960.017E-03,      -1.71696,      -1.71172,  -965.256E-03,  -62.7505E-03
F:/Desktop/DeepOnet_Abaqus/StaticElasticJob.odb,Step-1,Increment      1: Step Time =    1.000,"PLATE-1",           432,             1,       1.16672,   763.530E-03,            0.,"ASSEMBLY_PLATE-1__PICKEDSET2","ROCK","",  -975.059E-03,      -1.71020,      -1.70660,  -978.657E-03,  -51.3054E-03
F:/Desktop/DeepOnet_Abaqus/StaticElasticJob.odb,Step-1,Increment      1: Step Time =    1.000,"PLATE-1",           433,             1,       1.20375,   845.769E-03,            0.,"ASSEMBLY_PLATE-1__PICKEDSET2","ROCK","",  -991.445E-03,      -1.69164,      -1.68767,  -995.409E-03,  -52.5396E-03
F:/Desktop/DeepOnet_Abaqus/StaticElasticJob.odb,Step-1,Increment      1: Step Time =    1.000,"PLATE-1",           434,             1,      -1.47952,      -1.12533,            0.,"ASSEMBLY_PLATE-1__PICKEDSET2","ROCK","",      -1.00899,      -1.77337,      -1.77242,      -1.00994,   26.8583E-03
F:/Desktop/DeepOnet_Abaqus/StaticElasticJob.odb,Step-1,Increment      1: Step Time =    1.000,"PLATE-1",           435,             1,       1.45472,  -355.018E-03,            0.,"ASSEMBLY_PLATE-1__PICKEDSET2","ROCK","",      -1.00504,      -1.74408,      -1.74165,      -1.00746,  -42.2367E-03
F:/Desktop/DeepOnet_Abaqus/StaticElasticJob.odb,Step-1,Increment      1: Step Time =    1.000,"PLATE-1",           436,             1,       1.27650,  -198.205E-03,            0.,"ASSEMBLY_PLATE-1__PICKEDSET2","ROCK","",      -1.01222,      -1.72743,      -1.72493,      -1.01472,  -42.2228E-03
F:/Desktop/DeepOnet_Abaqus/StaticElasticJob.odb,Step-1,Increment      1: Step Time =    1.000,"PLATE-1",           437,             1,       1.25272,   132.910E-03,            0.,"ASSEMBLY_PLATE-1__PICKEDSET2","ROCK","",      -1.01055,      -1.71331,      -1.71272,      -1.01115,  -20.4836E-03
F:/Desktop/DeepOnet_Abaqus/StaticElasticJob.odb,Step-1,Increment      1: Step Time =    1.000,"PLATE-1",           438,             1,       1.10876,   113.253E-03,            0.,"ASSEMBLY_PLATE-1__PICKEDSET2","ROCK","",      -1.01603,      -1.70326,      -1.70303,      -1.01626,  -12.4856E-03
F:/Desktop/DeepOnet_Abaqus/StaticElasticJob.odb,Step-1,Increment      1: Step Time =    1.000,"PLATE-1",           439,             1,   987.540E-03,   269.844E-03,            0.,"ASSEMBLY_PLATE-1__PICKEDSET2","ROCK","",  -995.747E-03,      -1.71412,      -1.71365,  -996.216E-03,   18.3543E-03
F:/Desktop/DeepOnet_Abaqus/StaticElasticJob.odb,Step-1,Increment      1: Step Time =    1.000,"PLATE-1",           440,             1,       1.39516,  -43.8575E-03,            0.,"ASSEMBLY_PLATE-1__PICKEDSET2","ROCK","",      -1.01163,      -1.72401,      -1.72246,      -1.01318,  -33.1842E-03
F:/Desktop/DeepOnet_Abaqus/StaticElasticJob.odb,Step-1,Increment      1: Step Time =    1.000,"PLATE-1",           441,             1,       1.40513,   139.005E-03,            0.,"ASSEMBLY_PLATE-1__PICKEDSET2","ROCK","",      -1.00926,      -1.71962,      -1.71865,      -1.01023,  -26.2234E-03
F:/Desktop/DeepOnet_Abaqus/StaticElasticJob.odb,Step-1,Increment      1: Step Time =    1.000,"PLATE-1",           442,             1,       1.40381,   229.885E-03,            0.,"ASSEMBLY_PLATE-1__PICKEDSET2","ROCK","",      -1.00673,      -1.71882,      -1.71801,      -1.00753,  -23.9510E-03
F:/Desktop/DeepOnet_Abaqus/StaticElasticJob.odb,Step-1,Increment      1: Step Time =    1.000,"PLATE-1",           443,             1,       1.24330,   290.750E-03,            0.,"ASSEMBLY_PLATE-1__PICKEDSET2","ROCK","",      -1.00036,      -1.71716,      -1.71683,      -1.00070,  -15.5013E-03
F:/Desktop/DeepOnet_Abaqus/StaticElasticJob.odb,Step-1,Increment      1: Step Time =    1.000,"PLATE-1",           444,             1,       1.24891,   212.455E-03,            0.,"ASSEMBLY_PLATE-1__PICKEDSET2","ROCK","",      -1.00576,      -1.71491,      -1.71450,      -1.00616,  -16.9938E-03
F:/Desktop/DeepOnet_Abaqus/StaticElasticJob.odb,Step-1,Increment      1: Step Time =    1.000,"PLATE-1",           445,             1,       1.32615,   221.200E-03,            0.,"ASSEMBLY_PLATE-1__PICKEDSET2","ROCK","",      -1.00596,      -1.71713,      -1.71649,      -1.00660,  -21.2925E-03
F:/Desktop/DeepOnet_Abaqus/StaticElasticJob.odb,Step-1,Increment      1: Step Time =    1.000,"PLATE-1",           446,             1,       1.40259,   47.8324E-03,            0.,"ASSEMBLY_PLATE-1__PICKEDSET2","ROCK","",      -1.01080,      -1.72137,      -1.72016,      -1.01200,  -29.2476E-03
F:/Desktop/DeepOnet_Abaqus/StaticElasticJob.odb,Step-1,Increment      1: Step Time =    1.000,"PLATE-1",           447,             1,      -1.46804,   519.868E-03,            0.,"ASSEMBLY_PLATE-1__PICKEDSET2","ROCK","",      -1.02655,      -1.74294,      -1.74293,      -1.02656,   3.08955E-03
F:/Desktop/DeepOnet_Abaqus/StaticElasticJob.odb,Step-1,Increment      1: Step Time =    1.000,"PLATE-1",           448,             1,       1.30144,  -117.905E-03,            0.,"ASSEMBLY_PLATE-1__PICKEDSET2","ROCK","",      -1.01349,      -1.72315,      -1.72120,      -1.01544,  -37.1780E-03
F:/Desktop/DeepOnet_Abaqus/StaticElasticJob.odb,Step-1,Increment      1: Step Time =    1.000,"PLATE-1",           449,             1,       1.22611,  -97.4013E-03,            0.,"ASSEMBLY_PLATE-1__PICKEDSET2","ROCK","",      -1.01641,      -1.71679,      -1.71491,      -1.01829,  -36.2386E-03
F:/Desktop/DeepOnet_Abaqus/StaticElasticJob.odb,Step-1,Increment      1: Step Time =    1.000,"PLATE-1",           450,             1,       1.07371,  -261.487E-03,            0.,"ASSEMBLY_PLATE-1__PICKEDSET2","ROCK","",      -1.01708,      -1.72266,      -1.71819,      -1.02154,  -55.9376E-03
F:/Desktop/DeepOnet_Abaqus/StaticElasticJob.odb,Step-1,Increment      1: Step Time =    1.000,"PLATE-1",           451,             1,   517.009E-03,  -362.412E-03,            0.,"ASSEMBLY_PLATE-1__PICKEDSET2","ROCK","",  -973.840E-03,      -1.82420,      -1.78267,      -1.01537,  -183.280E-03
F:/Desktop/DeepOnet_Abaqus/StaticElasticJob.odb,Step-1,Increment      1: Step Time =    1.000,"PLATE-1",           452,             1,   625.172E-03,  -514.468E-03,            0.,"ASSEMBLY_PLATE-1__PICKEDSET2","ROCK","",  -975.668E-03,      -1.81170,      -1.79813,  -989.241E-03,  -105.657E-03
F:/Desktop/DeepOnet_Abaqus/StaticElasticJob.odb,Step-1,Increment      1: Step Time =    1.000,"PLATE-1",           453,             1,   842.392E-03,  -597.602E-03,            0.,"ASSEMBLY_PLATE-1__PICKEDSET2","ROCK","",  -984.545E-03,      -1.78730,      -1.78069,  -991.159E-03,  -72.5636E-03
F:/Desktop/DeepOnet_Abaqus/StaticElasticJob.odb,Step-1,Increment      1: Step Time =    1.000,"PLATE-1",           454,             1,   994.463E-03,  -713.024E-03,            0.,"ASSEMBLY_PLATE-1__PICKEDSET2","ROCK","",  -985.303E-03,      -1.78529,      -1.78143,  -989.167E-03,  -55.4687E-03
F:/Desktop/DeepOnet_Abaqus/StaticElasticJob.odb,Step-1,Increment      1: Step Time =    1.000,"PLATE-1",           455,             1,       1.12192,  -934.834E-03,            0.,"ASSEMBLY_PLATE-1__PICKEDSET2","ROCK","",  -985.268E-03,      -1.78741,      -1.78546,  -987.211E-03,  -39.4375E-03
F:/Desktop/DeepOnet_Abaqus/StaticElasticJob.odb,Step-1,Increment      1: Step Time =    1.000,"PLATE-1",           456,             1,       1.24671,      -1.05199,            0.,"ASSEMBLY_PLATE-1__PICKEDSET2","ROCK","",  -987.176E-03,      -1.78492,      -1.78348,  -988.616E-03,  -33.8528E-03
F:/Desktop/DeepOnet_Abaqus/StaticElasticJob.odb,Step-1,Increment      1: Step Time =    1.000,"PLATE-1",           457,             1,       1.30067,      -1.16545,            0.,"ASSEMBLY_PLATE-1__PICKEDSET2","ROCK","",  -988.327E-03,      -1.78409,      -1.78301,  -989.406E-03,  -29.2827E-03
F:/Desktop/DeepOnet_Abaqus/StaticElasticJob.odb,Step-1,Increment      1: Step Time =    1.000,"PLATE-1",           458,             1,       1.55172,      -1.15564,            0.,"ASSEMBLY_PLATE-1__PICKEDSET2","ROCK","",  -991.947E-03,      -1.77688,      -1.77581,  -993.024E-03,  -29.0658E-03
F:/Desktop/DeepOnet_Abaqus/StaticElasticJob.odb,Step-1,Increment      1: Step Time =    1.000,"PLATE-1",           459,             1,   293.516E-03,  -201.259E-03,            0.,"ASSEMBLY_PLATE-1__PICKEDSET2","ROCK","",  -913.477E-03,      -2.20525,      -1.91438,      -1.20435,  -539.572E-03
F:/Desktop/DeepOnet_Abaqus/StaticElasticJob.odb,Step-1,Increment      1: Step Time =    1.000,"PLATE-1",           460,             1,       1.55184,  -251.083E-03,            0.,"ASSEMBLY_PLATE-1__PICKEDSET2","ROCK","",      -1.00719,      -1.73960,      -1.73762,      -1.00918,  -38.0770E-03
F:/Desktop/DeepOnet_Abaqus/StaticElasticJob.odb,Step-1,Increment      1: Step Time =    1.000,"PLATE-1",           461,             1,       1.45362,  -250.778E-03,            0.,"ASSEMBLY_PLATE-1__PICKEDSET2","ROCK","",      -1.00755,      -1.73749,      -1.73528,      -1.00976,  -40.0974E-03
F:/Desktop/DeepOnet_Abaqus/StaticElasticJob.odb,Step-1,Increment      1: Step Time =    1.000,"PLATE-1",           462,             1,       1.46651,  -148.046E-03,            0.,"ASSEMBLY_PLATE-1__PICKEDSET2","ROCK","",      -1.00976,      -1.73150,      -1.72962,      -1.01164,  -36.7572E-03
F:/Desktop/DeepOnet_Abaqus/StaticElasticJob.odb,Step-1,Increment      1: Step Time =    1.000,"PLATE-1",           463,             1,       1.55993,   48.2825E-03,            0.,"ASSEMBLY_PLATE-1__PICKEDSET2","ROCK","",      -1.01048,      -1.72632,      -1.72502,      -1.01179,  -30.5752E-03
F:/Desktop/DeepOnet_Abaqus/StaticElasticJob.odb,Step-1,Increment      1: Step Time =    1.000,"PLATE-1",           464,             1,       1.55801,  -50.9049E-03,            0.,"ASSEMBLY_PLATE-1__PICKEDSET2","ROCK","",      -1.01008,      -1.72967,      -1.72814,      -1.01162,  -33.1841E-03
F:/Desktop/DeepOnet_Abaqus/StaticElasticJob.odb,Step-1,Increment      1: Step Time =    1.000,"PLATE-1",           465,             1,      -1.06007,  -327.181E-03,            0.,"ASSEMBLY_PLATE-1__PICKEDSET2","ROCK","",      -1.04813,      -1.73100,      -1.72565,      -1.05348,   60.2256E-03
F:/Desktop/DeepOnet_Abaqus/StaticElasticJob.odb,Step-1,Increment      1: Step Time =    1.000,"PLATE-1",           466,             1,  -772.305E-03,      -1.33146,            0.,"ASSEMBLY_PLATE-1__PICKEDSET2","ROCK","",      -1.00069,      -1.79673,      -1.79588,      -1.00154,   26.0645E-03
F:/Desktop/DeepOnet_Abaqus/StaticElasticJob.odb,Step-1,Increment      1: Step Time =    1.000,"PLATE-1",           467,             1,  -989.546E-03,  -317.717E-03,            0.,"ASSEMBLY_PLATE-1__PICKEDSET2","ROCK","",      -1.05186,      -1.72757,      -1.72044,      -1.05899,   69.0620E-03
F:/Desktop/DeepOnet_Abaqus/StaticElasticJob.odb,Step-1,Increment      1: Step Time =    1.000,"PLATE-1",           468,             1,  -793.164E-03,  -348.624E-03,            0.,"ASSEMBLY_PLATE-1__PICKEDSET2","ROCK","",      -1.04593,      -1.74168,      -1.72528,      -1.06233,   105.576E-03
F:/Desktop/DeepOnet_Abaqus/StaticElasticJob.odb,Step-1,Increment      1: Step Time =    1.000,"PLATE-1",           469,             1,  -681.986E-03,  -300.449E-03,            0.,"ASSEMBLY_PLATE-1__PICKEDSET2","ROCK","",      -1.04881,      -1.74069,      -1.70943,      -1.08007,   143.709E-03
F:/Desktop/DeepOnet_Abaqus/StaticElasticJob.odb,Step-1,Increment      1: Step Time =    1.000,"PLATE-1",           470,             1,  -549.026E-03,  -430.168E-03,            0.,"ASSEMBLY_PLATE-1__PICKEDSET2","ROCK","",      -1.00305,      -1.83452,      -1.80328,      -1.03429,   158.117E-03
F:/Desktop/DeepOnet_Abaqus/StaticElasticJob.odb,Step-1,Increment      1: Step Time =    1.000,"PLATE-1",           471,             1,  -585.908E-03,  -222.920E-03,            0.,"ASSEMBLY_PLATE-1__PICKEDSET2","ROCK","",      -1.06175,      -1.71384,      -1.64636,      -1.12922,   198.607E-03
F:/Desktop/DeepOnet_Abaqus/StaticElasticJob.odb,Step-1,Increment      1: Step Time =    1.000,"PLATE-1",           472,             1,  -660.698E-03,  -454.895E-03,            0.,"ASSEMBLY_PLATE-1__PICKEDSET2","ROCK","",      -1.01658,      -1.79611,      -1.77595,      -1.03674,   123.720E-03
F:/Desktop/DeepOnet_Abaqus/StaticElasticJob.odb,Step-1,Increment      1: Step Time =    1.000,"PLATE-1",           473,             1,  -758.720E-03,  -204.321E-03,            0.,"ASSEMBLY_PLATE-1__PICKEDSET2","ROCK","",      -1.08899,      -1.67691,      -1.65660,      -1.10929,   107.363E-03
F:/Desktop/DeepOnet_Abaqus/StaticElasticJob.odb,Step-1,Increment      1: Step Time =    1.000,"PLATE-1",           474,             1,  -930.804E-03,  -192.184E-03,            0.,"ASSEMBLY_PLATE-1__PICKEDSET2","ROCK","",      -1.07739,      -1.69232,      -1.68522,      -1.08449,   65.6983E-03
F:/Desktop/DeepOnet_Abaqus/StaticElasticJob.odb,Step-1,Increment      1: Step Time =    1.000,"PLATE-1",           475,             1,   146.663E-03,  -198.033E-03,            0.,"ASSEMBLY_PLATE-1__PICKEDSET2","ROCK","",  -32.4975E-03,      -2.71168,      -2.58478,  -159.401E-03,  -569.116E-03
F:/Desktop/DeepOnet_Abaqus/StaticElasticJob.odb,Step-1,Increment      1: Step Time =    1.000,"PLATE-1",           476,             1,   357.435E-03,  -431.400E-03,            0.,"ASSEMBLY_PLATE-1__PICKEDSET2","ROCK","",  -925.913E-03,      -1.93313,      -1.89513,  -963.914E-03,  -191.915E-03
F:/Desktop/DeepOnet_Abaqus/StaticElasticJob.odb,Step-1,Increment      1: Step Time =    1.000,"PLATE-1",           477,             1,   480.380E-03,  -622.099E-03,            0.,"ASSEMBLY_PLATE-1__PICKEDSET2","ROCK","",  -954.385E-03,      -1.85978,      -1.85008,  -964.084E-03,  -93.2086E-03
F:/Desktop/DeepOnet_Abaqus/StaticElasticJob.odb,Step-1,Increment      1: Step Time =    1.000,"PLATE-1",           478,             1,   718.536E-03,  -721.396E-03,            0.,"ASSEMBLY_PLATE-1__PICKEDSET2","ROCK","",  -973.605E-03,      -1.81380,      -1.80867,  -978.736E-03,  -65.4575E-03
F:/Desktop/DeepOnet_Abaqus/StaticElasticJob.odb,Step-1,Increment      1: Step Time =    1.000,"PLATE-1",           479,             1,   763.969E-03,  -858.329E-03,            0.,"ASSEMBLY_PLATE-1__PICKEDSET2","ROCK","",  -975.126E-03,      -1.81190,      -1.80914,  -977.881E-03,  -47.9374E-03
F:/Desktop/DeepOnet_Abaqus/StaticElasticJob.odb,Step-1,Increment      1: Step Time =    1.000,"PLATE-1",           480,             1,   904.631E-03,      -1.07268,            0.,"ASSEMBLY_PLATE-1__PICKEDSET2","ROCK","",  -981.128E-03,      -1.80132,      -1.80007,  -982.379E-03,  -32.0067E-03
F:/Desktop/DeepOnet_Abaqus/StaticElasticJob.odb,Step-1,Increment      1: Step Time =    1.000,"PLATE-1",           481,             1,       1.05899,      -1.26989,            0.,"ASSEMBLY_PLATE-1__PICKEDSET2","ROCK","",  -985.572E-03,      -1.79330,      -1.79255,  -986.318E-03,  -24.5385E-03
F:/Desktop/DeepOnet_Abaqus/StaticElasticJob.odb,Step-1,Increment      1: Step Time =    1.000,"PLATE-1",           482,             1,       1.39454,      -1.33653,            0.,"ASSEMBLY_PLATE-1__PICKEDSET2","ROCK","",  -990.127E-03,      -1.78249,      -1.78174,  -990.881E-03,  -24.4346E-03
F:/Desktop/DeepOnet_Abaqus/StaticElasticJob.odb,Step-1,Increment      1: Step Time =    1.000,"PLATE-1",           483,             1,       1.47243,      -1.34995,            0.,"ASSEMBLY_PLATE-1__PICKEDSET2","ROCK","",  -991.077E-03,      -1.78056,      -1.77983,  -991.805E-03,  -23.9577E-03
F:/Desktop/DeepOnet_Abaqus/StaticElasticJob.odb,Step-1,Increment      1: Step Time =    1.000,"PLATE-1",           484,             1,   522.964E-03,  -460.063E-03,            0.,"ASSEMBLY_PLATE-1__PICKEDSET2","ROCK","",  -963.973E-03,      -1.83939,      -1.81621,  -987.158E-03,  -140.566E-03
F:/Desktop/DeepOnet_Abaqus/StaticElasticJob.odb,Step-1,Increment      1: Step Time =    1.000,"PLATE-1",           485,             1,   821.646E-03,  -834.110E-03,            0.,"ASSEMBLY_PLATE-1__PICKEDSET2","ROCK","",  -977.471E-03,      -1.80564,      -1.80256,  -980.553E-03,  -50.4283E-03
F:/Desktop/DeepOnet_Abaqus/StaticElasticJob.odb,Step-1,Increment      1: Step Time =    1.000,"PLATE-1",           486,             1,   960.771E-03,  -995.032E-03,            0.,"ASSEMBLY_PLATE-1__PICKEDSET2","ROCK","",  -981.637E-03,      -1.79791,      -1.79623,  -983.316E-03,  -36.9768E-03
F:/Desktop/DeepOnet_Abaqus/StaticElasticJob.odb,Step-1,Increment      1: Step Time =    1.000,"PLATE-1",           487,             1,       1.08514,      -1.17132,            0.,"ASSEMBLY_PLATE-1__PICKEDSET2","ROCK","",  -984.915E-03,      -1.79263,      -1.79159,  -985.954E-03,  -28.9428E-03
F:/Desktop/DeepOnet_Abaqus/StaticElasticJob.odb,Step-1,Increment      1: Step Time =    1.000,"PLATE-1",           488,             1,       1.21339,      -1.12648,            0.,"ASSEMBLY_PLATE-1__PICKEDSET2","ROCK","",  -986.877E-03,      -1.78715,      -1.78599,  -988.037E-03,  -30.4408E-03
F:/Desktop/DeepOnet_Abaqus/StaticElasticJob.odb,Step-1,Increment      1: Step Time =    1.000,"PLATE-1",           489,             1,   719.688E-03,  -400.096E-03,            0.,"ASSEMBLY_PLATE-1__PICKEDSET2","ROCK","",  -995.981E-03,      -1.76771,      -1.75107,      -1.01262,  -112.086E-03
F:/Desktop/DeepOnet_Abaqus/StaticElasticJob.odb,Step-1,Increment      1: Step Time =    1.000,"PLATE-1",           490,             1,   741.883E-03,  -312.107E-03,            0.,"ASSEMBLY_PLATE-1__PICKEDSET2","ROCK","",      -1.01675,      -1.73008,      -1.71201,      -1.03483,  -112.094E-03
F:/Desktop/DeepOnet_Abaqus/StaticElasticJob.odb,Step-1,Increment      1: Step Time =    1.000,"PLATE-1",           491,             1,   937.992E-03,  -382.007E-03,            0.,"ASSEMBLY_PLATE-1__PICKEDSET2","ROCK","",      -1.00817,      -1.74196,      -1.73408,      -1.01604,  -75.6092E-03
F:/Desktop/DeepOnet_Abaqus/StaticElasticJob.odb,Step-1,Increment      1: Step Time =    1.000,"PLATE-1",           492,             1,       1.08576,  -355.344E-03,            0.,"ASSEMBLY_PLATE-1__PICKEDSET2","ROCK","",      -1.00854,      -1.73845,      -1.73365,      -1.01334,  -58.9891E-03
F:/Desktop/DeepOnet_Abaqus/StaticElasticJob.odb,Step-1,Increment      1: Step Time =    1.000,"PLATE-1",           493,             1,       1.35916,  -231.782E-03,            0.,"ASSEMBLY_PLATE-1__PICKEDSET2","ROCK","",      -1.00942,      -1.73360,      -1.73120,      -1.01182,  -41.6015E-03
F:/Desktop/DeepOnet_Abaqus/StaticElasticJob.odb,Step-1,Increment      1: Step Time =    1.000,"PLATE-1",           494,             1,  -279.129E-03,  -64.0835E-03,            0.,"ASSEMBLY_PLATE-1__PICKEDSET2","ROCK","",  -129.375E-03,      -1.67977,  -147.579E-03,      -1.66157,   167.012E-03
F:/Desktop/DeepOnet_Abaqus/StaticElasticJob.odb,Step-1,Increment      1: Step Time =    1.000,"PLATE-1",           495,             1,  -434.933E-03,  -46.9349E-03,            0.,"ASSEMBLY_PLATE-1__PICKEDSET2","ROCK","",      -1.08620,      -1.48754,      -1.15807,      -1.41567,   153.888E-03
F:/Desktop/DeepOnet_Abaqus/StaticElasticJob.odb,Step-1,Increment      1: Step Time =    1.000,"PLATE-1",           496,             1,  -631.667E-03,  -179.157E-03,            0.,"ASSEMBLY_PLATE-1__PICKEDSET2","ROCK","",      -1.09791,      -1.65682,      -1.60541,      -1.14933,   161.533E-03
F:/Desktop/DeepOnet_Abaqus/StaticElasticJob.odb,Step-1,Increment      1: Step Time =    1.000,"PLATE-1",           497,             1,  -719.367E-03,  -160.902E-03,            0.,"ASSEMBLY_PLATE-1__PICKEDSET2","ROCK","",      -1.11197,      -1.64172,      -1.61806,      -1.13563,   109.419E-03
F:/Desktop/DeepOnet_Abaqus/StaticElasticJob.odb,Step-1,Increment      1: Step Time =    1.000,"PLATE-1",           498,             1,  -902.608E-03,  -10.5066E-03,            0.,"ASSEMBLY_PLATE-1__PICKEDSET2","ROCK","",      -1.10838,      -1.64773,      -1.64699,      -1.10912,   19.9978E-03
F:/Desktop/DeepOnet_Abaqus/StaticElasticJob.odb,Step-1,Increment      1: Step Time =    1.000,"PLATE-1",           499,             1,  -625.184E-03,  -13.6943E-03,            0.,"ASSEMBLY_PLATE-1__PICKEDSET2","ROCK","",      -1.21588,      -1.48126,      -1.47618,      -1.22096,   36.3691E-03
F:/Desktop/DeepOnet_Abaqus/StaticElasticJob.odb,Step-1,Increment      1: Step Time =    1.000,"PLATE-1",           500,             1,  -998.705E-03,  -191.961E-03,            0.,"ASSEMBLY_PLATE-1__PICKEDSET2","ROCK","",      -1.07053,      -1.70088,      -1.69594,      -1.07547,   55.5647E-03
F:/Desktop/DeepOnet_Abaqus/StaticElasticJob.odb,Step-1,Increment      1: Step Time =    1.000,"PLATE-1",           501,             1,      -1.13774,  -267.367E-03,            0.,"ASSEMBLY_PLATE-1__PICKEDSET2","ROCK","",      -1.05108,      -1.72508,      -1.72155,      -1.05461,   48.6763E-03
F:/Desktop/DeepOnet_Abaqus/StaticElasticJob.odb,Step-1,Increment      1: Step Time =    1.000,"PLATE-1",           502,             1,      -1.22217,  -122.196E-03,            0.,"ASSEMBLY_PLATE-1__PICKEDSET2","ROCK","",      -1.05578,      -1.71646,      -1.71502,      -1.05722,   30.7855E-03
F:/Desktop/DeepOnet_Abaqus/StaticElasticJob.odb,Step-1,Increment      1: Step Time =    1.000,"PLATE-1",           503,             1,      -1.39014,   51.9253E-03,            0.,"ASSEMBLY_PLATE-1__PICKEDSET2","ROCK","",      -1.04489,      -1.72648,      -1.72616,      -1.04520,   14.6642E-03
F:/Desktop/DeepOnet_Abaqus/StaticElasticJob.odb,Step-1,Increment      1: Step Time =    1.000,"PLATE-1",           504,             1,      -1.30556,  -39.1174E-03,            0.,"ASSEMBLY_PLATE-1__PICKEDSET2","ROCK","",      -1.05135,      -1.72028,      -1.71960,      -1.05203,   21.2654E-03
F:/Desktop/DeepOnet_Abaqus/StaticElasticJob.odb,Step-1,Increment      1: Step Time =    1.000,"PLATE-1",           505,             1,  -742.516E-03,   37.9002E-03,            0.,"ASSEMBLY_PLATE-1__PICKEDSET2","ROCK","",      -1.15690,      -1.57351,      -1.57327,      -1.15714,  -9.91735E-03
F:/Desktop/DeepOnet_Abaqus/StaticElasticJob.odb,Step-1,Increment      1: Step Time =    1.000,"PLATE-1",           506,             1,  -988.934E-03,  -61.4174E-03,            0.,"ASSEMBLY_PLATE-1__PICKEDSET2","ROCK","",      -1.08791,      -1.67611,      -1.67444,      -1.08958,   31.3267E-03
F:/Desktop/DeepOnet_Abaqus/StaticElasticJob.odb,Step-1,Increment      1: Step Time =    1.000,"PLATE-1",           507,             1,      -1.21306,   51.4917E-03,            0.,"ASSEMBLY_PLATE-1__PICKEDSET2","ROCK","",      -1.05940,      -1.71008,      -1.70989,      -1.05959,   11.1198E-03
F:/Desktop/DeepOnet_Abaqus/StaticElasticJob.odb,Step-1,Increment      1: Step Time =    1.000,"PLATE-1",           508,             1,      -1.38547,   146.302E-03,            0.,"ASSEMBLY_PLATE-1__PICKEDSET2","ROCK","",      -1.04443,      -1.72649,      -1.72640,      -1.04452,   8.04608E-03
F:/Desktop/DeepOnet_Abaqus/StaticElasticJob.odb,Step-1,Increment      1: Step Time =    1.000,"PLATE-1",           509,             1,  -272.812E-03,   170.809E-03,            0.,"ASSEMBLY_PLATE-1__PICKEDSET2","ROCK","",  -495.093E-03,      -2.05795,      -1.57807,  -974.974E-03,  -720.902E-03
F:/Desktop/DeepOnet_Abaqus/StaticElasticJob.odb,Step-1,Increment      1: Step Time =    1.000,"PLATE-1",           510,             1,  -669.054E-03,   233.261E-03,            0.,"ASSEMBLY_PLATE-1__PICKEDSET2","ROCK","",      -1.07258,      -1.66442,      -1.63111,      -1.10589,  -136.391E-03
F:/Desktop/DeepOnet_Abaqus/StaticElasticJob.odb,Step-1,Increment      1: Step Time =    1.000,"PLATE-1",           511,             1,  -713.339E-03,   191.641E-03,            0.,"ASSEMBLY_PLATE-1__PICKEDSET2","ROCK","",      -1.10101,      -1.63423,      -1.61334,      -1.12190,  -103.445E-03
F:/Desktop/DeepOnet_Abaqus/StaticElasticJob.odb,Step-1,Increment      1: Step Time =    1.000,"PLATE-1",           512,             1,  -896.175E-03,   182.543E-03,            0.,"ASSEMBLY_PLATE-1__PICKEDSET2","ROCK","",      -1.08820,      -1.66997,      -1.66716,      -1.09100,  -40.3071E-03
F:/Desktop/DeepOnet_Abaqus/StaticElasticJob.odb,Step-1,Increment      1: Step Time =    1.000,"PLATE-1",           513,             1,  -802.541E-03,   191.803E-03,            0.,"ASSEMBLY_PLATE-1__PICKEDSET2","ROCK","",      -1.09837,      -1.65072,      -1.64265,      -1.10644,  -66.2695E-03
F:/Desktop/DeepOnet_Abaqus/StaticElasticJob.odb,Step-1,Increment      1: Step Time =    1.000,"PLATE-1",           514,             1,      -1.10353,   109.467E-03,            0.,"ASSEMBLY_PLATE-1__PICKEDSET2","ROCK","",      -1.07012,      -1.69660,      -1.69660,      -1.07012,  -213.124E-06
F:/Desktop/DeepOnet_Abaqus/StaticElasticJob.odb,Step-1,Increment      1: Step Time =    1.000,"PLATE-1",           515,             1,      -1.18457,   135.799E-03,            0.,"ASSEMBLY_PLATE-1__PICKEDSET2","ROCK","",      -1.05892,      -1.71022,      -1.71022,      -1.05892,   652.205E-06
F:/Desktop/DeepOnet_Abaqus/StaticElasticJob.odb,Step-1,Increment      1: Step Time =    1.000,"PLATE-1",           516,             1,       1.16854,   279.305E-03,            0.,"ASSEMBLY_PLATE-1__PICKEDSET2","ROCK","",      -1.00028,      -1.71500,      -1.71491,      -1.00037,  -7.94919E-03
F:/Desktop/DeepOnet_Abaqus/StaticElasticJob.odb,Step-1,Increment      1: Step Time =    1.000,"PLATE-1",           517,             1,   794.302E-03,   220.743E-03,            0.,"ASSEMBLY_PLATE-1__PICKEDSET2","ROCK","",      -1.01369,      -1.68841,      -1.68058,      -1.02152,   72.2577E-03
F:/Desktop/DeepOnet_Abaqus/StaticElasticJob.odb,Step-1,Increment      1: Step Time =    1.000,"PLATE-1",           518,             1,   663.052E-03,   155.005E-03,            0.,"ASSEMBLY_PLATE-1__PICKEDSET2","ROCK","",      -1.05039,      -1.62076,      -1.59214,      -1.07900,   124.508E-03
F:/Desktop/DeepOnet_Abaqus/StaticElasticJob.odb,Step-1,Increment      1: Step Time =    1.000,"PLATE-1",           519,             1,   343.650E-03,   167.193E-03,            0.,"ASSEMBLY_PLATE-1__PICKEDSET2","ROCK","",  -649.609E-03,      -1.91457,      -1.51311,      -1.05107,   588.780E-03
F:/Desktop/DeepOnet_Abaqus/StaticElasticJob.odb,Step-1,Increment      1: Step Time =    1.000,"PLATE-1",           520,             1,   6.90462E-03,   210.341E-03,            0.,"ASSEMBLY_PLATE-1__PICKEDSET2","ROCK","",  -116.397E-03,      -3.81186,      -3.80901,  -119.242E-03,   102.492E-03
F:/Desktop/DeepOnet_Abaqus/StaticElasticJob.odb,Step-1,Increment      1: Step Time =    1.000,"PLATE-1",           521,             1,   49.8189E-03,   314.293E-03,            0.,"ASSEMBLY_PLATE-1__PICKEDSET2","ROCK","",  -759.720E-03,      -2.62253,      -2.60722,  -775.035E-03,   168.208E-03
F:/Desktop/DeepOnet_Abaqus/StaticElasticJob.odb,Step-1,Increment      1: Step Time =    1.000,"PLATE-1",           522,             1,  -192.569E-03,   626.006E-03,            0.,"ASSEMBLY_PLATE-1__PICKEDSET2","ROCK","",  -989.381E-03,      -2.06187,      -2.06184,  -989.409E-03,  -5.42061E-03
F:/Desktop/DeepOnet_Abaqus/StaticElasticJob.odb,Step-1,Increment      1: Step Time =    1.000,"PLATE-1",           523,             1,  -440.626E-03,   340.320E-03,            0.,"ASSEMBLY_PLATE-1__PICKEDSET2","ROCK","",  -894.505E-03,      -1.89337,      -1.81857,  -969.303E-03,  -262.904E-03
F:/Desktop/DeepOnet_Abaqus/StaticElasticJob.odb,Step-1,Increment      1: Step Time =    1.000,"PLATE-1",           524,             1,  -593.163E-03,   377.870E-03,            0.,"ASSEMBLY_PLATE-1__PICKEDSET2","ROCK","",  -978.535E-03,      -1.80504,      -1.76837,      -1.01520,  -170.179E-03
F:/Desktop/DeepOnet_Abaqus/StaticElasticJob.odb,Step-1,Increment      1: Step Time =    1.000,"PLATE-1",           525,             1,  -792.733E-03,   359.592E-03,            0.,"ASSEMBLY_PLATE-1__PICKEDSET2","ROCK","",      -1.03457,      -1.74006,      -1.72798,      -1.04666,  -91.5529E-03
F:/Desktop/DeepOnet_Abaqus/StaticElasticJob.odb,Step-1,Increment      1: Step Time =    1.000,"PLATE-1",           526,             1,      -1.07263,   184.939E-03,            0.,"ASSEMBLY_PLATE-1__PICKEDSET2","ROCK","",      -1.06531,      -1.70194,      -1.70162,      -1.06563,  -14.3618E-03
F:/Desktop/DeepOnet_Abaqus/StaticElasticJob.odb,Step-1,Increment      1: Step Time =    1.000,"PLATE-1",           527,             1,      -1.30788,   261.021E-03,            0.,"ASSEMBLY_PLATE-1__PICKEDSET2","ROCK","",      -1.04251,      -1.72821,      -1.72821,      -1.04251,  -1.31359E-03
F:/Desktop/DeepOnet_Abaqus/StaticElasticJob.odb,Step-1,Increment      1: Step Time =    1.000,"PLATE-1",           528,             1,      -1.32553,   490.774E-03,            0.,"ASSEMBLY_PLATE-1__PICKEDSET2","ROCK","",      -1.02834,      -1.74312,      -1.74310,      -1.02836,  -3.62161E-03
F:/Desktop/DeepOnet_Abaqus/StaticElasticJob.odb,Step-1,Increment      1: Step Time =    1.000,"PLATE-1",           529,             1,      -1.40290,   420.215E-03,            0.,"ASSEMBLY_PLATE-1__PICKEDSET2","ROCK","",      -1.03114,      -1.73954,      -1.73954,      -1.03114,  -415.657E-06
F:/Desktop/DeepOnet_Abaqus/StaticElasticJob.odb,Step-1,Increment      1: Step Time =    1.000,"PLATE-1",           530,             1,   726.075E-03,   64.8999E-03,            0.,"ASSEMBLY_PLATE-1__PICKEDSET2","ROCK","",      -1.09322,      -1.58927,      -1.58571,      -1.09679,   41.9061E-03
F:/Desktop/DeepOnet_Abaqus/StaticElasticJob.odb,Step-1,Increment      1: Step Time =    1.000,"PLATE-1",           531,             1,   959.297E-03,   93.5730E-03,            0.,"ASSEMBLY_PLATE-1__PICKEDSET2","ROCK","",      -1.03332,      -1.67727,      -1.67723,      -1.03336,   4.61812E-03
F:/Desktop/DeepOnet_Abaqus/StaticElasticJob.odb,Step-1,Increment      1: Step Time =    1.000,"PLATE-1",           532,             1,       1.03365,   102.286E-03,            0.,"ASSEMBLY_PLATE-1__PICKEDSET2","ROCK","",      -1.02454,      -1.69148,      -1.69144,      -1.02458,  -4.99467E-03
F:/Desktop/DeepOnet_Abaqus/StaticElasticJob.odb,Step-1,Increment      1: Step Time =    1.000,"PLATE-1",           533,             1,       1.48238,   238.341E-03,            0.,"ASSEMBLY_PLATE-1__PICKEDSET2","ROCK","",      -1.00808,      -1.71987,      -1.71893,      -1.00902,  -25.8050E-03
F:/Desktop/DeepOnet_Abaqus/StaticElasticJob.odb,Step-1,Increment      1: Step Time =    1.000,"PLATE-1",           534,             1,       1.55961,   344.642E-03,            0.,"ASSEMBLY_PLATE-1__PICKEDSET2","ROCK","",      -1.00903,      -1.71800,      -1.71706,      -1.00998,  -25.8420E-03
F:/Desktop/DeepOnet_Abaqus/StaticElasticJob.odb,Step-1,Increment      1: Step Time =    1.000,"PLATE-1",           535,             1,   690.702E-03,  -12.1014E-03,            0.,"ASSEMBLY_PLATE-1__PICKEDSET2","ROCK","",      -1.12548,      -1.55446,      -1.55422,      -1.12572,  -10.0440E-03
F:/Desktop/DeepOnet_Abaqus/StaticElasticJob.odb,Step-1,Increment      1: Step Time =    1.000,"PLATE-1",           536,             1,   945.345E-03,  -97.3284E-03,            0.,"ASSEMBLY_PLATE-1__PICKEDSET2","ROCK","",      -1.04457,      -1.67762,      -1.67500,      -1.04719,  -40.6290E-03
F:/Desktop/DeepOnet_Abaqus/StaticElasticJob.odb,Step-1,Increment      1: Step Time =    1.000,"PLATE-1",           537,             1,       1.18112,   58.3950E-03,            0.,"ASSEMBLY_PLATE-1__PICKEDSET2","ROCK","",      -1.01715,      -1.70727,      -1.70657,      -1.01785,  -21.9137E-03
F:/Desktop/DeepOnet_Abaqus/StaticElasticJob.odb,Step-1,Increment      1: Step Time =    1.000,"PLATE-1",           538,             1,      -1.17908,       1.34807,            0.,"ASSEMBLY_PLATE-1__PICKEDSET2","ROCK","",      -1.04296,      -1.69121,      -1.69065,      -1.04352,   19.0699E-03
F:/Desktop/DeepOnet_Abaqus/StaticElasticJob.odb,Step-1,Increment      1: Step Time =    1.000,"PLATE-1",           539,             1,  -905.957E-03,       1.39326,            0.,"ASSEMBLY_PLATE-1__PICKEDSET2","ROCK","",      -1.06206,      -1.64474,      -1.64285,      -1.06395,   33.0676E-03
F:/Desktop/DeepOnet_Abaqus/StaticElasticJob.odb,Step-1,Increment      1: Step Time =    1.000,"PLATE-1",           540,             1,  -811.184E-03,       1.38697,            0.,"ASSEMBLY_PLATE-1__PICKEDSET2","ROCK","",      -1.07296,      -1.62461,      -1.62027,      -1.07731,   48.7702E-03
F:/Desktop/DeepOnet_Abaqus/StaticElasticJob.odb,Step-1,Increment      1: Step Time =    1.000,"PLATE-1",           541,             1,  -299.943E-03,       1.34511,            0.,"ASSEMBLY_PLATE-1__PICKEDSET2","ROCK","",  -962.408E-03,      -1.48529,      -1.13496,      -1.31274,   245.869E-03
F:/Desktop/DeepOnet_Abaqus/StaticElasticJob.odb,Step-1,Increment      1: Step Time =    1.000,"PLATE-1",           542,             1,  -281.012E-03,       1.41919,            0.,"ASSEMBLY_PLATE-1__PICKEDSET2","ROCK","",      -1.02310,      -1.28921,      -1.03294,      -1.27938,   50.2016E-03
F:/Desktop/DeepOnet_Abaqus/StaticElasticJob.odb,Step-1,Increment      1: Step Time =    1.000,"PLATE-1",           543,             1,  -182.023E-03,       1.49233,            0.,"ASSEMBLY_PLATE-1__PICKEDSET2","ROCK","",  -560.975E-03,      -1.36452,  -729.527E-03,      -1.19597,  -327.154E-03
F:/Desktop/DeepOnet_Abaqus/StaticElasticJob.odb,Step-1,Increment      1: Step Time =    1.000,"PLATE-1",           544,             1,  -359.327E-03,       1.42577,            0.,"ASSEMBLY_PLATE-1__PICKEDSET2","ROCK","",      -1.14343,      -1.30454,      -1.18421,      -1.26376,   70.0506E-03
F:/Desktop/DeepOnet_Abaqus/StaticElasticJob.odb,Step-1,Increment      1: Step Time =    1.000,"PLATE-1",           545,             1,  -394.969E-03,       1.29656,            0.,"ASSEMBLY_PLATE-1__PICKEDSET2","ROCK","",      -1.02921,      -1.59978,      -1.43544,      -1.19355,   258.376E-03
F:/Desktop/DeepOnet_Abaqus/StaticElasticJob.odb,Step-1,Increment      1: Step Time =    1.000,"PLATE-1",           546,             1,      -1.02428,       1.15744,            0.,"ASSEMBLY_PLATE-1__PICKEDSET2","ROCK","",      -1.02660,      -1.72241,      -1.71950,      -1.02950,   44.8508E-03
F:/Desktop/DeepOnet_Abaqus/StaticElasticJob.odb,Step-1,Increment      1: Step Time =    1.000,"PLATE-1",           547,             1,  -871.064E-03,       1.21620,            0.,"ASSEMBLY_PLATE-1__PICKEDSET2","ROCK","",      -1.03339,      -1.70444,      -1.69718,      -1.04065,   69.4030E-03
F:/Desktop/DeepOnet_Abaqus/StaticElasticJob.odb,Step-1,Increment      1: Step Time =    1.000,"PLATE-1",           548,             1,  -796.279E-03,       1.19775,            0.,"ASSEMBLY_PLATE-1__PICKEDSET2","ROCK","",      -1.03145,      -1.71225,      -1.70120,      -1.04249,   86.0057E-03
F:/Desktop/DeepOnet_Abaqus/StaticElasticJob.odb,Step-1,Increment      1: Step Time =    1.000,"PLATE-1",           549,             1,  -437.794E-03,       1.38411,            0.,"ASSEMBLY_PLATE-1__PICKEDSET2","ROCK","",      -1.14178,      -1.42091,      -1.34734,      -1.21534,   122.976E-03
F:/Desktop/DeepOnet_Abaqus/StaticElasticJob.odb,Step-1,Increment      1: Step Time =    1.000,"PLATE-1",           550,             1,      -1.09405,       1.07726,            0.,"ASSEMBLY_PLATE-1__PICKEDSET2","ROCK","",      -1.01992,      -1.73731,      -1.73555,      -1.02168,   35.4504E-03
F:/Desktop/DeepOnet_Abaqus/StaticElasticJob.odb,Step-1,Increment      1: Step Time =    1.000,"PLATE-1",           551,             1,  -951.920E-03,       1.07525,            0.,"ASSEMBLY_PLATE-1__PICKEDSET2","ROCK","",      -1.01386,      -1.74887,      -1.74525,      -1.01748,   51.5008E-03
F:/Desktop/DeepOnet_Abaqus/StaticElasticJob.odb,Step-1,Increment      1: Step Time =    1.000,"PLATE-1",           552,             1,  -808.448E-03,       1.12504,            0.,"ASSEMBLY_PLATE-1__PICKEDSET2","ROCK","",      -1.01052,      -1.74732,      -1.73751,      -1.02033,   84.4450E-03
F:/Desktop/DeepOnet_Abaqus/StaticElasticJob.odb,Step-1,Increment      1: Step Time =    1.000,"PLATE-1",           553,             1,  -590.425E-03,       1.13472,            0.,"ASSEMBLY_PLATE-1__PICKEDSET2","ROCK","",  -984.738E-03,      -1.79156,      -1.75866,      -1.01764,   159.570E-03
F:/Desktop/DeepOnet_Abaqus/StaticElasticJob.odb,Step-1,Increment      1: Step Time =    1.000,"PLATE-1",           554,             1,   97.4577E-03,   979.700E-03,            0.,"ASSEMBLY_PLATE-1__PICKEDSET2","ROCK","",  -920.607E-03,      -2.39360,      -2.37585,  -938.360E-03,   160.733E-03
F:/Desktop/DeepOnet_Abaqus/StaticElasticJob.odb,Step-1,Increment      1: Step Time =    1.000,"PLATE-1",           555,             1,   337.659E-03,       1.08859,            0.,"ASSEMBLY_PLATE-1__PICKEDSET2","ROCK","",  -449.112E-03,      -2.20785,      -2.13738,  -519.583E-03,  -344.925E-03
F:/Desktop/DeepOnet_Abaqus/StaticElasticJob.odb,Step-1,Increment      1: Step Time =    1.000,"PLATE-1",           556,             1,   465.497E-03,       1.12250,            0.,"ASSEMBLY_PLATE-1__PICKEDSET2","ROCK","",  -537.987E-03,      -1.93416,      -1.79936,  -672.783E-03,  -412.344E-03
F:/Desktop/DeepOnet_Abaqus/StaticElasticJob.odb,Step-1,Increment      1: Step Time =    1.000,"PLATE-1",           557,             1,   645.698E-03,       1.09964,            0.,"ASSEMBLY_PLATE-1__PICKEDSET2","ROCK","",  -750.581E-03,      -1.74490,      -1.65189,  -843.585E-03,  -289.528E-03
F:/Desktop/DeepOnet_Abaqus/StaticElasticJob.odb,Step-1,Increment      1: Step Time =    1.000,"PLATE-1",           558,             1,   727.388E-03,       1.10298,            0.,"ASSEMBLY_PLATE-1__PICKEDSET2","ROCK","",  -837.646E-03,      -1.69130,      -1.61459,  -914.360E-03,  -244.136E-03
F:/Desktop/DeepOnet_Abaqus/StaticElasticJob.odb,Step-1,Increment      1: Step Time =    1.000,"PLATE-1",           559,             1,   876.688E-03,       1.21652,            0.,"ASSEMBLY_PLATE-1__PICKEDSET2","ROCK","",      -1.01611,      -1.53188,      -1.49031,      -1.05769,  -140.407E-03
F:/Desktop/DeepOnet_Abaqus/StaticElasticJob.odb,Step-1,Increment      1: Step Time =    1.000,"PLATE-1",           560,             1,   379.063E-03,       1.17830,            0.,"ASSEMBLY_PLATE-1__PICKEDSET2","ROCK","",  -328.399E-03,      -1.98879,      -1.77762,  -539.576E-03,  -553.209E-03
F:/Desktop/DeepOnet_Abaqus/StaticElasticJob.odb,Step-1,Increment      1: Step Time =    1.000,"PLATE-1",           561,             1,   517.854E-03,       1.18694,            0.,"ASSEMBLY_PLATE-1__PICKEDSET2","ROCK","",  -527.305E-03,      -1.78349,      -1.56383,  -746.970E-03,  -477.166E-03
F:/Desktop/DeepOnet_Abaqus/StaticElasticJob.odb,Step-1,Increment      1: Step Time =    1.000,"PLATE-1",           562,             1,   631.672E-03,       1.17004,            0.,"ASSEMBLY_PLATE-1__PICKEDSET2","ROCK","",  -731.787E-03,      -1.67946,      -1.52441,  -886.834E-03,  -350.562E-03
F:/Desktop/DeepOnet_Abaqus/StaticElasticJob.odb,Step-1,Increment      1: Step Time =    1.000,"PLATE-1",           563,             1,   814.159E-03,       1.12050,            0.,"ASSEMBLY_PLATE-1__PICKEDSET2","ROCK","",  -906.243E-03,      -1.63349,      -1.56752,  -972.218E-03,  -208.872E-03
F:/Desktop/DeepOnet_Abaqus/StaticElasticJob.odb,Step-1,Increment      1: Step Time =    1.000,"PLATE-1",           564,             1,       1.08903,       1.17103,            0.,"ASSEMBLY_PLATE-1__PICKEDSET2","ROCK","",      -1.05471,      -1.58445,      -1.57823,      -1.06093,  -57.0631E-03
F:/Desktop/DeepOnet_Abaqus/StaticElasticJob.odb,Step-1,Increment      1: Step Time =    1.000,"PLATE-1",           565,             1,       1.17330,       1.15748,            0.,"ASSEMBLY_PLATE-1__PICKEDSET2","ROCK","",      -1.04100,      -1.61021,      -1.60732,      -1.04389,  -40.4594E-03
F:/Desktop/DeepOnet_Abaqus/StaticElasticJob.odb,Step-1,Increment      1: Step Time =    1.000,"PLATE-1",           566,             1,      -1.39926,   944.805E-03,            0.,"ASSEMBLY_PLATE-1__PICKEDSET2","ROCK","",      -1.02118,      -1.74033,      -1.74004,      -1.02146,   14.2434E-03
F:/Desktop/DeepOnet_Abaqus/StaticElasticJob.odb,Step-1,Increment      1: Step Time =    1.000,"PLATE-1",           567,             1,      -1.05347,   818.002E-03,            0.,"ASSEMBLY_PLATE-1__PICKEDSET2","ROCK","",      -1.00160,      -1.77725,      -1.77711,      -1.00174,   10.4991E-03
F:/Desktop/DeepOnet_Abaqus/StaticElasticJob.odb,Step-1,Increment      1: Step Time =    1.000,"PLATE-1",           568,             1,  -757.889E-03,   973.093E-03,            0.,"ASSEMBLY_PLATE-1__PICKEDSET2","ROCK","",  -983.713E-03,      -1.82016,      -1.81542,  -988.460E-03,   62.8344E-03
F:/Desktop/DeepOnet_Abaqus/StaticElasticJob.odb,Step-1,Increment      1: Step Time =    1.000,"PLATE-1",           569,             1,  -638.086E-03,   884.432E-03,            0.,"ASSEMBLY_PLATE-1__PICKEDSET2","ROCK","",  -962.573E-03,      -1.87930,      -1.87712,  -964.755E-03,   44.6704E-03
F:/Desktop/DeepOnet_Abaqus/StaticElasticJob.odb,Step-1,Increment      1: Step Time =    1.000,"PLATE-1",           570,             1,  -447.830E-03,   726.319E-03,            0.,"ASSEMBLY_PLATE-1__PICKEDSET2","ROCK","",  -954.595E-03,      -1.98352,      -1.98307,  -955.043E-03,  -21.4591E-03
F:/Desktop/DeepOnet_Abaqus/StaticElasticJob.odb,Step-1,Increment      1: Step Time =    1.000,"PLATE-1",           571,             1,  -853.577E-03,   801.832E-03,            0.,"ASSEMBLY_PLATE-1__PICKEDSET2","ROCK","",  -982.446E-03,      -1.81932,      -1.81923,  -982.531E-03,   8.39340E-03
F:/Desktop/DeepOnet_Abaqus/StaticElasticJob.odb,Step-1,Increment      1: Step Time =    1.000,"PLATE-1",           572,             1,  -704.793E-03,   839.643E-03,            0.,"ASSEMBLY_PLATE-1__PICKEDSET2","ROCK","",  -970.814E-03,      -1.85518,      -1.85431,  -971.681E-03,   27.6740E-03
F:/Desktop/DeepOnet_Abaqus/StaticElasticJob.odb,Step-1,Increment      1: Step Time =    1.000,"PLATE-1",           573,             1,  -765.523E-03,   840.223E-03,            0.,"ASSEMBLY_PLATE-1__PICKEDSET2","ROCK","",  -974.607E-03,      -1.84466,      -1.84404,  -975.230E-03,   23.2806E-03
F:/Desktop/DeepOnet_Abaqus/StaticElasticJob.odb,Step-1,Increment      1: Step Time =    1.000,"PLATE-1",           574,             1,      -1.05979,   929.528E-03,            0.,"ASSEMBLY_PLATE-1__PICKEDSET2","ROCK","",      -1.00790,      -1.76430,      -1.76339,      -1.00881,   26.1760E-03
F:/Desktop/DeepOnet_Abaqus/StaticElasticJob.odb,Step-1,Increment      1: Step Time =    1.000,"PLATE-1",           575,             1,  -632.521E-03,   945.639E-03,            0.,"ASSEMBLY_PLATE-1__PICKEDSET2","ROCK","",  -966.054E-03,      -1.88044,      -1.87458,  -971.918E-03,   72.9951E-03
F:/Desktop/DeepOnet_Abaqus/StaticElasticJob.odb,Step-1,Increment      1: Step Time =    1.000,"PLATE-1",           576,             1,  -495.388E-03,   965.905E-03,            0.,"ASSEMBLY_PLATE-1__PICKEDSET2","ROCK","",  -955.985E-03,      -1.92863,      -1.91703,  -967.593E-03,   105.620E-03
F:/Desktop/DeepOnet_Abaqus/StaticElasticJob.odb,Step-1,Increment      1: Step Time =    1.000,"PLATE-1",           577,             1,  -331.554E-03,   816.817E-03,            0.,"ASSEMBLY_PLATE-1__PICKEDSET2","ROCK","",  -985.357E-03,      -2.01721,      -2.01704,  -985.533E-03,   13.4833E-03
F:/Desktop/DeepOnet_Abaqus/StaticElasticJob.odb,Step-1,Increment      1: Step Time =    1.000,"PLATE-1",           578,             1,  -197.737E-03,   763.543E-03,            0.,"ASSEMBLY_PLATE-1__PICKEDSET2","ROCK","",      -1.03441,      -2.05135,      -2.05086,      -1.03489,   22.2048E-03
F:/Desktop/DeepOnet_Abaqus/StaticElasticJob.odb,Step-1,Increment      1: Step Time =    1.000,"PLATE-1",           579,             1,  -254.876E-03,   609.548E-03,            0.,"ASSEMBLY_PLATE-1__PICKEDSET2","ROCK","",  -972.783E-03,      -2.04014,      -2.03914,  -973.777E-03,  -32.5681E-03
F:/Desktop/DeepOnet_Abaqus/StaticElasticJob.odb,Step-1,Increment      1: Step Time =    1.000,"PLATE-1",           580,             1,  -106.679E-03,   745.863E-03,            0.,"ASSEMBLY_PLATE-1__PICKEDSET2","ROCK","",      -1.05844,      -2.06015,      -2.05853,      -1.06007,   40.3200E-03
F:/Desktop/DeepOnet_Abaqus/StaticElasticJob.odb,Step-1,Increment      1: Step Time =    1.000,"PLATE-1",           581,             1,   505.845E-03,       1.01150,            0.,"ASSEMBLY_PLATE-1__PICKEDSET2","ROCK","",  -656.394E-03,      -1.95113,      -1.89661,  -710.912E-03,  -260.027E-03
F:/Desktop/DeepOnet_Abaqus/StaticElasticJob.odb,Step-1,Increment      1: Step Time =    1.000,"PLATE-1",           582,             1,   669.665E-03,   876.973E-03,            0.,"ASSEMBLY_PLATE-1__PICKEDSET2","ROCK","",  -788.693E-03,      -1.85245,      -1.83553,  -805.613E-03,  -133.089E-03
F:/Desktop/DeepOnet_Abaqus/StaticElasticJob.odb,Step-1,Increment      1: Step Time =    1.000,"PLATE-1",           583,             1,   628.210E-03,   930.240E-03,            0.,"ASSEMBLY_PLATE-1__PICKEDSET2","ROCK","",  -773.704E-03,      -1.87395,      -1.84413,  -803.518E-03,  -178.646E-03
F:/Desktop/DeepOnet_Abaqus/StaticElasticJob.odb,Step-1,Increment      1: Step Time =    1.000,"PLATE-1",           584,             1,   722.520E-03,   913.128E-03,            0.,"ASSEMBLY_PLATE-1__PICKEDSET2","ROCK","",  -831.279E-03,      -1.81710,      -1.79148,  -856.894E-03,  -156.832E-03
F:/Desktop/DeepOnet_Abaqus/StaticElasticJob.odb,Step-1,Increment      1: Step Time =    1.000,"PLATE-1",           585,             1,   814.958E-03,   786.817E-03,            0.,"ASSEMBLY_PLATE-1__PICKEDSET2","ROCK","",  -870.015E-03,      -1.79871,      -1.79196,  -876.766E-03,  -78.8959E-03
F:/Desktop/DeepOnet_Abaqus/StaticElasticJob.odb,Step-1,Increment      1: Step Time =    1.000,"PLATE-1",           586,             1,   485.927E-03,   782.731E-03,            0.,"ASSEMBLY_PLATE-1__PICKEDSET2","ROCK","",  -768.795E-03,      -2.01706,      -2.01674,  -769.113E-03,  -19.9324E-03
F:/Desktop/DeepOnet_Abaqus/StaticElasticJob.odb,Step-1,Increment      1: Step Time =    1.000,"PLATE-1",           587,             1,   540.705E-03,   921.051E-03,            0.,"ASSEMBLY_PLATE-1__PICKEDSET2","ROCK","",  -723.060E-03,      -1.95026,      -1.92865,  -744.671E-03,  -161.411E-03
F:/Desktop/DeepOnet_Abaqus/StaticElasticJob.odb,Step-1,Increment      1: Step Time =    1.000,"PLATE-1",           588,             1,       1.02378,   985.634E-03,            0.,"ASSEMBLY_PLATE-1__PICKEDSET2","ROCK","",  -971.477E-03,      -1.66680,      -1.65181,  -986.462E-03,  -100.968E-03
F:/Desktop/DeepOnet_Abaqus/StaticElasticJob.odb,Step-1,Increment      1: Step Time =    1.000,"PLATE-1",           589,             1,       1.11463,   877.132E-03,            0.,"ASSEMBLY_PLATE-1__PICKEDSET2","ROCK","",  -973.539E-03,      -1.69377,      -1.68681,  -980.503E-03,  -70.4767E-03
F:/Desktop/DeepOnet_Abaqus/StaticElasticJob.odb,Step-1,Increment      1: Step Time =    1.000,"PLATE-1",           590,             1,       1.10191,       1.00342,            0.,"ASSEMBLY_PLATE-1__PICKEDSET2","ROCK","",  -998.530E-03,      -1.65368,      -1.64475,      -1.00746,  -75.9649E-03
F:/Desktop/DeepOnet_Abaqus/StaticElasticJob.odb,Step-1,Increment      1: Step Time =    1.000,"PLATE-1",           591,             1,   978.375E-03,   751.134E-03,            0.,"ASSEMBLY_PLATE-1__PICKEDSET2","ROCK","",  -930.381E-03,      -1.74824,      -1.74401,  -934.611E-03,  -58.6649E-03
F:/Desktop/DeepOnet_Abaqus/StaticElasticJob.odb,Step-1,Increment      1: Step Time =    1.000,"PLATE-1",           592,             1,   879.087E-03,   886.754E-03,            0.,"ASSEMBLY_PLATE-1__PICKEDSET2","ROCK","",  -895.960E-03,      -1.74713,      -1.73259,  -910.496E-03,  -110.278E-03
F:/Desktop/DeepOnet_Abaqus/StaticElasticJob.odb,Step-1,Increment      1: Step Time =    1.000,"PLATE-1",           593,             1,   752.127E-03,       1.01725,            0.,"ASSEMBLY_PLATE-1__PICKEDSET2","ROCK","",  -839.676E-03,      -1.74709,      -1.69735,  -889.416E-03,  -206.544E-03
F:/Desktop/DeepOnet_Abaqus/StaticElasticJob.odb,Step-1,Increment      1: Step Time =    1.000,"PLATE-1",           594,             1,       1.37696,   881.264E-03,            0.,"ASSEMBLY_PLATE-1__PICKEDSET2","ROCK","",      -1.01590,      -1.68116,      -1.67960,      -1.01746,  -32.1950E-03
F:/Desktop/DeepOnet_Abaqus/StaticElasticJob.odb,Step-1,Increment      1: Step Time =    1.000,"PLATE-1",           595,             1,       1.30641,   914.331E-03,            0.,"ASSEMBLY_PLATE-1__PICKEDSET2","ROCK","",      -1.01396,      -1.67305,      -1.67034,      -1.01668,  -42.2335E-03
F:/Desktop/DeepOnet_Abaqus/StaticElasticJob.odb,Step-1,Increment      1: Step Time =    1.000,"PLATE-1",           596,             1,   126.030E-03,   926.971E-03,            0.,"ASSEMBLY_PLATE-1__PICKEDSET2","ROCK","",  -934.710E-03,      -2.22663,      -2.21672,  -944.629E-03,   112.765E-03
F:/Desktop/DeepOnet_Abaqus/StaticElasticJob.odb,Step-1,Increment      1: Step Time =    1.000,"PLATE-1",           597,             1,  -61.6013E-03,   951.104E-03,            0.,"ASSEMBLY_PLATE-1__PICKEDSET2","ROCK","",      -1.16125,      -2.19983,      -2.18908,      -1.17200,   105.112E-03
F:/Desktop/DeepOnet_Abaqus/StaticElasticJob.odb,Step-1,Increment      1: Step Time =    1.000,"PLATE-1",           598,             1,  -159.408E-03,   963.354E-03,            0.,"ASSEMBLY_PLATE-1__PICKEDSET2","ROCK","",      -1.08090,      -2.16474,      -2.15382,      -1.09183,   108.250E-03
F:/Desktop/DeepOnet_Abaqus/StaticElasticJob.odb,Step-1,Increment      1: Step Time =    1.000,"PLATE-1",           599,             1,      -1.38095,       1.03804,            0.,"ASSEMBLY_PLATE-1__PICKEDSET2","ROCK","",      -1.02339,      -1.73481,      -1.73437,      -1.02384,   17.7791E-03
F:/Desktop/DeepOnet_Abaqus/StaticElasticJob.odb,Step-1,Increment      1: Step Time =    1.000,"PLATE-1",           600,             1,  -694.314E-03,   959.718E-03,            0.,"ASSEMBLY_PLATE-1__PICKEDSET2","ROCK","",  -972.067E-03,      -1.84044,      -1.83441,  -978.095E-03,   72.0972E-03
F:/Desktop/DeepOnet_Abaqus/StaticElasticJob.odb,Step-1,Increment      1: Step Time =    1.000,"PLATE-1",           601,             1,      -1.12422,   766.742E-03,            0.,"ASSEMBLY_PLATE-1__PICKEDSET2","ROCK","",      -1.00793,      -1.76745,      -1.76742,      -1.00796,   4.72555E-03
F:/Desktop/DeepOnet_Abaqus/StaticElasticJob.odb,Step-1,Increment      1: Step Time =    1.000,"PLATE-1",           602,             1,      -1.06278,   683.177E-03,            0.,"ASSEMBLY_PLATE-1__PICKEDSET2","ROCK","",      -1.00713,      -1.77334,      -1.77328,      -1.00719,  -6.77040E-03
F:/Desktop/DeepOnet_Abaqus/StaticElasticJob.odb,Step-1,Increment      1: Step Time =    1.000,"PLATE-1",           603,             1,  -757.991E-03,   555.934E-03,            0.,"ASSEMBLY_PLATE-1__PICKEDSET2","ROCK","",  -990.728E-03,      -1.81679,      -1.81122,  -996.301E-03,  -67.6222E-03
F:/Desktop/DeepOnet_Abaqus/StaticElasticJob.odb,Step-1,Increment      1: Step Time =    1.000,"PLATE-1",           604,             1,  -600.081E-03,   670.743E-03,            0.,"ASSEMBLY_PLATE-1__PICKEDSET2","ROCK","",  -960.139E-03,      -1.89929,      -1.89716,  -962.270E-03,  -44.6902E-03
F:/Desktop/DeepOnet_Abaqus/StaticElasticJob.odb,Step-1,Increment      1: Step Time =    1.000,"PLATE-1",           605,             1,  -161.691E-03,   710.485E-03,            0.,"ASSEMBLY_PLATE-1__PICKEDSET2","ROCK","",      -1.02565,      -2.06197,      -2.06163,      -1.02599,   18.8099E-03
F:/Desktop/DeepOnet_Abaqus/StaticElasticJob.odb,Step-1,Increment      1: Step Time =    1.000,"PLATE-1",           606,             1,   171.030E-03,   687.213E-03,            0.,"ASSEMBLY_PLATE-1__PICKEDSET2","ROCK","",  -925.839E-03,      -2.09534,      -2.08683,  -934.351E-03,   99.4097E-03
F:/Desktop/DeepOnet_Abaqus/StaticElasticJob.odb,Step-1,Increment      1: Step Time =    1.000,"PLATE-1",           607,             1,   315.305E-03,   637.681E-03,            0.,"ASSEMBLY_PLATE-1__PICKEDSET2","ROCK","",  -847.480E-03,      -2.07049,      -2.06255,  -855.429E-03,   98.2756E-03
F:/Desktop/DeepOnet_Abaqus/StaticElasticJob.odb,Step-1,Increment      1: Step Time =    1.000,"PLATE-1",           608,             1,   471.789E-03,   672.597E-03,            0.,"ASSEMBLY_PLATE-1__PICKEDSET2","ROCK","",  -808.634E-03,      -2.00291,      -2.00122,  -810.325E-03,   44.9078E-03
F:/Desktop/DeepOnet_Abaqus/StaticElasticJob.odb,Step-1,Increment      1: Step Time =    1.000,"PLATE-1",           609,             1,   633.685E-03,   692.824E-03,            0.,"ASSEMBLY_PLATE-1__PICKEDSET2","ROCK","",  -820.632E-03,      -1.90662,      -1.90657,  -820.676E-03,  -6.89771E-03
F:/Desktop/DeepOnet_Abaqus/StaticElasticJob.odb,Step-1,Increment      1: Step Time =    1.000,"PLATE-1",           610,             1,   838.131E-03,   498.612E-03,            0.,"ASSEMBLY_PLATE-1__PICKEDSET2","ROCK","",  -924.695E-03,      -1.78460,      -1.78329,  -926.002E-03,   33.5042E-03
F:/Desktop/DeepOnet_Abaqus/StaticElasticJob.odb,Step-1,Increment      1: Step Time =    1.000,"PLATE-1",           611,             1,       1.07119,   622.899E-03,            0.,"ASSEMBLY_PLATE-1__PICKEDSET2","ROCK","",  -953.086E-03,      -1.74087,      -1.73948,  -954.475E-03,  -33.0579E-03
F:/Desktop/DeepOnet_Abaqus/StaticElasticJob.odb,Step-1,Increment      1: Step Time =    1.000,"PLATE-1",           612,             1,       1.18106,   647.835E-03,            0.,"ASSEMBLY_PLATE-1__PICKEDSET2","ROCK","",  -972.836E-03,      -1.72250,      -1.72062,  -974.714E-03,  -37.4744E-03
F:/Desktop/DeepOnet_Abaqus/StaticElasticJob.odb,Step-1,Increment      1: Step Time =    1.000,"PLATE-1",           613,             1,       1.34432,   676.281E-03,            0.,"ASSEMBLY_PLATE-1__PICKEDSET2","ROCK","",  -996.939E-03,      -1.70668,      -1.70510,  -998.519E-03,  -33.4572E-03
F:/Desktop/DeepOnet_Abaqus/StaticElasticJob.odb,Step-1,Increment      1: Step Time =    1.000,"PLATE-1",           614,             1,   679.761E-03,   640.088E-03,            0.,"ASSEMBLY_PLATE-1__PICKEDSET2","ROCK","",  -846.541E-03,      -1.88362,      -1.88357,  -846.589E-03,   7.10031E-03
F:/Desktop/DeepOnet_Abaqus/StaticElasticJob.odb,Step-1,Increment      1: Step Time =    1.000,"PLATE-1",           615,             1,   731.871E-03,   682.913E-03,            0.,"ASSEMBLY_PLATE-1__PICKEDSET2","ROCK","",  -856.792E-03,      -1.84989,      -1.84955,  -857.137E-03,  -18.5151E-03
F:/Desktop/DeepOnet_Abaqus/StaticElasticJob.odb,Step-1,Increment      1: Step Time =    1.000,"PLATE-1",           616,             1,       1.13097,   577.651E-03,            0.,"ASSEMBLY_PLATE-1__PICKEDSET2","ROCK","",  -967.971E-03,      -1.73203,      -1.73109,  -968.909E-03,  -26.7640E-03
F:/Desktop/DeepOnet_Abaqus/StaticElasticJob.odb,Step-1,Increment      1: Step Time =    1.000,"PLATE-1",           617,             1,       1.23089,   714.006E-03,            0.,"ASSEMBLY_PLATE-1__PICKEDSET2","ROCK","",  -984.665E-03,      -1.70908,      -1.70655,  -987.195E-03,  -42.7367E-03
F:/Desktop/DeepOnet_Abaqus/StaticElasticJob.odb,Step-1,Increment      1: Step Time =    1.000,"PLATE-1",           618,             1,      -1.39591,   501.781E-03,            0.,"ASSEMBLY_PLATE-1__PICKEDSET2","ROCK","",      -1.02722,      -1.74322,      -1.74322,      -1.02722,  -555.641E-06
F:/Desktop/DeepOnet_Abaqus/StaticElasticJob.odb,Step-1,Increment      1: Step Time =    1.000,"PLATE-1",           619,             1,      -1.28946,   546.873E-03,            0.,"ASSEMBLY_PLATE-1__PICKEDSET2","ROCK","",      -1.02411,      -1.74817,      -1.74814,      -1.02415,  -5.00655E-03
F:/Desktop/DeepOnet_Abaqus/StaticElasticJob.odb,Step-1,Increment      1: Step Time =    1.000,"PLATE-1",           620,             1,      -1.23489,   592.624E-03,            0.,"ASSEMBLY_PLATE-1__PICKEDSET2","ROCK","",      -1.02055,      -1.75268,      -1.75264,      -1.02059,  -5.41473E-03
F:/Desktop/DeepOnet_Abaqus/StaticElasticJob.odb,Step-1,Increment      1: Step Time =    1.000,"PLATE-1",           621,             1,      -1.09671,   545.377E-03,            0.,"ASSEMBLY_PLATE-1__PICKEDSET2","ROCK","",      -1.01942,      -1.75890,      -1.75836,      -1.01996,  -20.0132E-03
F:/Desktop/DeepOnet_Abaqus/StaticElasticJob.odb,Step-1,Increment      1: Step Time =    1.000,"PLATE-1",           622,             1,      -1.02681,   528.038E-03,            0.,"ASSEMBLY_PLATE-1__PICKEDSET2","ROCK","",      -1.01854,      -1.76250,      -1.76137,      -1.01967,  -28.9988E-03
F:/Desktop/DeepOnet_Abaqus/StaticElasticJob.odb,Step-1,Increment      1: Step Time =    1.000,"PLATE-1",           623,             1,  -635.413E-03,   451.891E-03,            0.,"ASSEMBLY_PLATE-1__PICKEDSET2","ROCK","",  -978.186E-03,      -1.82841,      -1.80892,  -997.670E-03,  -127.224E-03
F:/Desktop/DeepOnet_Abaqus/StaticElasticJob.odb,Step-1,Increment      1: Step Time =    1.000,"PLATE-1",           624,             1,   305.805E-03,   509.750E-03,            0.,"ASSEMBLY_PLATE-1__PICKEDSET2","ROCK","",  -839.934E-03,      -2.08669,      -2.06704,  -859.581E-03,   155.273E-03
F:/Desktop/DeepOnet_Abaqus/StaticElasticJob.odb,Step-1,Increment      1: Step Time =    1.000,"PLATE-1",           625,             1,   476.061E-03,   508.682E-03,            0.,"ASSEMBLY_PLATE-1__PICKEDSET2","ROCK","",  -831.186E-03,      -1.97150,      -1.95476,  -847.929E-03,   137.155E-03
F:/Desktop/DeepOnet_Abaqus/StaticElasticJob.odb,Step-1,Increment      1: Step Time =    1.000,"PLATE-1",           626,             1,       1.38999,   411.187E-03,            0.,"ASSEMBLY_PLATE-1__PICKEDSET2","ROCK","",      -1.00091,      -1.71724,      -1.71646,      -1.00170,  -23.6588E-03
F:/Desktop/DeepOnet_Abaqus/StaticElasticJob.odb,Step-1,Increment      1: Step Time =    1.000,"PLATE-1",           627,             1,       1.17979,   516.673E-03,            0.,"ASSEMBLY_PLATE-1__PICKEDSET2","ROCK","",  -977.613E-03,      -1.72698,      -1.72633,  -978.266E-03,  -22.1203E-03
F:/Desktop/DeepOnet_Abaqus/StaticElasticJob.odb,Step-1,Increment      1: Step Time =    1.000,"PLATE-1",           628,             1,       1.00631,   470.926E-03,            0.,"ASSEMBLY_PLATE-1__PICKEDSET2","ROCK","",  -958.595E-03,      -1.74762,      -1.74760,  -958.623E-03,   4.67292E-03
F:/Desktop/DeepOnet_Abaqus/StaticElasticJob.odb,Step-1,Increment      1: Step Time =    1.000,"PLATE-1",           629,             1,   921.318E-03,   410.887E-03,            0.,"ASSEMBLY_PLATE-1__PICKEDSET2","ROCK","",  -959.722E-03,      -1.74806,      -1.74708,  -960.706E-03,   27.8333E-03
F:/Desktop/DeepOnet_Abaqus/StaticElasticJob.odb,Step-1,Increment      1: Step Time =    1.000,"PLATE-1",           630,             1,   613.092E-03,   334.259E-03,            0.,"ASSEMBLY_PLATE-1__PICKEDSET2","ROCK","",  -918.238E-03,      -1.79662,      -1.76065,  -954.207E-03,   174.072E-03
F:/Desktop/DeepOnet_Abaqus/StaticElasticJob.odb,Step-1,Increment      1: Step Time =    1.000,"PLATE-1",           631,             1,   433.083E-03,   382.696E-03,            0.,"ASSEMBLY_PLATE-1__PICKEDSET2","ROCK","",  -817.515E-03,      -1.97324,      -1.91679,  -873.966E-03,   249.110E-03
F:/Desktop/DeepOnet_Abaqus/StaticElasticJob.odb,Step-1,Increment      1: Step Time =    1.000,"PLATE-1",           632,             1,      -1.10581,   337.004E-03,            0.,"ASSEMBLY_PLATE-1__PICKEDSET2","ROCK","",      -1.04498,      -1.72651,      -1.72559,      -1.04590,  -25.0857E-03
F:/Desktop/DeepOnet_Abaqus/StaticElasticJob.odb,Step-1,Increment      1: Step Time =    1.000,"PLATE-1",           633,             1,      -1.26011,   407.774E-03,            0.,"ASSEMBLY_PLATE-1__PICKEDSET2","ROCK","",      -1.03433,      -1.73785,      -1.73774,      -1.03444,  -8.95919E-03
F:/Desktop/DeepOnet_Abaqus/StaticElasticJob.odb,Step-1,Increment      1: Step Time =    1.000,"PLATE-1",           634,             1,  -968.697E-03,  -433.330E-03,            0.,"ASSEMBLY_PLATE-1__PICKEDSET2","ROCK","",      -1.03608,      -1.75061,      -1.74297,      -1.04372,   73.4902E-03
F:/Desktop/DeepOnet_Abaqus/StaticElasticJob.odb,Step-1,Increment      1: Step Time =    1.000,"PLATE-1",           635,             1,  -624.415E-03,  -547.246E-03,            0.,"ASSEMBLY_PLATE-1__PICKEDSET2","ROCK","",      -1.00362,      -1.81782,      -1.80264,      -1.01881,   110.146E-03
F:/Desktop/DeepOnet_Abaqus/StaticElasticJob.odb,Step-1,Increment      1: Step Time =    1.000,"PLATE-1",           636,             1,  -536.119E-03,  -565.965E-03,            0.,"ASSEMBLY_PLATE-1__PICKEDSET2","ROCK","",  -992.162E-03,      -1.84464,      -1.82839,      -1.00842,   116.598E-03
F:/Desktop/DeepOnet_Abaqus/StaticElasticJob.odb,Step-1,Increment      1: Step Time =    1.000,"PLATE-1",           637,             1,  -776.172E-03,  -451.808E-03,            0.,"ASSEMBLY_PLATE-1__PICKEDSET2","ROCK","",      -1.02740,      -1.77090,      -1.75635,      -1.04194,   102.961E-03
F:/Desktop/DeepOnet_Abaqus/StaticElasticJob.odb,Step-1,Increment      1: Step Time =    1.000,"PLATE-1",           638,             1,   896.681E-03,  -465.229E-03,            0.,"ASSEMBLY_PLATE-1__PICKEDSET2","ROCK","",  -996.470E-03,      -1.76399,      -1.75595,      -1.00451,  -78.1438E-03
F:/Desktop/DeepOnet_Abaqus/StaticElasticJob.odb,Step-1,Increment      1: Step Time =    1.000,"PLATE-1",           639,             1,   968.152E-03,  -449.602E-03,            0.,"ASSEMBLY_PLATE-1__PICKEDSET2","ROCK","",  -999.995E-03,      -1.75572,      -1.74898,      -1.00674,  -71.0711E-03
F:/Desktop/DeepOnet_Abaqus/StaticElasticJob.odb,Step-1,Increment      1: Step Time =    1.000,"PLATE-1",           640,             1,       1.19602,  -442.980E-03,            0.,"ASSEMBLY_PLATE-1__PICKEDSET2","ROCK","",      -1.00172,      -1.75068,      -1.74679,      -1.00560,  -53.8184E-03
F:/Desktop/DeepOnet_Abaqus/StaticElasticJob.odb,Step-1,Increment      1: Step Time =    1.000,"PLATE-1",           641,             1,       1.37784,  -458.739E-03,            0.,"ASSEMBLY_PLATE-1__PICKEDSET2","ROCK","",      -1.00135,      -1.75170,      -1.74895,      -1.00409,  -45.2887E-03
F:/Desktop/DeepOnet_Abaqus/StaticElasticJob.odb,Step-1,Increment      1: Step Time =    1.000,"PLATE-1",           642,             1,      -1.32318,  -759.632E-03,            0.,"ASSEMBLY_PLATE-1__PICKEDSET2","ROCK","",      -1.01667,      -1.76803,      -1.76591,      -1.01880,   39.8885E-03
F:/Desktop/DeepOnet_Abaqus/StaticElasticJob.odb,Step-1,Increment      1: Step Time =    1.000,"PLATE-1",           643,             1,      -1.05607,  -677.847E-03,            0.,"ASSEMBLY_PLATE-1__PICKEDSET2","ROCK","",      -1.01716,      -1.77436,      -1.77026,      -1.02126,   55.5613E-03
F:/Desktop/DeepOnet_Abaqus/StaticElasticJob.odb,Step-1,Increment      1: Step Time =    1.000,"PLATE-1",           644,             1,  -797.741E-03,  -563.812E-03,            0.,"ASSEMBLY_PLATE-1__PICKEDSET2","ROCK","",      -1.01561,      -1.78795,      -1.77789,      -1.02567,   87.5793E-03
F:/Desktop/DeepOnet_Abaqus/StaticElasticJob.odb,Step-1,Increment      1: Step Time =    1.000,"PLATE-1",           645,             1,  -539.351E-03,  -851.833E-03,            0.,"ASSEMBLY_PLATE-1__PICKEDSET2","ROCK","",  -989.642E-03,      -1.83198,      -1.82744,  -994.184E-03,   61.6860E-03
F:/Desktop/DeepOnet_Abaqus/StaticElasticJob.odb,Step-1,Increment      1: Step Time =    1.000,"PLATE-1",           646,             1,  -953.085E-03,  -797.115E-03,            0.,"ASSEMBLY_PLATE-1__PICKEDSET2","ROCK","",      -1.00936,      -1.78803,      -1.78424,      -1.01314,   54.1698E-03
F:/Desktop/DeepOnet_Abaqus/StaticElasticJob.odb,Step-1,Increment      1: Step Time =    1.000,"PLATE-1",           647,             1,  -886.310E-03,  -754.869E-03,            0.,"ASSEMBLY_PLATE-1__PICKEDSET2","ROCK","",      -1.00832,      -1.79276,      -1.78802,      -1.01306,   60.8016E-03
F:/Desktop/DeepOnet_Abaqus/StaticElasticJob.odb,Step-1,Increment      1: Step Time =    1.000,"PLATE-1",           648,             1,  -712.361E-03,  -865.990E-03,            0.,"ASSEMBLY_PLATE-1__PICKEDSET2","ROCK","",  -998.902E-03,      -1.81125,      -1.80730,      -1.00286,   56.5437E-03
F:/Desktop/DeepOnet_Abaqus/StaticElasticJob.odb,Step-1,Increment      1: Step Time =    1.000,"PLATE-1",           649,             1,  -820.985E-03,  -768.924E-03,            0.,"ASSEMBLY_PLATE-1__PICKEDSET2","ROCK","",      -1.00541,      -1.79952,      -1.79457,      -1.01035,   62.4591E-03
F:/Desktop/DeepOnet_Abaqus/StaticElasticJob.odb,Step-1,Increment      1: Step Time =    1.000,"PLATE-1",           650,             1,  -797.454E-03,  -703.061E-03,            0.,"ASSEMBLY_PLATE-1__PICKEDSET2","ROCK","",      -1.00711,      -1.79899,      -1.79266,      -1.01345,   70.5351E-03
F:/Desktop/DeepOnet_Abaqus/StaticElasticJob.odb,Step-1,Increment      1: Step Time =    1.000,"PLATE-1",           651,             1,  -958.966E-03,  -594.581E-03,            0.,"ASSEMBLY_PLATE-1__PICKEDSET2","ROCK","",      -1.01998,      -1.77403,      -1.76787,      -1.02614,   67.8740E-03
F:/Desktop/DeepOnet_Abaqus/StaticElasticJob.odb,Step-1,Increment      1: Step Time =    1.000,"PLATE-1",           652,             1,  -701.216E-03,  -559.643E-03,            0.,"ASSEMBLY_PLATE-1__PICKEDSET2","ROCK","",      -1.00863,      -1.80458,      -1.79238,      -1.02084,   97.7954E-03
F:/Desktop/DeepOnet_Abaqus/StaticElasticJob.odb,Step-1,Increment      1: Step Time =    1.000,"PLATE-1",           653,             1,  -589.625E-03,  -601.906E-03,            0.,"ASSEMBLY_PLATE-1__PICKEDSET2","ROCK","",  -997.750E-03,      -1.83041,      -1.81740,      -1.01076,   103.267E-03
F:/Desktop/DeepOnet_Abaqus/StaticElasticJob.odb,Step-1,Increment      1: Step Time =    1.000,"PLATE-1",           654,             1,  -224.533E-03,  -642.792E-03,            0.,"ASSEMBLY_PLATE-1__PICKEDSET2","ROCK","",  -921.385E-03,      -1.93954,      -1.92909,  -931.832E-03,   102.601E-03
F:/Desktop/DeepOnet_Abaqus/StaticElasticJob.odb,Step-1,Increment      1: Step Time =    1.000,"PLATE-1",           655,             1,   198.476E-03,  -971.754E-03,            0.,"ASSEMBLY_PLATE-1__PICKEDSET2","ROCK","",  -957.152E-03,      -1.86151,      -1.86133,  -957.339E-03,  -12.9936E-03
F:/Desktop/DeepOnet_Abaqus/StaticElasticJob.odb,Step-1,Increment      1: Step Time =    1.000,"PLATE-1",           656,             1,   199.804E-03,      -1.04562,            0.,"ASSEMBLY_PLATE-1__PICKEDSET2","ROCK","",  -964.684E-03,      -1.84963,      -1.84954,  -964.768E-03,  -8.61782E-03
F:/Desktop/DeepOnet_Abaqus/StaticElasticJob.odb,Step-1,Increment      1: Step Time =    1.000,"PLATE-1",           657,             1,   458.978E-03,      -1.07188,            0.,"ASSEMBLY_PLATE-1__PICKEDSET2","ROCK","",  -971.643E-03,      -1.83085,      -1.83025,  -972.247E-03,  -22.7690E-03
F:/Desktop/DeepOnet_Abaqus/StaticElasticJob.odb,Step-1,Increment      1: Step Time =    1.000,"PLATE-1",           658,             1,   619.857E-03,      -1.07175,            0.,"ASSEMBLY_PLATE-1__PICKEDSET2","ROCK","",  -975.223E-03,      -1.81940,      -1.81845,  -976.170E-03,  -28.2715E-03
F:/Desktop/DeepOnet_Abaqus/StaticElasticJob.odb,Step-1,Increment      1: Step Time =    1.000,"PLATE-1",           659,             1,   535.496E-03,      -1.00312,            0.,"ASSEMBLY_PLATE-1__PICKEDSET2","ROCK","",  -970.582E-03,      -1.82959,      -1.82842,  -971.754E-03,  -31.7031E-03
F:/Desktop/DeepOnet_Abaqus/StaticElasticJob.odb,Step-1,Increment      1: Step Time =    1.000,"PLATE-1",           660,             1,   466.735E-03,  -994.953E-03,            0.,"ASSEMBLY_PLATE-1__PICKEDSET2","ROCK","",  -968.103E-03,      -1.83621,      -1.83521,  -969.104E-03,  -29.4641E-03
F:/Desktop/DeepOnet_Abaqus/StaticElasticJob.odb,Step-1,Increment      1: Step Time =    1.000,"PLATE-1",           661,             1,   536.604E-03,  -937.092E-03,            0.,"ASSEMBLY_PLATE-1__PICKEDSET2","ROCK","",  -968.253E-03,      -1.83313,      -1.83141,  -969.971E-03,  -38.5150E-03
F:/Desktop/DeepOnet_Abaqus/StaticElasticJob.odb,Step-1,Increment      1: Step Time =    1.000,"PLATE-1",           662,             1,   334.851E-03,  -617.378E-03,            0.,"ASSEMBLY_PLATE-1__PICKEDSET2","ROCK","",  -929.414E-03,      -1.90543,      -1.89537,  -939.465E-03,  -98.5377E-03
F:/Desktop/DeepOnet_Abaqus/StaticElasticJob.odb,Step-1,Increment      1: Step Time =    1.000,"PLATE-1",           663,             1,   402.250E-03,  -909.625E-03,            0.,"ASSEMBLY_PLATE-1__PICKEDSET2","ROCK","",  -960.899E-03,      -1.84984,      -1.84837,  -962.360E-03,  -36.0194E-03
F:/Desktop/DeepOnet_Abaqus/StaticElasticJob.odb,Step-1,Increment      1: Step Time =    1.000,"PLATE-1",           664,             1,   352.629E-03,      -1.10593,            0.,"ASSEMBLY_PLATE-1__PICKEDSET2","ROCK","",  -971.390E-03,      -1.83452,      -1.83425,  -971.667E-03,  -15.4633E-03
F:/Desktop/DeepOnet_Abaqus/StaticElasticJob.odb,Step-1,Increment      1: Step Time =    1.000,"PLATE-1",           665,             1,   434.760E-03,  -642.786E-03,            0.,"ASSEMBLY_PLATE-1__PICKEDSET2","ROCK","",  -949.544E-03,      -1.86927,      -1.86077,  -958.046E-03,  -88.0158E-03
F:/Desktop/DeepOnet_Abaqus/StaticElasticJob.odb,Step-1,Increment      1: Step Time =    1.000,"PLATE-1",           666,             1,   494.804E-03,  -752.874E-03,            0.,"ASSEMBLY_PLATE-1__PICKEDSET2","ROCK","",  -958.987E-03,      -1.84944,      -1.84493,  -963.493E-03,  -63.1832E-03
F:/Desktop/DeepOnet_Abaqus/StaticElasticJob.odb,Step-1,Increment      1: Step Time =    1.000,"PLATE-1",           667,             1,   315.978E-03,  -704.838E-03,            0.,"ASSEMBLY_PLATE-1__PICKEDSET2","ROCK","",  -933.752E-03,      -1.89578,      -1.89075,  -938.786E-03,  -69.4098E-03
F:/Desktop/DeepOnet_Abaqus/StaticElasticJob.odb,Step-1,Increment      1: Step Time =    1.000,"PLATE-1",           668,             1,   856.369E-03,  -656.582E-03,            0.,"ASSEMBLY_PLATE-1__PICKEDSET2","ROCK","",  -983.222E-03,      -1.79105,      -1.78559,  -988.679E-03,  -66.1708E-03
F:/Desktop/DeepOnet_Abaqus/StaticElasticJob.odb,Step-1,Increment      1: Step Time =    1.000,"PLATE-1",           669,             1,   941.215E-03,  -666.305E-03,            0.,"ASSEMBLY_PLATE-1__PICKEDSET2","ROCK","",  -985.487E-03,      -1.78566,      -1.78098,  -990.167E-03,  -61.0212E-03
F:/Desktop/DeepOnet_Abaqus/StaticElasticJob.odb,Step-1,Increment      1: Step Time =    1.000,"PLATE-1",           670,             1,       1.11112,  -596.235E-03,            0.,"ASSEMBLY_PLATE-1__PICKEDSET2","ROCK","",  -993.214E-03,      -1.76825,      -1.76414,  -997.322E-03,  -56.2750E-03
F:/Desktop/DeepOnet_Abaqus/StaticElasticJob.odb,Step-1,Increment      1: Step Time =    1.000,"PLATE-1",           671,             1,       1.16915,  -660.262E-03,            0.,"ASSEMBLY_PLATE-1__PICKEDSET2","ROCK","",  -991.570E-03,      -1.77182,      -1.76847,  -994.916E-03,  -50.9819E-03
F:/Desktop/DeepOnet_Abaqus/StaticElasticJob.odb,Step-1,Increment      1: Step Time =    1.000,"PLATE-1",           672,             1,       1.21203,  -847.149E-03,            0.,"ASSEMBLY_PLATE-1__PICKEDSET2","ROCK","",  -988.020E-03,      -1.78033,      -1.77805,  -990.294E-03,  -42.3815E-03
F:/Desktop/DeepOnet_Abaqus/StaticElasticJob.odb,Step-1,Increment      1: Step Time =    1.000,"PLATE-1",           673,             1,       1.16833,  -776.263E-03,            0.,"ASSEMBLY_PLATE-1__PICKEDSET2","ROCK","",  -988.565E-03,      -1.77897,      -1.77626,  -991.276E-03,  -46.2088E-03
F:/Desktop/DeepOnet_Abaqus/StaticElasticJob.odb,Step-1,Increment      1: Step Time =    1.000,"PLATE-1",           674,             1,   663.303E-03,  -481.065E-03,            0.,"ASSEMBLY_PLATE-1__PICKEDSET2","ROCK","",  -980.260E-03,      -1.79953,      -1.78486,  -994.934E-03,  -108.659E-03
F:/Desktop/DeepOnet_Abaqus/StaticElasticJob.odb,Step-1,Increment      1: Step Time =    1.000,"PLATE-1",           675,             1,   570.515E-03,  -466.996E-03,            0.,"ASSEMBLY_PLATE-1__PICKEDSET2","ROCK","",  -972.852E-03,      -1.82044,      -1.80063,  -992.656E-03,  -128.038E-03
F:/Desktop/DeepOnet_Abaqus/StaticElasticJob.odb,Step-1,Increment      1: Step Time =    1.000,"PLATE-1",           676,             1,   404.552E-03,  -477.921E-03,            0.,"ASSEMBLY_PLATE-1__PICKEDSET2","ROCK","",  -940.268E-03,      -1.89821,      -1.87250,  -965.984E-03,  -154.834E-03
F:/Desktop/DeepOnet_Abaqus/StaticElasticJob.odb,Step-1,Increment      1: Step Time =    1.000,"PLATE-1",           677,             1,  -244.427E-03,  -492.450E-03,            0.,"ASSEMBLY_PLATE-1__PICKEDSET2","ROCK","",  -887.311E-03,      -2.00902,      -1.97567,  -920.656E-03,   190.502E-03
F:/Desktop/DeepOnet_Abaqus/StaticElasticJob.odb,Step-1,Increment      1: Step Time =    1.000,"PLATE-1",           678,             1,      -1.04973,  -586.375E-03,            0.,"ASSEMBLY_PLATE-1__PICKEDSET2","ROCK","",      -1.02282,      -1.76688,      -1.76193,      -1.02776,   60.4637E-03
F:/Desktop/DeepOnet_Abaqus/StaticElasticJob.odb,Step-1,Increment      1: Step Time =    1.000,"PLATE-1",           679,             1,      -1.23301,  -632.883E-03,            0.,"ASSEMBLY_PLATE-1__PICKEDSET2","ROCK","",      -1.02147,      -1.76374,      -1.76078,      -1.02443,   46.8429E-03
F:/Desktop/DeepOnet_Abaqus/StaticElasticJob.odb,Step-1,Increment      1: Step Time =    1.000,"PLATE-1",           680,             1,   224.864E-03,  -709.837E-03,            0.,"ASSEMBLY_PLATE-1__PICKEDSET2","ROCK","",  -918.113E-03,      -1.91861,      -1.91580,  -920.922E-03,  -52.9378E-03
F:/Desktop/DeepOnet_Abaqus/StaticElasticJob.odb,Step-1,Increment      1: Step Time =    1.000,"PLATE-1",           681,             1,   256.213E-03,  -882.429E-03,            0.,"ASSEMBLY_PLATE-1__PICKEDSET2","ROCK","",  -949.888E-03,      -1.87097,      -1.87016,  -950.696E-03,  -27.2818E-03
F:/Desktop/DeepOnet_Abaqus/StaticElasticJob.odb,Step-1,Increment      1: Step Time =    1.000,"PLATE-1",           682,             1,  -996.157E-03,  -869.624E-03,            0.,"ASSEMBLY_PLATE-1__PICKEDSET2","ROCK","",      -1.00801,      -1.78828,      -1.78533,      -1.01096,   47.9352E-03
F:/Desktop/DeepOnet_Abaqus/StaticElasticJob.odb,Step-1,Increment      1: Step Time =    1.000,"PLATE-1",           683,             1,  -833.485E-03,  -911.546E-03,            0.,"ASSEMBLY_PLATE-1__PICKEDSET2","ROCK","",      -1.00287,      -1.79981,      -1.79679,      -1.00590,   48.9894E-03
F:/Desktop/DeepOnet_Abaqus/StaticElasticJob.odb,Step-1,Increment      1: Step Time =    1.000,"PLATE-1",           684,             1,  -671.753E-03,  -931.772E-03,            0.,"ASSEMBLY_PLATE-1__PICKEDSET2","ROCK","",  -996.732E-03,      -1.81402,      -1.81087,  -999.884E-03,   50.6572E-03
F:/Desktop/DeepOnet_Abaqus/StaticElasticJob.odb,Step-1,Increment      1: Step Time =    1.000,"PLATE-1",           685,             1,  -279.939E-03,  -771.993E-03,            0.,"ASSEMBLY_PLATE-1__PICKEDSET2","ROCK","",  -955.589E-03,      -1.88615,      -1.88072,  -961.018E-03,   70.8720E-03
F:/Desktop/DeepOnet_Abaqus/StaticElasticJob.odb,Step-1,Increment      1: Step Time =    1.000,"PLATE-1",           686,             1,  -67.3027E-03,  -813.267E-03,            0.,"ASSEMBLY_PLATE-1__PICKEDSET2","ROCK","",  -932.834E-03,      -1.90627,      -1.90527,  -933.834E-03,   31.1818E-03
F:/Desktop/DeepOnet_Abaqus/StaticElasticJob.odb,Step-1,Increment      1: Step Time =    1.000,"PLATE-1",           687,             1,   333.234E-03,  -918.142E-03,            0.,"ASSEMBLY_PLATE-1__PICKEDSET2","ROCK","",  -957.218E-03,      -1.85773,      -1.85676,  -958.188E-03,  -29.5434E-03
F:/Desktop/DeepOnet_Abaqus/StaticElasticJob.odb,Step-1,Increment      1: Step Time =    1.000,"PLATE-1",           688,             1,   595.688E-03,  -795.605E-03,            0.,"ASSEMBLY_PLATE-1__PICKEDSET2","ROCK","",  -966.357E-03,      -1.83300,      -1.82932,  -970.033E-03,  -56.3246E-03
F:/Desktop/DeepOnet_Abaqus/StaticElasticJob.odb,Step-1,Increment      1: Step Time =    1.000,"PLATE-1",           689,             1,   988.710E-03,  -826.276E-03,            0.,"ASSEMBLY_PLATE-1__PICKEDSET2","ROCK","",  -982.848E-03,      -1.79188,      -1.78907,  -985.650E-03,  -47.5274E-03
F:/Desktop/DeepOnet_Abaqus/StaticElasticJob.odb,Step-1,Increment      1: Step Time =    1.000,"PLATE-1",           690,             1,       1.10463,  -827.478E-03,            0.,"ASSEMBLY_PLATE-1__PICKEDSET2","ROCK","",  -986.166E-03,      -1.78428,      -1.78173,  -988.713E-03,  -45.0175E-03
F:/Desktop/DeepOnet_Abaqus/StaticElasticJob.odb,Step-1,Increment      1: Step Time =    1.000,"PLATE-1",           691,             1,       1.42554,  -868.592E-03,            0.,"ASSEMBLY_PLATE-1__PICKEDSET2","ROCK","",  -992.114E-03,      -1.77342,      -1.77159,  -993.946E-03,  -37.7847E-03
F:/Desktop/DeepOnet_Abaqus/StaticElasticJob.odb,Step-1,Increment      1: Step Time =    1.000,"PLATE-1",           692,             1,      -1.34278,      -1.05147,            0.,"ASSEMBLY_PLATE-1__PICKEDSET2","ROCK","",      -1.00956,      -1.77591,      -1.77461,      -1.01087,   31.5725E-03
F:/Desktop/DeepOnet_Abaqus/StaticElasticJob.odb,Step-1,Increment      1: Step Time =    1.000,"PLATE-1",           693,             1,      -1.21021,      -1.20095,            0.,"ASSEMBLY_PLATE-1__PICKEDSET2","ROCK","",      -1.00659,      -1.78147,      -1.78040,      -1.00765,   28.7566E-03
F:/Desktop/DeepOnet_Abaqus/StaticElasticJob.odb,Step-1,Increment      1: Step Time =    1.000,"PLATE-1",           694,             1,      -1.29586,      -1.19400,            0.,"ASSEMBLY_PLATE-1__PICKEDSET2","ROCK","",      -1.00733,      -1.77878,      -1.77777,      -1.00835,   27.9710E-03
F:/Desktop/DeepOnet_Abaqus/StaticElasticJob.odb,Step-1,Increment      1: Step Time =    1.000,"PLATE-1",           695,             1,      -1.17622,      -1.10865,            0.,"ASSEMBLY_PLATE-1__PICKEDSET2","ROCK","",      -1.00719,      -1.78210,      -1.78074,      -1.00854,   32.3690E-03
F:/Desktop/DeepOnet_Abaqus/StaticElasticJob.odb,Step-1,Increment      1: Step Time =    1.000,"PLATE-1",           696,             1,      -1.11484,      -1.04013,            0.,"ASSEMBLY_PLATE-1__PICKEDSET2","ROCK","",      -1.00737,      -1.78396,      -1.78228,      -1.00905,   36.0275E-03
F:/Desktop/DeepOnet_Abaqus/StaticElasticJob.odb,Step-1,Increment      1: Step Time =    1.000,"PLATE-1",           697,             1,  -931.232E-03,      -1.15934,            0.,"ASSEMBLY_PLATE-1__PICKEDSET2","ROCK","",      -1.00311,      -1.79299,      -1.79159,      -1.00451,   33.1910E-03
F:/Desktop/DeepOnet_Abaqus/StaticElasticJob.odb,Step-1,Increment      1: Step Time =    1.000,"PLATE-1",           698,             1,  -768.235E-03,      -1.08106,            0.,"ASSEMBLY_PLATE-1__PICKEDSET2","ROCK","",      -1.00009,      -1.80263,      -1.80076,      -1.00196,   38.7049E-03
F:/Desktop/DeepOnet_Abaqus/StaticElasticJob.odb,Step-1,Increment      1: Step Time =    1.000,"PLATE-1",           699,             1,  -641.068E-03,      -1.17577,            0.,"ASSEMBLY_PLATE-1__PICKEDSET2","ROCK","",  -996.935E-03,      -1.80796,      -1.80661,  -998.285E-03,   33.0610E-03
F:/Desktop/DeepOnet_Abaqus/StaticElasticJob.odb,Step-1,Increment      1: Step Time =    1.000,"PLATE-1",           700,             1,  -486.381E-03,      -1.19838,            0.,"ASSEMBLY_PLATE-1__PICKEDSET2","ROCK","",  -992.962E-03,      -1.81492,      -1.81384,  -994.037E-03,   29.7118E-03
F:/Desktop/DeepOnet_Abaqus/StaticElasticJob.odb,Step-1,Increment      1: Step Time =    1.000,"PLATE-1",           701,             1,  -630.166E-03,      -1.08824,            0.,"ASSEMBLY_PLATE-1__PICKEDSET2","ROCK","",  -995.864E-03,      -1.81198,      -1.81014,  -997.704E-03,   38.7043E-03
F:/Desktop/DeepOnet_Abaqus/StaticElasticJob.odb,Step-1,Increment      1: Step Time =    1.000,"PLATE-1",           702,             1,  -755.584E-03,      -1.01984,            0.,"ASSEMBLY_PLATE-1__PICKEDSET2","ROCK","",      -1.00005,      -1.80419,      -1.80193,      -1.00231,   42.5725E-03
F:/Desktop/DeepOnet_Abaqus/StaticElasticJob.odb,Step-1,Increment      1: Step Time =    1.000,"PLATE-1",           703,             1,  -358.800E-03,  -905.062E-03,            0.,"ASSEMBLY_PLATE-1__PICKEDSET2","ROCK","",  -975.745E-03,      -1.85093,      -1.84782,  -978.850E-03,   52.0392E-03
F:/Desktop/DeepOnet_Abaqus/StaticElasticJob.odb,Step-1,Increment      1: Step Time =    1.000,"PLATE-1",           704,             1,  -254.824E-03,      -1.03140,            0.,"ASSEMBLY_PLATE-1__PICKEDSET2","ROCK","",  -976.052E-03,      -1.84482,      -1.84353,  -977.333E-03,   33.3393E-03
F:/Desktop/DeepOnet_Abaqus/StaticElasticJob.odb,Step-1,Increment      1: Step Time =    1.000,"PLATE-1",           705,             1,  -12.0409E-03,  -954.990E-03,            0.,"ASSEMBLY_PLATE-1__PICKEDSET2","ROCK","",  -955.122E-03,      -1.87068,      -1.87047,  -955.334E-03,   13.9321E-03
F:/Desktop/DeepOnet_Abaqus/StaticElasticJob.odb,Step-1,Increment      1: Step Time =    1.000,"PLATE-1",           706,             1,   56.0864E-03,  -966.996E-03,            0.,"ASSEMBLY_PLATE-1__PICKEDSET2","ROCK","",  -954.866E-03,      -1.86913,      -1.86910,  -954.893E-03,   5.00592E-03
F:/Desktop/DeepOnet_Abaqus/StaticElasticJob.odb,Step-1,Increment      1: Step Time =    1.000,"PLATE-1",           707,             1,   730.996E-03,  -948.886E-03,            0.,"ASSEMBLY_PLATE-1__PICKEDSET2","ROCK","",  -975.339E-03,      -1.81416,      -1.81227,  -977.230E-03,  -39.7881E-03
F:/Desktop/DeepOnet_Abaqus/StaticElasticJob.odb,Step-1,Increment      1: Step Time =    1.000,"PLATE-1",           708,             1,   903.882E-03,      -1.01096,            0.,"ASSEMBLY_PLATE-1__PICKEDSET2","ROCK","",  -980.560E-03,      -1.80085,      -1.79923,  -982.176E-03,  -36.3746E-03
F:/Desktop/DeepOnet_Abaqus/StaticElasticJob.odb,Step-1,Increment      1: Step Time =    1.000,"PLATE-1",           709,             1,      -1.39684,      -1.25991,            0.,"ASSEMBLY_PLATE-1__PICKEDSET2","ROCK","",      -1.00734,      -1.77646,      -1.77564,      -1.00816,   25.1104E-03
F:/Desktop/DeepOnet_Abaqus/StaticElasticJob.odb,Step-1,Increment      1: Step Time =    1.000,"PLATE-1",           710,             1,      -1.45442,      -1.20380,            0.,"ASSEMBLY_PLATE-1__PICKEDSET2","ROCK","",      -1.00807,      -1.77475,      -1.77388,      -1.00893,   25.6884E-03
F:/Desktop/DeepOnet_Abaqus/StaticElasticJob.odb,Step-1,Increment      1: Step Time =    1.000,"PLATE-1",           711,             1,      -1.22867,      -1.29215,            0.,"ASSEMBLY_PLATE-1__PICKEDSET2","ROCK","",      -1.00592,      -1.78112,      -1.78028,      -1.00677,   25.5922E-03
F:/Desktop/DeepOnet_Abaqus/StaticElasticJob.odb,Step-1,Increment      1: Step Time =    1.000,"PLATE-1",           712,             1,  -783.124E-03,      -1.14906,            0.,"ASSEMBLY_PLATE-1__PICKEDSET2","ROCK","",      -1.00056,      -1.80026,      -1.79875,      -1.00207,   34.6748E-03
F:/Desktop/DeepOnet_Abaqus/StaticElasticJob.odb,Step-1,Increment      1: Step Time =    1.000,"PLATE-1",           713,             1,  -693.004E-03,      -1.35379,            0.,"ASSEMBLY_PLATE-1__PICKEDSET2","ROCK","",  -999.672E-03,      -1.79892,      -1.79815,      -1.00045,   24.8566E-03
F:/Desktop/DeepOnet_Abaqus/StaticElasticJob.odb,Step-1,Increment      1: Step Time =    1.000,"PLATE-1",           714,             1,  -722.803E-03,      -1.44830,            0.,"ASSEMBLY_PLATE-1__PICKEDSET2","ROCK","",      -1.00073,      -1.79505,      -1.79447,      -1.00132,   21.5231E-03
F:/Desktop/DeepOnet_Abaqus/StaticElasticJob.odb,Step-1,Increment      1: Step Time =    1.000,"PLATE-1",           715,             1,  -343.757E-03,      -1.21432,            0.,"ASSEMBLY_PLATE-1__PICKEDSET2","ROCK","",  -988.208E-03,      -1.82214,      -1.82132,  -989.021E-03,   26.0371E-03
F:/Desktop/DeepOnet_Abaqus/StaticElasticJob.odb,Step-1,Increment      1: Step Time =    1.000,"PLATE-1",           716,             1,  -81.9748E-03,      -1.29838,            0.,"ASSEMBLY_PLATE-1__PICKEDSET2","ROCK","",  -984.527E-03,      -1.82324,      -1.82303,  -984.737E-03,   13.2568E-03
F:/Desktop/DeepOnet_Abaqus/StaticElasticJob.odb,Step-1,Increment      1: Step Time =    1.000,"PLATE-1",           717,             1,   153.729E-03,      -1.25181,            0.,"ASSEMBLY_PLATE-1__PICKEDSET2","ROCK","",  -979.063E-03,      -1.82704,      -1.82704,  -979.064E-03,   506.538E-06
F:/Desktop/DeepOnet_Abaqus/StaticElasticJob.odb,Step-1,Increment      1: Step Time =    1.000,"PLATE-1",           718,             1,   527.720E-03,      -1.15039,            0.,"ASSEMBLY_PLATE-1__PICKEDSET2","ROCK","",  -975.895E-03,      -1.82161,      -1.82108,  -976.426E-03,  -21.1925E-03
F:/Desktop/DeepOnet_Abaqus/StaticElasticJob.odb,Step-1,Increment      1: Step Time =    1.000,"PLATE-1",           719,             1,   740.720E-03,      -1.30772,            0.,"ASSEMBLY_PLATE-1__PICKEDSET2","ROCK","",  -983.137E-03,      -1.80436,      -1.80393,  -983.572E-03,  -18.8942E-03
F:/Desktop/DeepOnet_Abaqus/StaticElasticJob.odb,Step-1,Increment      1: Step Time =    1.000,"PLATE-1",           720,             1,   695.559E-03,      -1.45045,            0.,"ASSEMBLY_PLATE-1__PICKEDSET2","ROCK","",  -985.694E-03,      -1.80236,      -1.80216,  -985.902E-03,  -13.0363E-03
F:/Desktop/DeepOnet_Abaqus/StaticElasticJob.odb,Step-1,Increment      1: Step Time =    1.000,"PLATE-1",           721,             1,   308.940E-03,      -1.32050,            0.,"ASSEMBLY_PLATE-1__PICKEDSET2","ROCK","",  -981.558E-03,      -1.81882,      -1.81879,  -981.587E-03,  -4.92384E-03
F:/Desktop/DeepOnet_Abaqus/StaticElasticJob.odb,Step-1,Increment      1: Step Time =    1.000,"PLATE-1",           722,             1,   380.421E-03,      -1.29058,            0.,"ASSEMBLY_PLATE-1__PICKEDSET2","ROCK","",  -980.390E-03,      -1.81892,      -1.81882,  -980.484E-03,  -8.88808E-03
F:/Desktop/DeepOnet_Abaqus/StaticElasticJob.odb,Step-1,Increment      1: Step Time =    1.000,"PLATE-1",           723,             1,   641.319E-03,      -1.24337,            0.,"ASSEMBLY_PLATE-1__PICKEDSET2","ROCK","",  -980.687E-03,      -1.81082,      -1.81038,  -981.124E-03,  -19.0412E-03
F:/Desktop/DeepOnet_Abaqus/StaticElasticJob.odb,Step-1,Increment      1: Step Time =    1.000,"PLATE-1",           724,             1,   553.835E-03,      -1.36429,            0.,"ASSEMBLY_PLATE-1__PICKEDSET2","ROCK","",  -983.550E-03,      -1.80921,      -1.80905,  -983.716E-03,  -11.7080E-03
F:/Desktop/DeepOnet_Abaqus/StaticElasticJob.odb,Step-1,Increment      1: Step Time =    1.000,"PLATE-1",           725,             1,   540.913E-03,      -1.25215,            0.,"ASSEMBLY_PLATE-1__PICKEDSET2","ROCK","",  -979.920E-03,      -1.81530,      -1.81501,  -980.209E-03,  -15.5461E-03
F:/Desktop/DeepOnet_Abaqus/StaticElasticJob.odb,Step-1,Increment      1: Step Time =    1.000,"PLATE-1",           726,             1,   808.332E-03,      -1.22395,            0.,"ASSEMBLY_PLATE-1__PICKEDSET2","ROCK","",  -981.453E-03,      -1.80495,      -1.80426,  -982.138E-03,  -23.7444E-03
F:/Desktop/DeepOnet_Abaqus/StaticElasticJob.odb,Step-1,Increment      1: Step Time =    1.000,"PLATE-1",           727,             1,       1.14163,      -1.28759,            0.,"ASSEMBLY_PLATE-1__PICKEDSET2","ROCK","",  -986.705E-03,      -1.79030,      -1.78954,  -987.460E-03,  -24.6159E-03
F:/Desktop/DeepOnet_Abaqus/StaticElasticJob.odb,Step-1,Increment      1: Step Time =    1.000,"PLATE-1",           728,             1,       1.33628,      -1.07256,            0.,"ASSEMBLY_PLATE-1__PICKEDSET2","ROCK","",  -988.886E-03,      -1.78189,      -1.78059,  -990.179E-03,  -31.9978E-03
F:/Desktop/DeepOnet_Abaqus/StaticElasticJob.odb,Step-1,Increment      1: Step Time =    1.000,"PLATE-1",           729,             1,       1.13353,      -1.07893,            0.,"ASSEMBLY_PLATE-1__PICKEDSET2","ROCK","",  -985.255E-03,      -1.78982,      -1.78847,  -986.603E-03,  -32.8961E-03
F:/Desktop/DeepOnet_Abaqus/StaticElasticJob.odb,Step-1,Increment      1: Step Time =    1.000,"PLATE-1",           730,             1,   898.595E-03,      -1.14949,            0.,"ASSEMBLY_PLATE-1__PICKEDSET2","ROCK","",  -981.981E-03,      -1.80074,      -1.79973,  -982.985E-03,  -28.6513E-03
F:/Desktop/DeepOnet_Abaqus/StaticElasticJob.odb,Step-1,Increment      1: Step Time =    1.000,"PLATE-1",           731,             1,   806.850E-03,      -1.13768,            0.,"ASSEMBLY_PLATE-1__PICKEDSET2","ROCK","",  -980.127E-03,      -1.80636,      -1.80542,  -981.066E-03,  -27.8466E-03
F:/Desktop/DeepOnet_Abaqus/StaticElasticJob.odb,Step-1,Increment      1: Step Time =    1.000,"PLATE-1",           732,             1,  -104.254E-03,      -1.07834,            0.,"ASSEMBLY_PLATE-1__PICKEDSET2","ROCK","",  -971.544E-03,      -1.84720,      -1.84676,  -971.979E-03,   19.5181E-03
F:/Desktop/DeepOnet_Abaqus/StaticElasticJob.odb,Step-1,Increment      1: Step Time =    1.000,"PLATE-1",           733,             1,  -332.078E-03,      -1.15114,            0.,"ASSEMBLY_PLATE-1__PICKEDSET2","ROCK","",  -985.825E-03,      -1.82716,      -1.82616,  -986.822E-03,   28.9477E-03
F:/Desktop/DeepOnet_Abaqus/StaticElasticJob.odb,Step-1,Increment      1: Step Time =    1.000,"PLATE-1",           734,             1,      -1.02628,      -1.18727,            0.,"ASSEMBLY_PLATE-1__PICKEDSET2","ROCK","",      -1.00447,      -1.78846,      -1.78722,      -1.00571,   31.1118E-03
F:/Desktop/DeepOnet_Abaqus/StaticElasticJob.odb,Step-1,Increment      1: Step Time =    1.000,"PLATE-1",           735,             1,  -844.150E-03,      -1.29872,            0.,"ASSEMBLY_PLATE-1__PICKEDSET2","ROCK","",      -1.00159,      -1.79476,      -1.79381,      -1.00254,   27.3812E-03
F:/Desktop/DeepOnet_Abaqus/StaticElasticJob.odb,Step-1,Increment      1: Step Time =    1.000,"PLATE-1",           736,             1,  -663.620E-03,      -1.26408,            0.,"ASSEMBLY_PLATE-1__PICKEDSET2","ROCK","",  -998.284E-03,      -1.80333,      -1.80232,  -999.291E-03,   28.4533E-03
F:/Desktop/DeepOnet_Abaqus/StaticElasticJob.odb,Step-1,Increment      1: Step Time =    1.000,"PLATE-1",           737,             1,      -1.24852,      -1.46775,            0.,"ASSEMBLY_PLATE-1__PICKEDSET2","ROCK","",      -1.00541,      -1.77996,      -1.77940,      -1.00598,   20.9964E-03
F:/Desktop/DeepOnet_Abaqus/StaticElasticJob.odb,Step-1,Increment      1: Step Time =    1.000,"PLATE-1",           738,             1,  -815.870E-03,      -1.42777,            0.,"ASSEMBLY_PLATE-1__PICKEDSET2","ROCK","",      -1.00181,      -1.79261,      -1.79196,      -1.00246,   22.6737E-03
F:/Desktop/DeepOnet_Abaqus/StaticElasticJob.odb,Step-1,Increment      1: Step Time =    1.000,"PLATE-1",           739,             1,  -155.435E-03,      -1.40177,            0.,"ASSEMBLY_PLATE-1__PICKEDSET2","ROCK","",  -989.861E-03,      -1.81356,      -1.81336,  -990.068E-03,   13.0726E-03
F:/Desktop/DeepOnet_Abaqus/StaticElasticJob.odb,Step-1,Increment      1: Step Time =    1.000,"PLATE-1",           740,             1,  -116.193E-03,      -1.33465,            0.,"ASSEMBLY_PLATE-1__PICKEDSET2","ROCK","",  -987.175E-03,      -1.81876,      -1.81854,  -987.401E-03,   13.7075E-03
F:/Desktop/DeepOnet_Abaqus/StaticElasticJob.odb,Step-1,Increment      1: Step Time =    1.000,"PLATE-1",           741,             1,   227.098E-03,      -1.32609,            0.,"ASSEMBLY_PLATE-1__PICKEDSET2","ROCK","",  -982.198E-03,      -1.81974,      -1.81974,  -982.200E-03,  -1.37496E-03
F:/Desktop/DeepOnet_Abaqus/StaticElasticJob.odb,Step-1,Increment      1: Step Time =    1.000,"PLATE-1",           742,             1,   326.434E-03,      -1.48447,            0.,"ASSEMBLY_PLATE-1__PICKEDSET2","ROCK","",  -987.343E-03,      -1.80804,      -1.80803,  -987.352E-03,  -2.66468E-03
F:/Desktop/DeepOnet_Abaqus/StaticElasticJob.odb,Step-1,Increment      1: Step Time =    1.000,"PLATE-1",           743,             1,   341.176E-03,      -1.56216,            0.,"ASSEMBLY_PLATE-1__PICKEDSET2","ROCK","",  -989.186E-03,      -1.80478,      -1.80477,  -989.189E-03,  -1.73437E-03
F:/Desktop/DeepOnet_Abaqus/StaticElasticJob.odb,Step-1,Increment      1: Step Time =    1.000,"PLATE-1",           744,             1,       1.04605,      -1.46195,            0.,"ASSEMBLY_PLATE-1__PICKEDSET2","ROCK","",  -987.728E-03,      -1.79204,      -1.79164,  -988.133E-03,  -18.0382E-03
F:/Desktop/DeepOnet_Abaqus/StaticElasticJob.odb,Step-1,Increment      1: Step Time =    1.000,"PLATE-1",           745,             1,       1.22550,      -1.44789,            0.,"ASSEMBLY_PLATE-1__PICKEDSET2","ROCK","",  -989.093E-03,      -1.78693,      -1.78641,  -989.614E-03,  -20.3729E-03
F:/Desktop/DeepOnet_Abaqus/StaticElasticJob.odb,Step-1,Increment      1: Step Time =    1.000,"PLATE-1",           746,             1,   140.714E-03,      -1.47712,            0.,"ASSEMBLY_PLATE-1__PICKEDSET2","ROCK","",  -988.171E-03,      -1.81073,      -1.81072,  -988.182E-03,   2.99027E-03
F:/Desktop/DeepOnet_Abaqus/StaticElasticJob.odb,Step-1,Increment      1: Step Time =    1.000,"PLATE-1",           747,             1,   622.391E-03,      -1.41668,            0.,"ASSEMBLY_PLATE-1__PICKEDSET2","ROCK","",  -985.002E-03,      -1.80480,      -1.80461,  -985.189E-03,  -12.3608E-03
F:/Desktop/DeepOnet_Abaqus/StaticElasticJob.odb,Step-1,Increment      1: Step Time =    1.000,"PLATE-1",           748,             1,       1.30937,       1.37294,            0.,"ASSEMBLY_PLATE-1__PICKEDSET2","ROCK","",      -1.06938,      -1.62287,      -1.62019,      -1.07206,   38.4587E-03
F:/Desktop/DeepOnet_Abaqus/StaticElasticJob.odb,Step-1,Increment      1: Step Time =    1.000,"PLATE-1",           749,             1,       1.22773,       1.28999,            0.,"ASSEMBLY_PLATE-1__PICKEDSET2","ROCK","",      -1.07586,      -1.59239,      -1.59224,      -1.07601,   8.79418E-03
F:/Desktop/DeepOnet_Abaqus/StaticElasticJob.odb,Step-1,Increment      1: Step Time =    1.000,"PLATE-1",           750,             1,   903.112E-03,       1.33525,            0.,"ASSEMBLY_PLATE-1__PICKEDSET2","ROCK","",      -1.13156,      -1.41449,      -1.40496,      -1.14109,  -51.0513E-03
F:/Desktop/DeepOnet_Abaqus/StaticElasticJob.odb,Step-1,Increment      1: Step Time =    1.000,"PLATE-1",           751,             1,   583.896E-03,       1.23990,            0.,"ASSEMBLY_PLATE-1__PICKEDSET2","ROCK","",  -660.749E-03,      -1.62843,      -1.35961,  -929.572E-03,  -433.439E-03
F:/Desktop/DeepOnet_Abaqus/StaticElasticJob.odb,Step-1,Increment      1: Step Time =    1.000,"PLATE-1",           752,             1,   447.789E-03,       1.25379,            0.,"ASSEMBLY_PLATE-1__PICKEDSET2","ROCK","",  -348.174E-03,      -1.74695,      -1.37093,  -724.187E-03,  -620.137E-03
F:/Desktop/DeepOnet_Abaqus/StaticElasticJob.odb,Step-1,Increment      1: Step Time =    1.000,"PLATE-1",           753,             1,       1.35168,       1.54363,            0.,"ASSEMBLY_PLATE-1__PICKEDSET2","ROCK","",      -1.05098,      -1.67130,      -1.66342,      -1.05886,   69.4548E-03
F:/Desktop/DeepOnet_Abaqus/StaticElasticJob.odb,Step-1,Increment      1: Step Time =    1.000,"PLATE-1",           754,             1,       1.37977,       1.39828,            0.,"ASSEMBLY_PLATE-1__PICKEDSET2","ROCK","",      -1.05776,      -1.64610,      -1.64365,      -1.06021,   37.9253E-03
F:/Desktop/DeepOnet_Abaqus/StaticElasticJob.odb,Step-1,Increment      1: Step Time =    1.000,"PLATE-1",           755,             1,       1.23714,       1.45775,            0.,"ASSEMBLY_PLATE-1__PICKEDSET2","ROCK","",      -1.07345,      -1.62570,      -1.61936,      -1.07979,   58.8223E-03
F:/Desktop/DeepOnet_Abaqus/StaticElasticJob.odb,Step-1,Increment      1: Step Time =    1.000,"PLATE-1",           756,             1,       1.04739,       1.46386,            0.,"ASSEMBLY_PLATE-1__PICKEDSET2","ROCK","",      -1.10735,      -1.55597,      -1.54391,      -1.11940,   72.5405E-03
F:/Desktop/DeepOnet_Abaqus/StaticElasticJob.odb,Step-1,Increment      1: Step Time =    1.000,"PLATE-1",           757,             1,   870.960E-03,       1.46887,            0.,"ASSEMBLY_PLATE-1__PICKEDSET2","ROCK","",      -1.13981,      -1.46558,      -1.41241,      -1.19298,   120.391E-03
F:/Desktop/DeepOnet_Abaqus/StaticElasticJob.odb,Step-1,Increment      1: Step Time =    1.000,"PLATE-1",           758,             1,   688.288E-03,       1.42058,            0.,"ASSEMBLY_PLATE-1__PICKEDSET2","ROCK","",      -1.05105,      -1.24430,      -1.06283,      -1.23252,  -46.2466E-03
F:/Desktop/DeepOnet_Abaqus/StaticElasticJob.odb,Step-1,Increment      1: Step Time =    1.000,"PLATE-1",           759,             1,   524.569E-03,       1.45852,            0.,"ASSEMBLY_PLATE-1__PICKEDSET2","ROCK","",  -456.481E-03,      -1.20770,  -562.076E-03,      -1.10210,  -261.102E-03
F:/Desktop/DeepOnet_Abaqus/StaticElasticJob.odb,Step-1,Increment      1: Step Time =    1.000,"PLATE-1",           760,             1,      -1.47689,   949.558E-03,            0.,"ASSEMBLY_PLATE-1__PICKEDSET2","ROCK","",      -1.02245,      -1.73879,      -1.73855,      -1.02270,   13.2903E-03
F:/Desktop/DeepOnet_Abaqus/StaticElasticJob.odb,Step-1,Increment      1: Step Time =    1.000,"PLATE-1",           761,             1,      -1.43310,  -752.808E-03,            0.,"ASSEMBLY_PLATE-1__PICKEDSET2","ROCK","",      -1.01680,      -1.76552,      -1.76379,      -1.01852,   35.8668E-03
F:/Desktop/DeepOnet_Abaqus/StaticElasticJob.odb,Step-1,Increment      1: Step Time =    1.000,"PLATE-1",           762,             1,  -764.386E-03,       1.55439,            0.,"ASSEMBLY_PLATE-1__PICKEDSET2","ROCK","",      -1.09150,      -1.56806,      -1.56750,      -1.09206,  -16.3065E-03
F:/Desktop/DeepOnet_Abaqus/StaticElasticJob.odb,Step-1,Increment      1: Step Time =    1.000,"PLATE-1",           763,             1,      -1.55212,       1.45006,            0.,"ASSEMBLY_PLATE-1__PICKEDSET2","ROCK","",      -1.03463,      -1.71179,      -1.71179,      -1.03463,  -147.485E-06
F:/Desktop/DeepOnet_Abaqus/StaticElasticJob.odb,Step-1,Increment      1: Step Time =    1.000,"PLATE-1",           764,             1,      -1.55927,   850.736E-03,            0.,"ASSEMBLY_PLATE-1__PICKEDSET2","ROCK","",      -1.02256,      -1.74090,      -1.74075,      -1.02271,   10.3168E-03
F:/Desktop/DeepOnet_Abaqus/StaticElasticJob.odb,Step-1,Increment      1: Step Time =    1.000,"PLATE-1",           765,             1,      -1.55922,   443.819E-03,            0.,"ASSEMBLY_PLATE-1__PICKEDSET2","ROCK","",      -1.02864,      -1.74089,      -1.74084,      -1.02868,   5.56957E-03
F:/Desktop/DeepOnet_Abaqus/StaticElasticJob.odb,Step-1,Increment      1: Step Time =    1.000,"PLATE-1",           766,             1,      -1.55974,   247.135E-03,            0.,"ASSEMBLY_PLATE-1__PICKEDSET2","ROCK","",      -1.03369,      -1.73673,      -1.73663,      -1.03378,   8.25859E-03
F:/Desktop/DeepOnet_Abaqus/StaticElasticJob.odb,Step-1,Increment      1: Step Time =    1.000,"PLATE-1",           767,             1,      -1.56002,  -149.762E-03,            0.,"ASSEMBLY_PLATE-1__PICKEDSET2","ROCK","",      -1.03468,      -1.73894,      -1.73812,      -1.03550,   23.9873E-03
F:/Desktop/DeepOnet_Abaqus/StaticElasticJob.odb,Step-1,Increment      1: Step Time =    1.000,"PLATE-1",           768,             1,      -1.56429,  -343.004E-03,            0.,"ASSEMBLY_PLATE-1__PICKEDSET2","ROCK","",      -1.02975,      -1.74619,      -1.74491,      -1.03102,   30.2071E-03
F:/Desktop/DeepOnet_Abaqus/StaticElasticJob.odb,Step-1,Increment      1: Step Time =    1.000,"PLATE-1",           769,             1,      -1.54373,  -749.453E-03,            0.,"ASSEMBLY_PLATE-1__PICKEDSET2","ROCK","",      -1.01693,      -1.76364,      -1.76217,      -1.01839,   33.0401E-03
F:/Desktop/DeepOnet_Abaqus/StaticElasticJob.odb,Step-1,Increment      1: Step Time =    1.000,"PLATE-1",           770,             1,      -1.55793,      -1.14309,            0.,"ASSEMBLY_PLATE-1__PICKEDSET2","ROCK","",      -1.00911,      -1.77214,      -1.77126,      -1.00998,   25.8453E-03
F:/Desktop/DeepOnet_Abaqus/StaticElasticJob.odb,Step-1,Increment      1: Step Time =    1.000,"PLATE-1",           771,             1,  -449.678E-03,      -1.54733,            0.,"ASSEMBLY_PLATE-1__PICKEDSET2","ROCK","",  -998.038E-03,      -1.79940,      -1.79907,  -998.369E-03,   16.2871E-03
F:/Desktop/DeepOnet_Abaqus/StaticElasticJob.odb,Step-1,Increment      1: Step Time =    1.000,"PLATE-1",           772,             1,   145.927E-03,      -1.55948,            0.,"ASSEMBLY_PLATE-1__PICKEDSET2","ROCK","",  -990.828E-03,      -1.80583,      -1.80581,  -990.841E-03,   3.34736E-03
F:/Desktop/DeepOnet_Abaqus/StaticElasticJob.odb,Step-1,Increment      1: Step Time =    1.000,"PLATE-1",           773,             1,   509.824E-03,      -1.42225,            0.,"ASSEMBLY_PLATE-1__PICKEDSET2","ROCK","",  -985.020E-03,      -1.80785,      -1.80775,  -985.120E-03,  -9.06656E-03
F:/Desktop/DeepOnet_Abaqus/StaticElasticJob.odb,Step-1,Increment      1: Step Time =    1.000,"PLATE-1",           774,             1,   758.410E-03,      -1.55358,            0.,"ASSEMBLY_PLATE-1__PICKEDSET2","ROCK","",  -988.205E-03,      -1.79714,      -1.79697,  -988.373E-03,  -11.6419E-03
F:/Desktop/DeepOnet_Abaqus/StaticElasticJob.odb,Step-1,Increment      1: Step Time =    1.000,"PLATE-1",           775,             1,       1.14624,      -1.55262,            0.,"ASSEMBLY_PLATE-1__PICKEDSET2","ROCK","",  -989.378E-03,      -1.78856,      -1.78821,  -989.730E-03,  -16.7496E-03
F:/Desktop/DeepOnet_Abaqus/StaticElasticJob.odb,Step-1,Increment      1: Step Time =    1.000,"PLATE-1",           776,             1,       1.55064,      -1.55006,            0.,"ASSEMBLY_PLATE-1__PICKEDSET2","ROCK","",  -992.531E-03,      -1.77947,      -1.77897,  -993.039E-03,  -19.9753E-03
F:/Desktop/DeepOnet_Abaqus/StaticElasticJob.odb,Step-1,Increment      1: Step Time =    1.000,"PLATE-1",           777,             1,       1.53913,  -851.614E-03,            0.,"ASSEMBLY_PLATE-1__PICKEDSET2","ROCK","",  -993.871E-03,      -1.77012,      -1.76841,  -995.582E-03,  -36.4010E-03
F:/Desktop/DeepOnet_Abaqus/StaticElasticJob.odb,Step-1,Increment      1: Step Time =    1.000,"PLATE-1",           778,             1,       1.55394,  -451.152E-03,            0.,"ASSEMBLY_PLATE-1__PICKEDSET2","ROCK","",      -1.00251,      -1.75088,      -1.74867,      -1.00472,  -40.5684E-03
F:/Desktop/DeepOnet_Abaqus/StaticElasticJob.odb,Step-1,Increment      1: Step Time =    1.000,"PLATE-1",           779,             1,       1.56080,   147.217E-03,            0.,"ASSEMBLY_PLATE-1__PICKEDSET2","ROCK","",      -1.01035,      -1.72359,      -1.72245,      -1.01149,  -28.4722E-03
F:/Desktop/DeepOnet_Abaqus/StaticElasticJob.odb,Step-1,Increment      1: Step Time =    1.000,"PLATE-1",           780,             1,       1.55661,       1.15213,            0.,"ASSEMBLY_PLATE-1__PICKEDSET2","ROCK","",      -1.04372,      -1.66694,      -1.66692,      -1.04375,   3.74196E-03
F:/Desktop/DeepOnet_Abaqus/StaticElasticJob.odb,Step-1,Increment      1: Step Time =    1.000,"PLATE-1",           781,             1,       1.55862,       1.34564,            0.,"ASSEMBLY_PLATE-1__PICKEDSET2","ROCK","",      -1.04854,      -1.67115,      -1.66956,      -1.05013,   31.3875E-03
F:/Desktop/DeepOnet_Abaqus/StaticElasticJob.odb,Step-1,Increment      1: Step Time =    1.000,"PLATE-1",           782,             1,       1.15702,       1.55183,            0.,"ASSEMBLY_PLATE-1__PICKEDSET2","ROCK","",      -1.06862,      -1.63660,      -1.62087,      -1.08435,   93.2133E-03
F:/Desktop/DeepOnet_Abaqus/StaticElasticJob.odb,Step-1,Increment      1: Step Time =    1.000,"PLATE-1",           783,             1,   872.807E-03,       1.55583,            0.,"ASSEMBLY_PLATE-1__PICKEDSET2","ROCK","",      -1.04889,      -1.57244,      -1.51190,      -1.10944,   167.429E-03
F:/Desktop/DeepOnet_Abaqus/StaticElasticJob.odb,Step-1,Increment      1: Step Time =    1.000,"PLATE-1",           784,             1,   588.021E-03,       1.56397,            0.,"ASSEMBLY_PLATE-1__PICKEDSET2","ROCK","",  -667.516E-03,      -1.87399,  -951.054E-03,      -1.59045,   511.553E-03
F:/Desktop/DeepOnet_Abaqus/StaticElasticJob.odb,Step-1,Increment      1: Step Time =    1.000,"PLATE-1",           785,             1,  -10.1089E-03,       1.56132,            0.,"ASSEMBLY_PLATE-1__PICKEDSET2","ROCK","",  -16.0991E-03,      -1.37559,  -629.693E-03,  -761.991E-03,  -676.517E-03
F:/Desktop/DeepOnet_Abaqus/StaticElasticJob.odb,Step-1,Increment      1: Step Time =    1.000,"PLATE-1",           786,             1,  -46.6799E-03,       1.06270,            0.,"ASSEMBLY_PLATE-1__PICKEDSET2","ROCK","",      -1.21819,      -2.49560,      -2.42774,      -1.28606,   286.501E-03
F:/Desktop/DeepOnet_Abaqus/StaticElasticJob.odb,Step-1,Increment      1: Step Time =    1.000,"PLATE-1",           787,             1,  -12.9711E-03,  -242.157E-03,            0.,"ASSEMBLY_PLATE-1__PICKEDSET2","ROCK","",  -150.549E-03,      -2.58896,      -2.58770,  -151.801E-03,   55.2266E-03
F:/Desktop/DeepOnet_Abaqus/StaticElasticJob.odb,Step-1,Increment      1: Step Time =    1.000,"PLATE-1",           788,             1,   5.71904E-03,  -242.757E-03,            0.,"ASSEMBLY_PLATE-1__PICKEDSET2","ROCK","",  -157.020E-03,      -2.58710,      -2.58707,  -157.049E-03,  -8.42829E-03
F:/Desktop/DeepOnet_Abaqus/StaticElasticJob.odb,Step-1,Increment      1: Step Time =    1.000,"PLATE-1",           789,             1,  -31.9033E-03,  -238.661E-03,            0.,"ASSEMBLY_PLATE-1__PICKEDSET2","ROCK","",  -142.963E-03,      -2.59795,      -2.59268,  -148.232E-03,   113.611E-03
F:/Desktop/DeepOnet_Abaqus/StaticElasticJob.odb,Step-1,Increment      1: Step Time =    1.000,"PLATE-1",           790,             1,  -59.0280E-03,  -211.055E-03,            0.,"ASSEMBLY_PLATE-1__PICKEDSET2","ROCK","",  -59.5899E-03,      -2.64562,      -2.62655,  -78.6587E-03,   221.244E-03
F:/Desktop/DeepOnet_Abaqus/StaticElasticJob.odb,Step-1,Increment      1: Step Time =    1.000,"PLATE-1",           791,             1,   43.4743E-03,  -217.094E-03,            0.,"ASSEMBLY_PLATE-1__PICKEDSET2","ROCK","",  -72.5633E-03,      -2.61650,      -2.60669,  -82.3670E-03,  -157.619E-03
F:/Desktop/DeepOnet_Abaqus/StaticElasticJob.odb,Step-1,Increment      1: Step Time =    1.000,"PLATE-1",           792,             1,   21.1973E-03,   208.408E-03,            0.,"ASSEMBLY_PLATE-1__PICKEDSET2","ROCK","",  -88.4314E-03,      -3.82584,      -3.80262,  -111.654E-03,   293.691E-03
F:/Desktop/DeepOnet_Abaqus/StaticElasticJob.odb,Step-1,Increment      1: Step Time =    1.000,"PLATE-1",           793,             1,  -75.7390E-03,  -211.853E-03,            0.,"ASSEMBLY_PLATE-1__PICKEDSET2","ROCK","",  -69.3307E-03,      -2.66612,      -2.63459,  -100.854E-03,   284.370E-03
F:/Desktop/DeepOnet_Abaqus/StaticElasticJob.odb,Step-1,Increment      1: Step Time =    1.000,"PLATE-1",           794,             1,   61.1663E-03,  -216.476E-03,            0.,"ASSEMBLY_PLATE-1__PICKEDSET2","ROCK","",  -83.4413E-03,      -2.62416,      -2.60547,  -102.134E-03,  -217.125E-03
F:/Desktop/DeepOnet_Abaqus/StaticElasticJob.odb,Step-1,Increment      1: Step Time =    1.000,"PLATE-1",           795,             1,   114.527E-03,  -209.660E-03,            0.,"ASSEMBLY_PLATE-1__PICKEDSET2","ROCK","",  -85.9149E-03,      -2.67089,      -2.59903,  -157.775E-03,  -424.962E-03
F:/Desktop/DeepOnet_Abaqus/StaticElasticJob.odb,Step-1,Increment      1: Step Time =    1.000,"PLATE-1",           796,             1,  -126.726E-03,  -199.915E-03,            0.,"ASSEMBLY_PLATE-1__PICKEDSET2","ROCK","",  -39.2103E-03,      -2.75099,      -2.65576,  -134.444E-03,   499.183E-03
F:/Desktop/DeepOnet_Abaqus/StaticElasticJob.odb,Step-1,Increment      1: Step Time =    1.000,"PLATE-1",           797,             1,  -142.452E-03,  -196.712E-03,            0.,"ASSEMBLY_PLATE-1__PICKEDSET2","ROCK","",  -50.2989E-03,      -2.80399,      -2.68068,  -173.613E-03,   569.529E-03
F:/Desktop/DeepOnet_Abaqus/StaticElasticJob.odb,Step-1,Increment      1: Step Time =    1.000,"PLATE-1",           798,             1,   132.549E-03,  -206.216E-03,            0.,"ASSEMBLY_PLATE-1__PICKEDSET2","ROCK","",  -76.8374E-03,      -2.68445,      -2.58882,  -172.470E-03,  -490.129E-03
F:/Desktop/DeepOnet_Abaqus/StaticElasticJob.odb,Step-1,Increment      1: Step Time =    1.000,"PLATE-1",           799,             1,  -39.6978E-03,   212.748E-03,            0.,"ASSEMBLY_PLATE-1__PICKEDSET2","ROCK","",  -203.335E-03,      -3.68413,      -3.62475,  -262.716E-03,  -450.743E-03
F:/Desktop/DeepOnet_Abaqus/StaticElasticJob.odb,Step-1,Increment      1: Step Time =    1.000,"PLATE-1",           800,             1,   166.590E-03,  -207.253E-03,            0.,"ASSEMBLY_PLATE-1__PICKEDSET2","ROCK","",  -100.135E-03,      -2.78642,      -2.59874,  -287.811E-03,  -684.783E-03
F:/Desktop/DeepOnet_Abaqus/StaticElasticJob.odb,Step-1,Increment      1: Step Time =    1.000,"PLATE-1",           801,             1,  -57.2370E-03,   208.726E-03,            0.,"ASSEMBLY_PLATE-1__PICKEDSET2","ROCK","",  -228.344E-03,      -3.60929,      -3.48946,  -348.177E-03,  -625.132E-03
F:/Desktop/DeepOnet_Abaqus/StaticElasticJob.odb,Step-1,Increment      1: Step Time =    1.000,"PLATE-1",           802,             1,   36.6979E-03,   209.508E-03,            0.,"ASSEMBLY_PLATE-1__PICKEDSET2","ROCK","",  -118.954E-03,      -3.78163,      -3.72587,  -174.717E-03,   448.476E-03
F:/Desktop/DeepOnet_Abaqus/StaticElasticJob.odb,Step-1,Increment      1: Step Time =    1.000,"PLATE-1",           803,             1,  -178.827E-03,  -209.732E-03,            0.,"ASSEMBLY_PLATE-1__PICKEDSET2","ROCK","",  -206.887E-03,      -2.93721,      -2.66361,  -480.485E-03,   819.852E-03
F:/Desktop/DeepOnet_Abaqus/StaticElasticJob.odb,Step-1,Increment      1: Step Time =    1.000,"PLATE-1",           804,             1,   190.993E-03,  -184.779E-03,            0.,"ASSEMBLY_PLATE-1__PICKEDSET2","ROCK","",  -82.6467E-03,      -2.96337,      -2.71464,  -331.386E-03,  -809.123E-03
F:/Desktop/DeepOnet_Abaqus/StaticElasticJob.odb,Step-1,Increment      1: Step Time =    1.000,"PLATE-1",           805,             1,   72.2242E-03,   208.745E-03,            0.,"ASSEMBLY_PLATE-1__PICKEDSET2","ROCK","",  -172.625E-03,      -3.55568,      -3.38706,  -341.243E-03,   736.214E-03
F:/Desktop/DeepOnet_Abaqus/StaticElasticJob.odb,Step-1,Increment      1: Step Time =    1.000,"PLATE-1",           806,             1,   92.7334E-03,   207.794E-03,            0.,"ASSEMBLY_PLATE-1__PICKEDSET2","ROCK","",  -298.965E-03,      -3.42622,      -3.17269,  -552.492E-03,   853.560E-03
F:/Desktop/DeepOnet_Abaqus/StaticElasticJob.odb,Step-1,Increment      1: Step Time =    1.000,"PLATE-1",           807,             1,  -128.841E-03,   191.947E-03,            0.,"ASSEMBLY_PLATE-1__PICKEDSET2","ROCK","",  -216.984E-03,      -3.01018,      -2.58524,  -641.923E-03,      -1.00318
F:/Desktop/DeepOnet_Abaqus/StaticElasticJob.odb,Step-1,Increment      1: Step Time =    1.000,"PLATE-1",           808,             1,   112.181E-03,   200.947E-03,            0.,"ASSEMBLY_PLATE-1__PICKEDSET2","ROCK","",  -333.294E-03,      -3.30983,      -2.95127,  -691.854E-03,   968.867E-03
F:/Desktop/DeepOnet_Abaqus/StaticElasticJob.odb,Step-1,Increment      1: Step Time =    1.000,"PLATE-1",           809,             1,  -278.655E-03,  -83.0235E-03,            0.,"ASSEMBLY_PLATE-1__PICKEDSET2","ROCK","",  -157.940E-03,      -1.86423,  -228.479E-03,      -1.79369,   339.682E-03
F:/Desktop/DeepOnet_Abaqus/StaticElasticJob.odb,Step-1,Increment      1: Step Time =    1.000,"PLATE-1",           810,             1,  -190.447E-03,  -186.879E-03,            0.,"ASSEMBLY_PLATE-1__PICKEDSET2","ROCK","",  -121.403E-03,      -3.11247,      -2.82768,  -406.198E-03,   877.914E-03
F:/Desktop/DeepOnet_Abaqus/StaticElasticJob.odb,Step-1,Increment      1: Step Time =    1.000,"PLATE-1",           811,             1,   254.419E-03,  -168.700E-03,            0.,"ASSEMBLY_PLATE-1__PICKEDSET2","ROCK","",  -658.262E-03,      -3.21867,      -2.17831,      -1.69863,      -1.25754
F:/Desktop/DeepOnet_Abaqus/StaticElasticJob.odb,Step-1,Increment      1: Step Time =    1.000,"PLATE-1",           812,             1,   280.747E-03,  -124.426E-03,            0.,"ASSEMBLY_PLATE-1__PICKEDSET2","ROCK","",  -411.484E-03,      -2.35744,  -877.391E-03,      -1.89154,  -830.402E-03
F:/Desktop/DeepOnet_Abaqus/StaticElasticJob.odb,Step-1,Increment      1: Step Time =    1.000,"PLATE-1",           813,             1,   276.962E-03,  -80.0564E-03,            0.,"ASSEMBLY_PLATE-1__PICKEDSET2","ROCK","",  -118.440E-03,      -1.66355,  -161.922E-03,      -1.62007,  -255.526E-03
F:/Desktop/DeepOnet_Abaqus/StaticElasticJob.odb,Step-1,Increment      1: Step Time =    1.000,"PLATE-1",           814,             1,   26.1091E-03,  -214.835E-03,            0.,"ASSEMBLY_PLATE-1__PICKEDSET2","ROCK","",  -64.2193E-03,      -2.63290,      -2.62976,  -67.3642E-03,  -89.8246E-03
F:/Desktop/DeepOnet_Abaqus/StaticElasticJob.odb,Step-1,Increment      1: Step Time =    1.000,"PLATE-1",           815,             1,  -151.144E-03,   185.969E-03,            0.,"ASSEMBLY_PLATE-1__PICKEDSET2","ROCK","",  -293.940E-03,      -2.85568,      -2.35085,  -798.774E-03,      -1.01902
F:/Desktop/DeepOnet_Abaqus/StaticElasticJob.odb,Step-1,Increment      1: Step Time =    1.000,"PLATE-1",           816,             1,   162.120E-03,   166.154E-03,            0.,"ASSEMBLY_PLATE-1__PICKEDSET2","ROCK","",  -139.678E-03,      -2.89830,      -2.10899,  -928.987E-03,       1.24676
F:/Desktop/DeepOnet_Abaqus/StaticElasticJob.odb,Step-1,Increment      1: Step Time =    1.000,"PLATE-1",           817,             1,   270.439E-03,  -147.681E-03,            0.,"ASSEMBLY_PLATE-1__PICKEDSET2","ROCK","",  -479.141E-03,      -2.81843,      -1.39728,      -1.90029,      -1.14229
F:/Desktop/DeepOnet_Abaqus/StaticElasticJob.odb,Step-1,Increment      1: Step Time =    1.000,"PLATE-1",           818,             1,   342.788E-03,  -49.1599E-03,            0.,"ASSEMBLY_PLATE-1__PICKEDSET2","ROCK","",  -598.748E-03,      -1.61726,  -618.285E-03,      -1.59773,  -139.703E-03
F:/Desktop/DeepOnet_Abaqus/StaticElasticJob.odb,Step-1,Increment      1: Step Time =    1.000,"PLATE-1",           819,             1,  -308.754E-03,  -48.9348E-03,            0.,"ASSEMBLY_PLATE-1__PICKEDSET2","ROCK","",  -306.696E-03,      -1.70580,  -317.064E-03,      -1.69544,   119.993E-03
F:/Desktop/DeepOnet_Abaqus/StaticElasticJob.odb,Step-1,Increment      1: Step Time =    1.000,"PLATE-1",           820,             1,  -304.592E-03,   36.9847E-03,            0.,"ASSEMBLY_PLATE-1__PICKEDSET2","ROCK","",  -361.380E-03,      -1.65063,  -559.248E-03,      -1.45276,  -464.705E-03
F:/Desktop/DeepOnet_Abaqus/StaticElasticJob.odb,Step-1,Increment      1: Step Time =    1.000,"PLATE-1",           821,             1,   270.488E-03,   43.5287E-03,            0.,"ASSEMBLY_PLATE-1__PICKEDSET2","ROCK","",  -221.418E-03,      -1.70110,  -523.418E-03,      -1.39910,   596.373E-03
F:/Desktop/DeepOnet_Abaqus/StaticElasticJob.odb,Step-1,Increment      1: Step Time =    1.000,"PLATE-1",           822,             1,  -243.298E-03,   83.6106E-03,            0.,"ASSEMBLY_PLATE-1__PICKEDSET2","ROCK","",  -142.883E-03,      -1.91377,  -759.001E-03,      -1.29765,  -843.489E-03
F:/Desktop/DeepOnet_Abaqus/StaticElasticJob.odb,Step-1,Increment      1: Step Time =    1.000,"PLATE-1",           823,             1,  -258.485E-03,   63.2763E-03,            0.,"ASSEMBLY_PLATE-1__PICKEDSET2","ROCK","",  -169.912E-03,      -1.76684,  -577.236E-03,      -1.35951,  -696.098E-03
F:/Desktop/DeepOnet_Abaqus/StaticElasticJob.odb,Step-1,Increment      1: Step Time =    1.000,"PLATE-1",           824,             1,   262.687E-03,   68.1429E-03,            0.,"ASSEMBLY_PLATE-1__PICKEDSET2","ROCK","",  -214.703E-03,      -1.85414,  -694.694E-03,      -1.37415,   746.004E-03
F:/Desktop/DeepOnet_Abaqus/StaticElasticJob.odb,Step-1,Increment      1: Step Time =    1.000,"PLATE-1",           825,             1,   196.429E-03,   140.606E-03,            0.,"ASSEMBLY_PLATE-1__PICKEDSET2","ROCK","",  -137.222E-03,      -2.56058,      -1.59914,      -1.09866,       1.18556
F:/Desktop/DeepOnet_Abaqus/StaticElasticJob.odb,Step-1,Increment      1: Step Time =    1.000,"PLATE-1",           826,             1,  -265.211E-03,  -149.550E-03,            0.,"ASSEMBLY_PLATE-1__PICKEDSET2","ROCK","",  -672.547E-03,      -3.09738,      -1.65971,      -2.11021,       1.19131
F:/Desktop/DeepOnet_Abaqus/StaticElasticJob.odb,Step-1,Increment      1: Step Time =    1.000,"PLATE-1",           827,             1,  -243.365E-03,   143.343E-03,            0.,"ASSEMBLY_PLATE-1__PICKEDSET2","ROCK","",  -320.612E-03,      -2.12887,      -1.40811,      -1.04137,  -885.336E-03
F:/Desktop/DeepOnet_Abaqus/StaticElasticJob.odb,Step-1,Increment      1: Step Time =    1.000,"PLATE-1",           828,             1,   241.292E-03,   153.561E-03,            0.,"ASSEMBLY_PLATE-1__PICKEDSET2","ROCK","",  -375.923E-03,      -2.23004,      -1.58024,      -1.02572,   884.623E-03
F:/Desktop/DeepOnet_Abaqus/StaticElasticJob.odb,Step-1,Increment      1: Step Time =    1.000,"PLATE-1",           829,             1,  -213.245E-03,   121.032E-03,            0.,"ASSEMBLY_PLATE-1__PICKEDSET2","ROCK","",  -116.656E-03,      -2.20224,      -1.17529,      -1.14361,      -1.04267
F:/Desktop/DeepOnet_Abaqus/StaticElasticJob.odb,Step-1,Increment      1: Step Time =    1.000,"PLATE-1",           830,             1,   215.161E-03,   124.715E-03,            0.,"ASSEMBLY_PLATE-1__PICKEDSET2","ROCK","",  -158.965E-03,      -2.37102,      -1.33762,      -1.19237,       1.10364
F:/Desktop/DeepOnet_Abaqus/StaticElasticJob.odb,Step-1,Increment      1: Step Time =    1.000,"PLATE-1",           831,             1,  -7.35127E-03,   211.074E-03,            0.,"ASSEMBLY_PLATE-1__PICKEDSET2","ROCK","",  -160.311E-03,      -3.77685,      -3.77626,  -160.900E-03,  -46.1452E-03
F:/Desktop/DeepOnet_Abaqus/StaticElasticJob.odb,Step-1,Increment      1: Step Time =    1.000,"PLATE-1",           832,             1,   30.7324E-03,   232.704E-03,            0.,"ASSEMBLY_PLATE-1__PICKEDSET2","ROCK","",  -368.655E-03,      -3.38654,      -3.36316,  -392.031E-03,   264.576E-03
F:/Desktop/DeepOnet_Abaqus/StaticElasticJob.odb,Step-1,Increment      1: Step Time =    1.000,"PLATE-1",           833,             1,   78.4759E-03,  -212.406E-03,            0.,"ASSEMBLY_PLATE-1__PICKEDSET2","ROCK","",  -65.3572E-03,      -2.63534,      -2.60256,  -98.1364E-03,  -288.388E-03
F:/Desktop/DeepOnet_Abaqus/StaticElasticJob.odb,Step-1,Increment      1: Step Time =    1.000,"PLATE-1",           834,             1,  -110.801E-03,  -205.140E-03,            0.,"ASSEMBLY_PLATE-1__PICKEDSET2","ROCK","",  -52.2211E-03,      -2.71630,      -2.64472,  -123.800E-03,   430.777E-03
F:/Desktop/DeepOnet_Abaqus/StaticElasticJob.odb,Step-1,Increment      1: Step Time =    1.000,"PLATE-1",           835,             1,   95.7168E-03,  -209.993E-03,            0.,"ASSEMBLY_PLATE-1__PICKEDSET2","ROCK","",  -69.3257E-03,      -2.64871,      -2.59898,  -119.055E-03,  -354.681E-03
F:/Desktop/DeepOnet_Abaqus/StaticElasticJob.odb,Step-1,Increment      1: Step Time =    1.000,"PLATE-1",           836,             1,   102.217E-03,  -237.756E-03,            0.,"ASSEMBLY_PLATE-1__PICKEDSET2","ROCK","",  -168.501E-03,      -2.61308,      -2.55788,  -223.693E-03,  -363.146E-03
F:/Desktop/DeepOnet_Abaqus/StaticElasticJob.odb,Step-1,Increment      1: Step Time =    1.000,"PLATE-1",           837,             1,   159.908E-03,  -191.532E-03,            0.,"ASSEMBLY_PLATE-1__PICKEDSET2","ROCK","",  -28.6913E-03,      -2.77638,      -2.62425,  -180.828E-03,  -628.394E-03
F:/Desktop/DeepOnet_Abaqus/StaticElasticJob.odb,Step-1,Increment      1: Step Time =    1.000,"PLATE-1",           838,             1,   174.782E-03,  -187.579E-03,            0.,"ASSEMBLY_PLATE-1__PICKEDSET2","ROCK","",  -41.6742E-03,      -2.84818,      -2.66247,  -227.386E-03,  -697.647E-03
F:/Desktop/DeepOnet_Abaqus/StaticElasticJob.odb,Step-1,Increment      1: Step Time =    1.000,"PLATE-1",           839,             1,   474.212E-06,   244.709E-03,            0.,"ASSEMBLY_PLATE-1__PICKEDSET2","ROCK","",  -450.080E-03,      -3.25740,      -3.25714,  -450.345E-03,   27.2512E-03
F:/Desktop/DeepOnet_Abaqus/StaticElasticJob.odb,Step-1,Increment      1: Step Time =    1.000,"PLATE-1",           840,             1,  -208.576E-03,  -183.536E-03,            0.,"ASSEMBLY_PLATE-1__PICKEDSET2","ROCK","",  -259.856E-03,      -3.41548,      -2.94982,  -725.519E-03,       1.11920
F:/Desktop/DeepOnet_Abaqus/StaticElasticJob.odb,Step-1,Increment      1: Step Time =    1.000,"PLATE-1",           841,             1,   50.0930E-03,   239.586E-03,            0.,"ASSEMBLY_PLATE-1__PICKEDSET2","ROCK","",  -425.167E-03,      -3.22703,      -3.17496,  -477.242E-03,   378.414E-03
F:/Desktop/DeepOnet_Abaqus/StaticElasticJob.odb,Step-1,Increment      1: Step Time =    1.000,"PLATE-1",           842,             1,   38.7085E-03,   264.481E-03,            0.,"ASSEMBLY_PLATE-1__PICKEDSET2","ROCK","",  -571.071E-03,      -3.00810,      -2.98274,  -596.430E-03,   247.299E-03
F:/Desktop/DeepOnet_Abaqus/StaticElasticJob.odb,Step-1,Increment      1: Step Time =    1.000,"PLATE-1",           843,             1,   276.655E-03,  -61.5989E-03,            0.,"ASSEMBLY_PLATE-1__PICKEDSET2","ROCK","",  -86.0442E-03,      -1.51575,  -92.6189E-03,      -1.50918,  -96.7295E-03
F:/Desktop/DeepOnet_Abaqus/StaticElasticJob.odb,Step-1,Increment      1: Step Time =    1.000,"PLATE-1",           844,             1,  -90.0531E-03,   197.088E-03,            0.,"ASSEMBLY_PLATE-1__PICKEDSET2","ROCK","",  -105.645E-03,      -3.38645,      -3.08717,  -404.929E-03,  -944.628E-03
F:/Desktop/DeepOnet_Abaqus/StaticElasticJob.odb,Step-1,Increment      1: Step Time =    1.000,"PLATE-1",           845,             1,  -28.2149E-03,  -212.403E-03,            0.,"ASSEMBLY_PLATE-1__PICKEDSET2","ROCK","",  -43.9525E-03,      -2.65840,      -2.65378,  -48.5658E-03,   109.728E-03
F:/Desktop/DeepOnet_Abaqus/StaticElasticJob.odb,Step-1,Increment      1: Step Time =    1.000,"PLATE-1",           846,             1,  -95.0857E-03,   219.133E-03,            0.,"ASSEMBLY_PLATE-1__PICKEDSET2","ROCK","",  -283.530E-03,      -3.13365,      -2.95938,  -457.803E-03,  -682.883E-03
F:/Desktop/DeepOnet_Abaqus/StaticElasticJob.odb,Step-1,Increment      1: Step Time =    1.000,"PLATE-1",           847,             1,   150.135E-03,   216.665E-03,            0.,"ASSEMBLY_PLATE-1__PICKEDSET2","ROCK","",  -430.622E-03,      -2.86502,      -2.55928,  -736.367E-03,   806.737E-03
F:/Desktop/DeepOnet_Abaqus/StaticElasticJob.odb,Step-1,Increment      1: Step Time =    1.000,"PLATE-1",           848,             1,  -162.747E-03,   250.099E-03,            0.,"ASSEMBLY_PLATE-1__PICKEDSET2","ROCK","",  -572.194E-03,      -2.52877,      -2.37122,  -729.742E-03,  -532.386E-03
F:/Desktop/DeepOnet_Abaqus/StaticElasticJob.odb,Step-1,Increment      1: Step Time =    1.000,"PLATE-1",           849,             1,   312.668E-03,  -97.0020E-03,            0.,"ASSEMBLY_PLATE-1__PICKEDSET2","ROCK","",  -441.920E-03,      -1.95918,  -714.816E-03,      -1.68628,  -582.737E-03
F:/Desktop/DeepOnet_Abaqus/StaticElasticJob.odb,Step-1,Increment      1: Step Time =    1.000,"PLATE-1",           850,             1,  -167.797E-03,   170.639E-03,            0.,"ASSEMBLY_PLATE-1__PICKEDSET2","ROCK","",  -271.031E-03,      -2.68479,      -2.05358,  -902.245E-03,      -1.06074
F:/Desktop/DeepOnet_Abaqus/StaticElasticJob.odb,Step-1,Increment      1: Step Time =    1.000,"PLATE-1",           851,             1,   194.130E-03,  -203.636E-03,            0.,"ASSEMBLY_PLATE-1__PICKEDSET2","ROCK","",  -178.404E-03,      -2.97969,      -2.66692,  -491.170E-03,  -882.228E-03
F:/Desktop/DeepOnet_Abaqus/StaticElasticJob.odb,Step-1,Increment      1: Step Time =    1.000,"PLATE-1",           852,             1,  -181.509E-03,   153.089E-03,            0.,"ASSEMBLY_PLATE-1__PICKEDSET2","ROCK","",  -140.661E-03,      -2.49949,      -1.67109,  -969.062E-03,      -1.12597
F:/Desktop/DeepOnet_Abaqus/StaticElasticJob.odb,Step-1,Increment      1: Step Time =    1.000,"PLATE-1",           853,             1,   332.168E-03,   70.6424E-03,            0.,"ASSEMBLY_PLATE-1__PICKEDSET2","ROCK","",  -534.421E-03,      -1.70733,  -927.734E-03,      -1.31402,   553.738E-03
F:/Desktop/DeepOnet_Abaqus/StaticElasticJob.odb,Step-1,Increment      1: Step Time =    1.000,"PLATE-1",           854,             1,  -280.649E-03,  -22.7627E-03,            0.,"ASSEMBLY_PLATE-1__PICKEDSET2","ROCK","",  -147.189E-03,      -1.50364,  -164.820E-03,      -1.48601,  -153.640E-03
F:/Desktop/DeepOnet_Abaqus/StaticElasticJob.odb,Step-1,Increment      1: Step Time =    1.000,"PLATE-1",           855,             1,  -228.640E-03,   102.981E-03,            0.,"ASSEMBLY_PLATE-1__PICKEDSET2","ROCK","",  -114.642E-03,      -2.06468,  -958.003E-03,      -1.22132,  -966.091E-03
F:/Desktop/DeepOnet_Abaqus/StaticElasticJob.odb,Step-1,Increment      1: Step Time =    1.000,"PLATE-1",           856,             1,  -266.569E-03,  -204.889E-03,            0.,"ASSEMBLY_PLATE-1__PICKEDSET2","ROCK","",  -952.360E-03,      -2.46639,      -2.00223,      -1.41653,   698.079E-03
F:/Desktop/DeepOnet_Abaqus/StaticElasticJob.odb,Step-1,Increment      1: Step Time =    1.000,"PLATE-1",           857,             1,   230.340E-03,   105.381E-03,            0.,"ASSEMBLY_PLATE-1__PICKEDSET2","ROCK","",  -159.821E-03,      -2.19571,      -1.09093,      -1.26460,       1.01424
F:/Desktop/DeepOnet_Abaqus/StaticElasticJob.odb,Step-1,Increment      1: Step Time =    1.000,"PLATE-1",           858,             1,   232.641E-03,  -180.864E-03,            0.,"ASSEMBLY_PLATE-1__PICKEDSET2","ROCK","",  -605.854E-03,      -3.35546,      -2.68056,      -1.28075,      -1.18331
F:/Desktop/DeepOnet_Abaqus/StaticElasticJob.odb,Step-1,Increment      1: Step Time =    1.000,"PLATE-1",           859,             1,   69.3499E-03,  -248.962E-03,            0.,"ASSEMBLY_PLATE-1__PICKEDSET2","ROCK","",  -191.981E-03,      -2.56839,      -2.54444,  -215.930E-03,  -237.356E-03
F:/Desktop/DeepOnet_Abaqus/StaticElasticJob.odb,Step-1,Increment      1: Step Time =    1.000,"PLATE-1",           860,             1,  -61.0584E-03,  -254.779E-03,            0.,"ASSEMBLY_PLATE-1__PICKEDSET2","ROCK","",  -212.469E-03,      -2.57408,      -2.55255,  -233.996E-03,   224.443E-03
F:/Desktop/DeepOnet_Abaqus/StaticElasticJob.odb,Step-1,Increment      1: Step Time =    1.000,"PLATE-1",           861,             1,   93.0687E-03,  -261.119E-03,            0.,"ASSEMBLY_PLATE-1__PICKEDSET2","ROCK","",  -251.246E-03,      -2.55242,      -2.50724,  -296.433E-03,  -319.281E-03
F:/Desktop/DeepOnet_Abaqus/StaticElasticJob.odb,Step-1,Increment      1: Step Time =    1.000,"PLATE-1",           862,             1,  -133.785E-03,  -266.329E-03,            0.,"ASSEMBLY_PLATE-1__PICKEDSET2","ROCK","",  -358.918E-03,      -2.56801,      -2.45737,  -469.559E-03,   481.845E-03
F:/Desktop/DeepOnet_Abaqus/StaticElasticJob.odb,Step-1,Increment      1: Step Time =    1.000,"PLATE-1",           863,             1,  -60.7962E-03,   252.178E-03,            0.,"ASSEMBLY_PLATE-1__PICKEDSET2","ROCK","",  -525.582E-03,      -2.97442,      -2.93913,  -560.874E-03,  -291.855E-03
F:/Desktop/DeepOnet_Abaqus/StaticElasticJob.odb,Step-1,Increment      1: Step Time =    1.000,"PLATE-1",           864,             1,  -73.4972E-03,   201.614E-03,            0.,"ASSEMBLY_PLATE-1__PICKEDSET2","ROCK","",  -112.773E-03,      -3.50624,      -3.28270,  -336.311E-03,  -841.785E-03
F:/Desktop/DeepOnet_Abaqus/StaticElasticJob.odb,Step-1,Increment      1: Step Time =    1.000,"PLATE-1",           865,             1,  -78.6251E-03,   253.210E-03,            0.,"ASSEMBLY_PLATE-1__PICKEDSET2","ROCK","",  -542.861E-03,      -2.89494,      -2.82866,  -609.143E-03,  -389.239E-03
F:/Desktop/DeepOnet_Abaqus/StaticElasticJob.odb,Step-1,Increment      1: Step Time =    1.000,"PLATE-1",           866,             1,   281.176E-03,  -100.869E-03,            0.,"ASSEMBLY_PLATE-1__PICKEDSET2","ROCK","",  -306.394E-03,      -1.97332,  -501.040E-03,      -1.77868,  -535.327E-03
F:/Desktop/DeepOnet_Abaqus/StaticElasticJob.odb,Step-1,Increment      1: Step Time =    1.000,"PLATE-1",           867,             1,   91.9495E-03,   273.325E-03,            0.,"ASSEMBLY_PLATE-1__PICKEDSET2","ROCK","",  -651.701E-03,      -2.75046,      -2.68939,  -712.772E-03,   352.763E-03
F:/Desktop/DeepOnet_Abaqus/StaticElasticJob.odb,Step-1,Increment      1: Step Time =    1.000,"PLATE-1",           868,             1,  -228.000E-03,  -177.396E-03,            0.,"ASSEMBLY_PLATE-1__PICKEDSET2","ROCK","",  -365.170E-03,      -3.65941,      -2.88089,      -1.14369,       1.39948
F:/Desktop/DeepOnet_Abaqus/StaticElasticJob.odb,Step-1,Increment      1: Step Time =    1.000,"PLATE-1",           869,             1,  -225.031E-03,   158.657E-03,            0.,"ASSEMBLY_PLATE-1__PICKEDSET2","ROCK","",  -306.004E-03,      -2.26351,      -1.59894,  -970.574E-03,  -926.956E-03
F:/Desktop/DeepOnet_Abaqus/StaticElasticJob.odb,Step-1,Increment      1: Step Time =    1.000,"PLATE-1",           870,             1,   230.877E-03,   220.914E-03,            0.,"ASSEMBLY_PLATE-1__PICKEDSET2","ROCK","",  -534.747E-03,      -2.34444,      -2.04743,  -831.752E-03,   670.280E-03
F:/Desktop/DeepOnet_Abaqus/StaticElasticJob.odb,Step-1,Increment      1: Step Time =    1.000,"PLATE-1",           871,             1,   303.796E-03,  -2.67762E-03,            0.,"ASSEMBLY_PLATE-1__PICKEDSET2","ROCK","",  -282.087E-03,      -1.56966,  -341.597E-03,      -1.51015,   270.336E-03
F:/Desktop/DeepOnet_Abaqus/StaticElasticJob.odb,Step-1,Increment      1: Step Time =    1.000,"PLATE-1",           872,             1,  -267.619E-03,   3.45341E-03,            0.,"ASSEMBLY_PLATE-1__PICKEDSET2","ROCK","",  -46.3613E-03,      -1.48544,  -117.449E-03,      -1.41435,  -311.845E-03
F:/Desktop/DeepOnet_Abaqus/StaticElasticJob.odb,Step-1,Increment      1: Step Time =    1.000,"PLATE-1",           873,             1,   309.807E-03,   91.6712E-03,            0.,"ASSEMBLY_PLATE-1__PICKEDSET2","ROCK","",  -465.316E-03,      -1.80679,      -1.01827,      -1.25383,   660.314E-03
F:/Desktop/DeepOnet_Abaqus/StaticElasticJob.odb,Step-1,Increment      1: Step Time =    1.000,"PLATE-1",           874,             1,   243.306E-03,  -229.245E-03,            0.,"ASSEMBLY_PLATE-1__PICKEDSET2","ROCK","",  -827.535E-03,      -2.35723,      -2.00741,      -1.17735,  -642.450E-03
F:/Desktop/DeepOnet_Abaqus/StaticElasticJob.odb,Step-1,Increment      1: Step Time =    1.000,"PLATE-1",           875,             1,   212.329E-03,  -206.881E-03,            0.,"ASSEMBLY_PLATE-1__PICKEDSET2","ROCK","",  -379.965E-03,      -3.06170,      -2.55474,  -886.926E-03,      -1.05001
F:/Desktop/DeepOnet_Abaqus/StaticElasticJob.odb,Step-1,Increment      1: Step Time =    1.000,"PLATE-1",           876,             1,  -239.336E-03,  -206.304E-03,            0.,"ASSEMBLY_PLATE-1__PICKEDSET2","ROCK","",  -731.009E-03,      -2.86560,      -2.21470,      -1.38191,   982.717E-03
F:/Desktop/DeepOnet_Abaqus/StaticElasticJob.odb,Step-1,Increment      1: Step Time =    1.000,"PLATE-1",           877,             1,   253.626E-03,   202.097E-03,            0.,"ASSEMBLY_PLATE-1__PICKEDSET2","ROCK","",  -523.313E-03,      -2.24065,      -1.88370,  -880.264E-03,   696.843E-03
F:/Desktop/DeepOnet_Abaqus/StaticElasticJob.odb,Step-1,Increment      1: Step Time =    1.000,"PLATE-1",           878,             1,  -314.190E-03,   106.151E-03,            0.,"ASSEMBLY_PLATE-1__PICKEDSET2","ROCK","",  -529.625E-03,      -1.79231,      -1.08906,      -1.23288,  -627.233E-03
F:/Desktop/DeepOnet_Abaqus/StaticElasticJob.odb,Step-1,Increment      1: Step Time =    1.000,"PLATE-1",           879,             1,   274.260E-03,  -21.3441E-03,            0.,"ASSEMBLY_PLATE-1__PICKEDSET2","ROCK","",  -68.8452E-03,      -1.40464,  -91.8116E-03,      -1.38167,   173.640E-03
F:/Desktop/DeepOnet_Abaqus/StaticElasticJob.odb,Step-1,Increment      1: Step Time =    1.000,"PLATE-1",           880,             1,  -292.824E-03,   82.5211E-03,            0.,"ASSEMBLY_PLATE-1__PICKEDSET2","ROCK","",  -384.426E-03,      -1.77072,  -862.516E-03,      -1.29263,  -658.941E-03
F:/Desktop/DeepOnet_Abaqus/StaticElasticJob.odb,Step-1,Increment      1: Step Time =    1.000,"PLATE-1",           881,             1,  -54.3837E-03,   299.398E-03,            0.,"ASSEMBLY_PLATE-1__PICKEDSET2","ROCK","",  -710.793E-03,      -2.68041,      -2.67432,  -716.883E-03,  -109.344E-03
F:/Desktop/DeepOnet_Abaqus/StaticElasticJob.odb,Step-1,Increment      1: Step Time =    1.000,"PLATE-1",           882,             1,   85.3039E-03,  -240.920E-03,            0.,"ASSEMBLY_PLATE-1__PICKEDSET2","ROCK","",  -167.345E-03,      -2.60070,      -2.56314,  -204.902E-03,  -299.965E-03
F:/Desktop/DeepOnet_Abaqus/StaticElasticJob.odb,Step-1,Increment      1: Step Time =    1.000,"PLATE-1",           883,             1,  -154.328E-03,  -258.257E-03,            0.,"ASSEMBLY_PLATE-1__PICKEDSET2","ROCK","",  -375.503E-03,      -2.60471,      -2.44554,  -534.665E-03,   573.996E-03
F:/Desktop/DeepOnet_Abaqus/StaticElasticJob.odb,Step-1,Increment      1: Step Time =    1.000,"PLATE-1",           884,             1,   121.356E-03,  -239.592E-03,            0.,"ASSEMBLY_PLATE-1__PICKEDSET2","ROCK","",  -188.473E-03,      -2.62996,      -2.54287,  -275.564E-03,  -452.821E-03
F:/Desktop/DeepOnet_Abaqus/StaticElasticJob.odb,Step-1,Increment      1: Step Time =    1.000,"PLATE-1",           885,             1,  -183.272E-03,  -279.098E-03,            0.,"ASSEMBLY_PLATE-1__PICKEDSET2","ROCK","",  -544.666E-03,      -2.49344,      -2.28794,  -750.165E-03,   598.531E-03
F:/Desktop/DeepOnet_Abaqus/StaticElasticJob.odb,Step-1,Increment      1: Step Time =    1.000,"PLATE-1",           886,             1,   363.974E-03,   88.6375E-03,            0.,"ASSEMBLY_PLATE-1__PICKEDSET2","ROCK","",  -680.616E-03,      -1.70513,      -1.12359,      -1.26216,   507.550E-03
F:/Desktop/DeepOnet_Abaqus/StaticElasticJob.odb,Step-1,Increment      1: Step Time =    1.000,"PLATE-1",           887,             1,   178.247E-03,  -231.774E-03,            0.,"ASSEMBLY_PLATE-1__PICKEDSET2","ROCK","",  -284.204E-03,      -2.70687,      -2.46768,  -523.394E-03,  -722.679E-03
F:/Desktop/DeepOnet_Abaqus/StaticElasticJob.odb,Step-1,Increment      1: Step Time =    1.000,"PLATE-1",           888,             1,  -16.4695E-03,   340.921E-03,            0.,"ASSEMBLY_PLATE-1__PICKEDSET2","ROCK","",  -814.968E-03,      -2.50091,      -2.50045,  -815.420E-03,   27.5789E-03
F:/Desktop/DeepOnet_Abaqus/StaticElasticJob.odb,Step-1,Increment      1: Step Time =    1.000,"PLATE-1",           889,             1,  -38.7365E-03,  -268.347E-03,            0.,"ASSEMBLY_PLATE-1__PICKEDSET2","ROCK","",  -257.506E-03,      -2.53655,      -2.52832,  -265.731E-03,   136.665E-03
F:/Desktop/DeepOnet_Abaqus/StaticElasticJob.odb,Step-1,Increment      1: Step Time =    1.000,"PLATE-1",           890,             1,   173.793E-03,   261.635E-03,            0.,"ASSEMBLY_PLATE-1__PICKEDSET2","ROCK","",  -620.997E-03,      -2.50354,      -2.35559,  -768.947E-03,   506.590E-03
F:/Desktop/DeepOnet_Abaqus/StaticElasticJob.odb,Step-1,Increment      1: Step Time =    1.000,"PLATE-1",           891,             1,  -397.304E-03,  -119.803E-03,            0.,"ASSEMBLY_PLATE-1__PICKEDSET2","ROCK","",  -907.727E-03,      -1.75861,      -1.30370,      -1.36264,   424.418E-03
F:/Desktop/DeepOnet_Abaqus/StaticElasticJob.odb,Step-1,Increment      1: Step Time =    1.000,"PLATE-1",           892,             1,   333.467E-03,  -144.288E-03,            0.,"ASSEMBLY_PLATE-1__PICKEDSET2","ROCK","",  -704.023E-03,      -2.05091,      -1.39380,      -1.36113,  -673.245E-03
F:/Desktop/DeepOnet_Abaqus/StaticElasticJob.odb,Step-1,Increment      1: Step Time =    1.000,"PLATE-1",           893,             1,   210.921E-03,   269.333E-03,            0.,"ASSEMBLY_PLATE-1__PICKEDSET2","ROCK","",  -632.292E-03,      -2.37632,      -2.22259,  -786.018E-03,   494.440E-03
F:/Desktop/DeepOnet_Abaqus/StaticElasticJob.odb,Step-1,Increment      1: Step Time =    1.000,"PLATE-1",           894,             1,  -389.518E-03,   70.1968E-03,            0.,"ASSEMBLY_PLATE-1__PICKEDSET2","ROCK","",  -818.356E-03,      -1.58083,      -1.03455,      -1.36464,  -343.658E-03
F:/Desktop/DeepOnet_Abaqus/StaticElasticJob.odb,Step-1,Increment      1: Step Time =    1.000,"PLATE-1",           895,             1,  -283.309E-03,   135.774E-03,            0.,"ASSEMBLY_PLATE-1__PICKEDSET2","ROCK","",  -454.427E-03,      -1.96479,      -1.32153,      -1.09768,  -746.841E-03
F:/Desktop/DeepOnet_Abaqus/StaticElasticJob.odb,Step-1,Increment      1: Step Time =    1.000,"PLATE-1",           896,             1,   310.156E-03,  -288.217E-03,            0.,"ASSEMBLY_PLATE-1__PICKEDSET2","ROCK","",  -924.603E-03,      -2.04910,      -1.90812,      -1.06559,  -372.370E-03
F:/Desktop/DeepOnet_Abaqus/StaticElasticJob.odb,Step-1,Increment      1: Step Time =    1.000,"PLATE-1",           897,             1,  -18.6949E-03,   301.482E-03,            0.,"ASSEMBLY_PLATE-1__PICKEDSET2","ROCK","",  -722.581E-03,      -2.69997,      -2.69996,  -722.593E-03,  -4.81749E-03
F:/Desktop/DeepOnet_Abaqus/StaticElasticJob.odb,Step-1,Increment      1: Step Time =    1.000,"PLATE-1",           898,             1,  -217.101E-03,  -209.495E-03,            0.,"ASSEMBLY_PLATE-1__PICKEDSET2","ROCK","",  -449.600E-03,      -2.99517,      -2.46579,  -978.980E-03,       1.03312
F:/Desktop/DeepOnet_Abaqus/StaticElasticJob.odb,Step-1,Increment      1: Step Time =    1.000,"PLATE-1",           899,             1,  -273.633E-03,  -283.441E-03,            0.,"ASSEMBLY_PLATE-1__PICKEDSET2","ROCK","",  -891.264E-03,      -2.18278,      -1.99191,      -1.08214,   458.351E-03
F:/Desktop/DeepOnet_Abaqus/StaticElasticJob.odb,Step-1,Increment      1: Step Time =    1.000,"PLATE-1",           900,             1,  -381.585E-03,  -87.0606E-03,            0.,"ASSEMBLY_PLATE-1__PICKEDSET2","ROCK","",  -830.350E-03,      -1.75635,      -1.07606,      -1.51063,   408.846E-03
F:/Desktop/DeepOnet_Abaqus/StaticElasticJob.odb,Step-1,Increment      1: Step Time =    1.000,"PLATE-1",           901,             1,  -328.910E-03,  -5.27098E-03,            0.,"ASSEMBLY_PLATE-1__PICKEDSET2","ROCK","",  -489.070E-03,      -1.60080,  -510.695E-03,      -1.57918,  -153.537E-03
F:/Desktop/DeepOnet_Abaqus/StaticElasticJob.odb,Step-1,Increment      1: Step Time =    1.000,"PLATE-1",           902,             1,  -369.995E-03,  -16.2033E-03,            0.,"ASSEMBLY_PLATE-1__PICKEDSET2","ROCK","",  -769.825E-03,      -1.56971,  -769.833E-03,      -1.56970,  -2.41790E-03
F:/Desktop/DeepOnet_Abaqus/StaticElasticJob.odb,Step-1,Increment      1: Step Time =    1.000,"PLATE-1",           903,             1,   471.894E-03,  -27.3115E-03,            0.,"ASSEMBLY_PLATE-1__PICKEDSET2","ROCK","",      -1.19538,      -1.34547,      -1.21175,      -1.32910,  -46.7861E-03
F:/Desktop/DeepOnet_Abaqus/StaticElasticJob.odb,Step-1,Increment      1: Step Time =    1.000,"PLATE-1",           904,             1,   387.483E-03,  -156.117E-03,            0.,"ASSEMBLY_PLATE-1__PICKEDSET2","ROCK","",  -896.300E-03,      -1.83682,      -1.50770,      -1.22542,  -448.582E-03
F:/Desktop/DeepOnet_Abaqus/StaticElasticJob.odb,Step-1,Increment      1: Step Time =    1.000,"PLATE-1",           905,             1,   108.355E-03,   287.768E-03,            0.,"ASSEMBLY_PLATE-1__PICKEDSET2","ROCK","",  -683.001E-03,      -2.66957,      -2.61120,  -741.373E-03,   335.487E-03
F:/Desktop/DeepOnet_Abaqus/StaticElasticJob.odb,Step-1,Increment      1: Step Time =    1.000,"PLATE-1",           906,             1,  -344.029E-03,  -46.0361E-03,            0.,"ASSEMBLY_PLATE-1__PICKEDSET2","ROCK","",  -607.187E-03,      -1.64843,  -626.198E-03,      -1.62942,   139.407E-03
F:/Desktop/DeepOnet_Abaqus/StaticElasticJob.odb,Step-1,Increment      1: Step Time =    1.000,"PLATE-1",           907,             1,   14.4766E-03,  -306.827E-03,            0.,"ASSEMBLY_PLATE-1__PICKEDSET2","ROCK","",  -366.098E-03,      -2.45096,      -2.45034,  -366.718E-03,  -35.9561E-03
F:/Desktop/DeepOnet_Abaqus/StaticElasticJob.odb,Step-1,Increment      1: Step Time =    1.000,"PLATE-1",           908,             1,   16.7323E-03,  -347.502E-03,            0.,"ASSEMBLY_PLATE-1__PICKEDSET2","ROCK","",  -481.503E-03,      -2.35968,      -2.35925,  -481.933E-03,  -28.4305E-03
F:/Desktop/DeepOnet_Abaqus/StaticElasticJob.odb,Step-1,Increment      1: Step Time =    1.000,"PLATE-1",           909,             1,   97.3272E-03,  -277.400E-03,            0.,"ASSEMBLY_PLATE-1__PICKEDSET2","ROCK","",  -328.303E-03,      -2.50622,      -2.46164,  -372.884E-03,  -308.393E-03
F:/Desktop/DeepOnet_Abaqus/StaticElasticJob.odb,Step-1,Increment      1: Step Time =    1.000,"PLATE-1",           910,             1,  -242.081E-03,  -233.789E-03,            0.,"ASSEMBLY_PLATE-1__PICKEDSET2","ROCK","",  -818.105E-03,      -2.46556,      -2.07822,      -1.20544,   698.635E-03
F:/Desktop/DeepOnet_Abaqus/StaticElasticJob.odb,Step-1,Increment      1: Step Time =    1.000,"PLATE-1",           911,             1,  -160.334E-03,   302.971E-03,            0.,"ASSEMBLY_PLATE-1__PICKEDSET2","ROCK","",  -710.151E-03,      -2.39316,      -2.33551,  -767.800E-03,  -306.105E-03
F:/Desktop/DeepOnet_Abaqus/StaticElasticJob.odb,Step-1,Increment      1: Step Time =    1.000,"PLATE-1",           912,             1,  -128.113E-03,   342.955E-03,            0.,"ASSEMBLY_PLATE-1__PICKEDSET2","ROCK","",  -791.163E-03,      -2.36349,      -2.34654,  -808.113E-03,  -162.372E-03
F:/Desktop/DeepOnet_Abaqus/StaticElasticJob.odb,Step-1,Increment      1: Step Time =    1.000,"PLATE-1",           913,             1,  -311.243E-03,  -89.3745E-03,            0.,"ASSEMBLY_PLATE-1__PICKEDSET2","ROCK","",  -413.651E-03,      -1.97239,  -626.398E-03,      -1.75964,   535.122E-03
F:/Desktop/DeepOnet_Abaqus/StaticElasticJob.odb,Step-1,Increment      1: Step Time =    1.000,"PLATE-1",           914,             1,  -348.723E-03,  -217.496E-03,            0.,"ASSEMBLY_PLATE-1__PICKEDSET2","ROCK","",  -936.149E-03,      -2.05462,      -1.80473,      -1.18604,   465.888E-03
F:/Desktop/DeepOnet_Abaqus/StaticElasticJob.odb,Step-1,Increment      1: Step Time =    1.000,"PLATE-1",           915,             1,  -338.766E-03,  -178.274E-03,            0.,"ASSEMBLY_PLATE-1__PICKEDSET2","ROCK","",  -889.184E-03,      -2.09014,      -1.69479,      -1.28454,   564.357E-03
F:/Desktop/DeepOnet_Abaqus/StaticElasticJob.odb,Step-1,Increment      1: Step Time =    1.000,"PLATE-1",           916,             1,  -348.420E-03,   160.696E-03,            0.,"ASSEMBLY_PLATE-1__PICKEDSET2","ROCK","",  -694.714E-03,      -1.83562,      -1.42580,      -1.10454,  -547.370E-03
F:/Desktop/DeepOnet_Abaqus/StaticElasticJob.odb,Step-1,Increment      1: Step Time =    1.000,"PLATE-1",           917,             1,  -248.439E-03,   182.885E-03,            0.,"ASSEMBLY_PLATE-1__PICKEDSET2","ROCK","",  -472.836E-03,      -2.16660,      -1.73120,  -908.231E-03,  -740.195E-03
F:/Desktop/DeepOnet_Abaqus/StaticElasticJob.odb,Step-1,Increment      1: Step Time =    1.000,"PLATE-1",           918,             1,   360.202E-03,   36.0585E-03,            0.,"ASSEMBLY_PLATE-1__PICKEDSET2","ROCK","",  -724.477E-03,      -1.56392,  -879.805E-03,      -1.40859,   325.978E-03
F:/Desktop/DeepOnet_Abaqus/StaticElasticJob.odb,Step-1,Increment      1: Step Time =    1.000,"PLATE-1",           919,             1,  -115.691E-03,  -340.867E-03,            0.,"ASSEMBLY_PLATE-1__PICKEDSET2","ROCK","",  -562.342E-03,      -2.34209,      -2.28950,  -614.937E-03,   301.399E-03
F:/Desktop/DeepOnet_Abaqus/StaticElasticJob.odb,Step-1,Increment      1: Step Time =    1.000,"PLATE-1",           920,             1,   222.006E-03,  -372.221E-03,            0.,"ASSEMBLY_PLATE-1__PICKEDSET2","ROCK","",  -785.657E-03,      -2.13229,      -2.05431,  -863.643E-03,  -314.544E-03
F:/Desktop/DeepOnet_Abaqus/StaticElasticJob.odb,Step-1,Increment      1: Step Time =    1.000,"PLATE-1",           921,             1,  -229.419E-03,  -283.354E-03,            0.,"ASSEMBLY_PLATE-1__PICKEDSET2","ROCK","",  -775.570E-03,      -2.30501,      -2.09241,  -988.171E-03,   529.113E-03
F:/Desktop/DeepOnet_Abaqus/StaticElasticJob.odb,Step-1,Increment      1: Step Time =    1.000,"PLATE-1",           922,             1,   354.505E-03,  -260.177E-03,            0.,"ASSEMBLY_PLATE-1__PICKEDSET2","ROCK","",  -933.491E-03,      -1.95759,      -1.82145,      -1.06964,  -347.699E-03
F:/Desktop/DeepOnet_Abaqus/StaticElasticJob.odb,Step-1,Increment      1: Step Time =    1.000,"PLATE-1",           923,             1,  -240.082E-03,  -259.118E-03,            0.,"ASSEMBLY_PLATE-1__PICKEDSET2","ROCK","",  -806.235E-03,      -2.35515,      -2.07296,      -1.08843,   597.876E-03
F:/Desktop/DeepOnet_Abaqus/StaticElasticJob.odb,Step-1,Increment      1: Step Time =    1.000,"PLATE-1",           924,             1,   294.748E-03,   269.961E-03,            0.,"ASSEMBLY_PLATE-1__PICKEDSET2","ROCK","",  -676.261E-03,      -2.14799,      -1.97874,  -845.515E-03,   469.521E-03
F:/Desktop/DeepOnet_Abaqus/StaticElasticJob.odb,Step-1,Increment      1: Step Time =    1.000,"PLATE-1",           925,             1,  -76.2213E-03,   348.424E-03,            0.,"ASSEMBLY_PLATE-1__PICKEDSET2","ROCK","",  -812.882E-03,      -2.43229,      -2.42849,  -816.676E-03,  -78.2985E-03
F:/Desktop/DeepOnet_Abaqus/StaticElasticJob.odb,Step-1,Increment      1: Step Time =    1.000,"PLATE-1",           926,             1,  -387.043E-03,   124.969E-03,            0.,"ASSEMBLY_PLATE-1__PICKEDSET2","ROCK","",  -800.189E-03,      -1.69244,      -1.27253,      -1.22010,  -445.355E-03
F:/Desktop/DeepOnet_Abaqus/StaticElasticJob.odb,Step-1,Increment      1: Step Time =    1.000,"PLATE-1",           927,             1,   191.939E-03,   369.843E-03,            0.,"ASSEMBLY_PLATE-1__PICKEDSET2","ROCK","",  -795.826E-03,      -2.26175,      -2.22193,  -835.639E-03,   238.283E-03
F:/Desktop/DeepOnet_Abaqus/StaticElasticJob.odb,Step-1,Increment      1: Step Time =    1.000,"PLATE-1",           928,             1,  -242.075E-03,   285.449E-03,            0.,"ASSEMBLY_PLATE-1__PICKEDSET2","ROCK","",  -691.716E-03,      -2.21367,      -2.09303,  -812.361E-03,  -411.170E-03
F:/Desktop/DeepOnet_Abaqus/StaticElasticJob.odb,Step-1,Increment      1: Step Time =    1.000,"PLATE-1",           929,             1,  -384.985E-03,   182.541E-03,            0.,"ASSEMBLY_PLATE-1__PICKEDSET2","ROCK","",  -800.047E-03,      -1.79819,      -1.50397,      -1.09427,  -455.096E-03
F:/Desktop/DeepOnet_Abaqus/StaticElasticJob.odb,Step-1,Increment      1: Step Time =    1.000,"PLATE-1",           930,             1,   346.626E-03,  -290.161E-03,            0.,"ASSEMBLY_PLATE-1__PICKEDSET2","ROCK","",  -937.031E-03,      -1.96706,      -1.85130,      -1.05279,  -325.323E-03
F:/Desktop/DeepOnet_Abaqus/StaticElasticJob.odb,Step-1,Increment      1: Step Time =    1.000,"PLATE-1",           931,             1,   412.201E-03,   124.954E-03,            0.,"ASSEMBLY_PLATE-1__PICKEDSET2","ROCK","",  -831.838E-03,      -1.68785,      -1.35076,      -1.16892,   418.237E-03
F:/Desktop/DeepOnet_Abaqus/StaticElasticJob.odb,Step-1,Increment      1: Step Time =    1.000,"PLATE-1",           932,             1,   300.511E-03,   328.163E-03,            0.,"ASSEMBLY_PLATE-1__PICKEDSET2","ROCK","",  -745.169E-03,      -2.13149,      -2.03877,  -837.889E-03,   346.328E-03
F:/Desktop/DeepOnet_Abaqus/StaticElasticJob.odb,Step-1,Increment      1: Step Time =    1.000,"PLATE-1",           933,             1,   428.752E-03,  -73.4813E-03,            0.,"ASSEMBLY_PLATE-1__PICKEDSET2","ROCK","",      -1.02861,      -1.50885,      -1.16570,      -1.37176,  -216.893E-03
F:/Desktop/DeepOnet_Abaqus/StaticElasticJob.odb,Step-1,Increment      1: Step Time =    1.000,"PLATE-1",           934,             1,  -406.462E-03,   90.0956E-03,            0.,"ASSEMBLY_PLATE-1__PICKEDSET2","ROCK","",  -915.008E-03,      -1.57355,      -1.18315,      -1.30541,  -323.549E-03
F:/Desktop/DeepOnet_Abaqus/StaticElasticJob.odb,Step-1,Increment      1: Step Time =    1.000,"PLATE-1",           935,             1,  -423.531E-03,   53.1447E-03,            0.,"ASSEMBLY_PLATE-1__PICKEDSET2","ROCK","",  -970.102E-03,      -1.49772,      -1.07901,      -1.38881,  -213.540E-03
F:/Desktop/DeepOnet_Abaqus/StaticElasticJob.odb,Step-1,Increment      1: Step Time =    1.000,"PLATE-1",           936,             1,   73.0943E-03,  -413.864E-03,            0.,"ASSEMBLY_PLATE-1__PICKEDSET2","ROCK","",  -646.958E-03,      -2.21852,      -2.21127,  -654.205E-03,  -106.478E-03
F:/Desktop/DeepOnet_Abaqus/StaticElasticJob.odb,Step-1,Increment      1: Step Time =    1.000,"PLATE-1",           937,             1,  -10.6782E-03,  -342.570E-03,            0.,"ASSEMBLY_PLATE-1__PICKEDSET2","ROCK","",  -467.877E-03,      -2.37536,      -2.37424,  -468.991E-03,   46.0787E-03
F:/Desktop/DeepOnet_Abaqus/StaticElasticJob.odb,Step-1,Increment      1: Step Time =    1.000,"PLATE-1",           938,             1,   132.405E-03,   357.428E-03,            0.,"ASSEMBLY_PLATE-1__PICKEDSET2","ROCK","",  -807.894E-03,      -2.35108,      -2.31856,  -840.406E-03,   221.619E-03
F:/Desktop/DeepOnet_Abaqus/StaticElasticJob.odb,Step-1,Increment      1: Step Time =    1.000,"PLATE-1",           939,             1,   165.295E-03,  -281.657E-03,            0.,"ASSEMBLY_PLATE-1__PICKEDSET2","ROCK","",  -481.305E-03,      -2.45884,      -2.31633,  -623.812E-03,  -511.376E-03
F:/Desktop/DeepOnet_Abaqus/StaticElasticJob.odb,Step-1,Increment      1: Step Time =    1.000,"PLATE-1",           940,             1,   104.565E-03,  -401.384E-03,            0.,"ASSEMBLY_PLATE-1__PICKEDSET2","ROCK","",  -654.493E-03,      -2.21663,      -2.19692,  -674.199E-03,  -174.340E-03
F:/Desktop/DeepOnet_Abaqus/StaticElasticJob.odb,Step-1,Increment      1: Step Time =    1.000,"PLATE-1",           941,             1,   379.599E-03,  -240.968E-03,            0.,"ASSEMBLY_PLATE-1__PICKEDSET2","ROCK","",  -925.295E-03,      -1.94400,      -1.78260,      -1.08669,  -371.981E-03
F:/Desktop/DeepOnet_Abaqus/StaticElasticJob.odb,Step-1,Increment      1: Step Time =    1.000,"PLATE-1",           942,             1,   459.930E-03,  -238.233E-03,            0.,"ASSEMBLY_PLATE-1__PICKEDSET2","ROCK","",  -976.887E-03,      -1.79237,      -1.68310,      -1.08616,  -277.790E-03
F:/Desktop/DeepOnet_Abaqus/StaticElasticJob.odb,Step-1,Increment      1: Step Time =    1.000,"PLATE-1",           943,             1,  -30.5157E-03,   362.527E-03,            0.,"ASSEMBLY_PLATE-1__PICKEDSET2","ROCK","",  -840.807E-03,      -2.43267,      -2.43260,  -840.879E-03,   10.7157E-03
F:/Desktop/DeepOnet_Abaqus/StaticElasticJob.odb,Step-1,Increment      1: Step Time =    1.000,"PLATE-1",           944,             1,  -261.700E-03,   254.707E-03,            0.,"ASSEMBLY_PLATE-1__PICKEDSET2","ROCK","",  -653.956E-03,      -2.17610,      -1.99371,  -836.350E-03,  -494.330E-03
F:/Desktop/DeepOnet_Abaqus/StaticElasticJob.odb,Step-1,Increment      1: Step Time =    1.000,"PLATE-1",           945,             1,  -343.079E-03,   255.462E-03,            0.,"ASSEMBLY_PLATE-1__PICKEDSET2","ROCK","",  -755.135E-03,      -1.98354,      -1.80179,  -936.884E-03,  -436.153E-03
F:/Desktop/DeepOnet_Abaqus/StaticElasticJob.odb,Step-1,Increment      1: Step Time =    1.000,"PLATE-1",           946,             1,   432.718E-03,   163.382E-03,            0.,"ASSEMBLY_PLATE-1__PICKEDSET2","ROCK","",  -852.244E-03,      -1.74736,      -1.50291,      -1.09669,   398.817E-03
F:/Desktop/DeepOnet_Abaqus/StaticElasticJob.odb,Step-1,Increment      1: Step Time =    1.000,"PLATE-1",           947,             1,   462.140E-03,  -142.979E-03,            0.,"ASSEMBLY_PLATE-1__PICKEDSET2","ROCK","",      -1.02931,      -1.64075,      -1.45508,      -1.21497,  -281.164E-03
F:/Desktop/DeepOnet_Abaqus/StaticElasticJob.odb,Step-1,Increment      1: Step Time =    1.000,"PLATE-1",           948,             1,  -435.063E-03,   79.3548E-03,            0.,"ASSEMBLY_PLATE-1__PICKEDSET2","ROCK","",  -992.734E-03,      -1.51779,      -1.18903,      -1.32149,  -254.034E-03
F:/Desktop/DeepOnet_Abaqus/StaticElasticJob.odb,Step-1,Increment      1: Step Time =    1.000,"PLATE-1",           949,             1,  -182.502E-03,  -366.956E-03,            0.,"ASSEMBLY_PLATE-1__PICKEDSET2","ROCK","",  -729.741E-03,      -2.21563,      -2.13089,  -814.489E-03,   344.593E-03
F:/Desktop/DeepOnet_Abaqus/StaticElasticJob.odb,Step-1,Increment      1: Step Time =    1.000,"PLATE-1",           950,             1,  -10.3051E-03,  -420.187E-03,            0.,"ASSEMBLY_PLATE-1__PICKEDSET2","ROCK","",  -639.168E-03,      -2.22601,      -2.22527,  -639.911E-03,   34.3091E-03
F:/Desktop/DeepOnet_Abaqus/StaticElasticJob.odb,Step-1,Increment      1: Step Time =    1.000,"PLATE-1",           951,             1,   525.628E-03,  -119.306E-03,            0.,"ASSEMBLY_PLATE-1__PICKEDSET2","ROCK","",      -1.10953,      -1.54990,      -1.45219,      -1.20724,  -182.982E-03
F:/Desktop/DeepOnet_Abaqus/StaticElasticJob.odb,Step-1,Increment      1: Step Time =    1.000,"PLATE-1",           952,             1,   414.247E-03,   14.5405E-03,            0.,"ASSEMBLY_PLATE-1__PICKEDSET2","ROCK","",  -962.885E-03,      -1.45049,      -1.00776,      -1.40562,   140.947E-03
F:/Desktop/DeepOnet_Abaqus/StaticElasticJob.odb,Step-1,Increment      1: Step Time =    1.000,"PLATE-1",           953,             1,  -475.422E-03,  -92.8755E-03,            0.,"ASSEMBLY_PLATE-1__PICKEDSET2","ROCK","",      -1.09151,      -1.57800,      -1.35371,      -1.31580,   242.507E-03
F:/Desktop/DeepOnet_Abaqus/StaticElasticJob.odb,Step-1,Increment      1: Step Time =    1.000,"PLATE-1",           954,             1,   99.3108E-03,   379.521E-03,            0.,"ASSEMBLY_PLATE-1__PICKEDSET2","ROCK","",  -850.579E-03,      -2.33777,      -2.32073,  -867.628E-03,   158.314E-03
F:/Desktop/DeepOnet_Abaqus/StaticElasticJob.odb,Step-1,Increment      1: Step Time =    1.000,"PLATE-1",           955,             1,  -181.174E-03,   337.011E-03,            0.,"ASSEMBLY_PLATE-1__PICKEDSET2","ROCK","",  -771.141E-03,      -2.28117,      -2.24495,  -807.356E-03,  -231.030E-03
F:/Desktop/DeepOnet_Abaqus/StaticElasticJob.odb,Step-1,Increment      1: Step Time =    1.000,"PLATE-1",           956,             1,   471.149E-03,  -63.4585E-03,            0.,"ASSEMBLY_PLATE-1__PICKEDSET2","ROCK","",      -1.14228,      -1.42754,      -1.25203,      -1.31779,  -138.791E-03
F:/Desktop/DeepOnet_Abaqus/StaticElasticJob.odb,Step-1,Increment      1: Step Time =    1.000,"PLATE-1",           957,             1,  -344.472E-03,  -378.175E-03,            0.,"ASSEMBLY_PLATE-1__PICKEDSET2","ROCK","",  -961.444E-03,      -1.97068,      -1.89834,      -1.03378,   260.337E-03
F:/Desktop/DeepOnet_Abaqus/StaticElasticJob.odb,Step-1,Increment      1: Step Time =    1.000,"PLATE-1",           958,             1,  -54.7477E-03,   372.240E-03,            0.,"ASSEMBLY_PLATE-1__PICKEDSET2","ROCK","",  -859.759E-03,      -2.36922,      -2.36881,  -860.163E-03,  -24.6963E-03
F:/Desktop/DeepOnet_Abaqus/StaticElasticJob.odb,Step-1,Increment      1: Step Time =    1.000,"PLATE-1",           959,             1,  -362.343E-03,   218.803E-03,            0.,"ASSEMBLY_PLATE-1__PICKEDSET2","ROCK","",  -757.604E-03,      -1.89439,      -1.64535,      -1.00664,  -470.191E-03
F:/Desktop/DeepOnet_Abaqus/StaticElasticJob.odb,Step-1,Increment      1: Step Time =    1.000,"PLATE-1",           960,             1,   294.291E-03,   224.465E-03,            0.,"ASSEMBLY_PLATE-1__PICKEDSET2","ROCK","",  -623.135E-03,      -2.13543,      -1.86602,  -892.541E-03,   578.655E-03
F:/Desktop/DeepOnet_Abaqus/StaticElasticJob.odb,Step-1,Increment      1: Step Time =    1.000,"PLATE-1",           961,             1,  -424.399E-03,   8.79423E-03,            0.,"ASSEMBLY_PLATE-1__PICKEDSET2","ROCK","",      -1.01976,      -1.45319,      -1.02587,      -1.44708,  -51.0846E-03
F:/Desktop/DeepOnet_Abaqus/StaticElasticJob.odb,Step-1,Increment      1: Step Time =    1.000,"PLATE-1",           962,             1,  -416.149E-03,  -306.518E-03,            0.,"ASSEMBLY_PLATE-1__PICKEDSET2","ROCK","",  -983.677E-03,      -1.91464,      -1.82542,      -1.07290,   274.045E-03
F:/Desktop/DeepOnet_Abaqus/StaticElasticJob.odb,Step-1,Increment      1: Step Time =    1.000,"PLATE-1",           963,             1,  -380.267E-03,  -341.671E-03,            0.,"ASSEMBLY_PLATE-1__PICKEDSET2","ROCK","",  -976.525E-03,      -1.94024,      -1.86147,      -1.05529,   264.010E-03
F:/Desktop/DeepOnet_Abaqus/StaticElasticJob.odb,Step-1,Increment      1: Step Time =    1.000,"PLATE-1",           964,             1,   86.6950E-03,  -456.581E-03,            0.,"ASSEMBLY_PLATE-1__PICKEDSET2","ROCK","",  -713.031E-03,      -2.15387,      -2.14682,  -720.088E-03,  -100.588E-03
F:/Desktop/DeepOnet_Abaqus/StaticElasticJob.odb,Step-1,Increment      1: Step Time =    1.000,"PLATE-1",           965,             1,   474.705E-03,  -287.681E-03,            0.,"ASSEMBLY_PLATE-1__PICKEDSET2","ROCK","",  -972.618E-03,      -1.82101,      -1.74720,      -1.04642,  -239.101E-03
F:/Desktop/DeepOnet_Abaqus/StaticElasticJob.odb,Step-1,Increment      1: Step Time =    1.000,"PLATE-1",           966,             1,  -52.1641E-03,   421.973E-03,            0.,"ASSEMBLY_PLATE-1__PICKEDSET2","ROCK","",  -907.033E-03,      -2.26089,      -2.26086,  -907.057E-03,   5.65224E-03
F:/Desktop/DeepOnet_Abaqus/StaticElasticJob.odb,Step-1,Increment      1: Step Time =    1.000,"PLATE-1",           967,             1,   75.0038E-03,   443.332E-03,            0.,"ASSEMBLY_PLATE-1__PICKEDSET2","ROCK","",  -909.441E-03,      -2.23403,      -2.22624,  -917.229E-03,   101.272E-03
F:/Desktop/DeepOnet_Abaqus/StaticElasticJob.odb,Step-1,Increment      1: Step Time =    1.000,"PLATE-1",           968,             1,   159.834E-03,  -430.993E-03,            0.,"ASSEMBLY_PLATE-1__PICKEDSET2","ROCK","",  -744.213E-03,      -2.13488,      -2.10463,  -774.463E-03,  -202.861E-03
F:/Desktop/DeepOnet_Abaqus/StaticElasticJob.odb,Step-1,Increment      1: Step Time =    1.000,"PLATE-1",           969,             1,  -104.450E-03,   355.391E-03,            0.,"ASSEMBLY_PLATE-1__PICKEDSET2","ROCK","",  -817.984E-03,      -2.36001,      -2.35129,  -826.704E-03,  -115.632E-03
F:/Desktop/DeepOnet_Abaqus/StaticElasticJob.odb,Step-1,Increment      1: Step Time =    1.000,"PLATE-1",           970,             1,  -263.488E-03,   351.938E-03,            0.,"ASSEMBLY_PLATE-1__PICKEDSET2","ROCK","",  -793.058E-03,      -2.12839,      -2.07371,  -847.744E-03,  -264.638E-03
F:/Desktop/DeepOnet_Abaqus/StaticElasticJob.odb,Step-1,Increment      1: Step Time =    1.000,"PLATE-1",           971,             1,  -230.599E-03,  -331.214E-03,            0.,"ASSEMBLY_PLATE-1__PICKEDSET2","ROCK","",  -799.852E-03,      -2.20254,      -2.06540,  -936.991E-03,   416.600E-03
F:/Desktop/DeepOnet_Abaqus/StaticElasticJob.odb,Step-1,Increment      1: Step Time =    1.000,"PLATE-1",           972,             1,   446.079E-03,   208.112E-03,            0.,"ASSEMBLY_PLATE-1__PICKEDSET2","ROCK","",  -849.999E-03,      -1.79852,      -1.62196,      -1.02655,   369.179E-03
F:/Desktop/DeepOnet_Abaqus/StaticElasticJob.odb,Step-1,Increment      1: Step Time =    1.000,"PLATE-1",           973,             1,   289.274E-03,  -344.486E-03,            0.,"ASSEMBLY_PLATE-1__PICKEDSET2","ROCK","",  -891.375E-03,      -2.03490,      -1.94169,  -984.583E-03,  -312.885E-03
F:/Desktop/DeepOnet_Abaqus/StaticElasticJob.odb,Step-1,Increment      1: Step Time =    1.000,"PLATE-1",           974,             1,  -508.004E-03,   133.802E-03,            0.,"ASSEMBLY_PLATE-1__PICKEDSET2","ROCK","",      -1.06496,      -1.56727,      -1.41941,      -1.21282,  -228.930E-03
F:/Desktop/DeepOnet_Abaqus/StaticElasticJob.odb,Step-1,Increment      1: Step Time =    1.000,"PLATE-1",           975,             1,  -414.829E-03,  -236.608E-03,            0.,"ASSEMBLY_PLATE-1__PICKEDSET2","ROCK","",  -974.276E-03,      -1.89709,      -1.73612,      -1.13525,   350.191E-03
F:/Desktop/DeepOnet_Abaqus/StaticElasticJob.odb,Step-1,Increment      1: Step Time =    1.000,"PLATE-1",           976,             1,   345.283E-03,   270.253E-03,            0.,"ASSEMBLY_PLATE-1__PICKEDSET2","ROCK","",  -722.518E-03,      -2.03763,      -1.86925,  -890.892E-03,   439.410E-03
F:/Desktop/DeepOnet_Abaqus/StaticElasticJob.odb,Step-1,Increment      1: Step Time =    1.000,"PLATE-1",           977,             1,   479.990E-03,   61.9527E-03,            0.,"ASSEMBLY_PLATE-1__PICKEDSET2","ROCK","",      -1.08548,      -1.46230,      -1.29473,      -1.25304,   187.254E-03
F:/Desktop/DeepOnet_Abaqus/StaticElasticJob.odb,Step-1,Increment      1: Step Time =    1.000,"PLATE-1",           978,             1,  -433.645E-03,  -115.498E-03,            0.,"ASSEMBLY_PLATE-1__PICKEDSET2","ROCK","",  -992.260E-03,      -1.68936,      -1.33287,      -1.34874,   348.458E-03
F:/Desktop/DeepOnet_Abaqus/StaticElasticJob.odb,Step-1,Increment      1: Step Time =    1.000,"PLATE-1",           979,             1,  -142.802E-03,  -413.382E-03,            0.,"ASSEMBLY_PLATE-1__PICKEDSET2","ROCK","",  -722.683E-03,      -2.18592,      -2.14129,  -767.323E-03,   251.646E-03
F:/Desktop/DeepOnet_Abaqus/StaticElasticJob.odb,Step-1,Increment      1: Step Time =    1.000,"PLATE-1",           980,             1,  -189.254E-03,   404.930E-03,            0.,"ASSEMBLY_PLATE-1__PICKEDSET2","ROCK","",  -860.838E-03,      -2.17975,      -2.16781,  -872.772E-03,  -124.890E-03
F:/Desktop/DeepOnet_Abaqus/StaticElasticJob.odb,Step-1,Increment      1: Step Time =    1.000,"PLATE-1",           981,             1,   255.843E-03,  -355.837E-03,            0.,"ASSEMBLY_PLATE-1__PICKEDSET2","ROCK","",  -835.404E-03,      -2.09754,      -2.00453,  -928.419E-03,  -329.766E-03
F:/Desktop/DeepOnet_Abaqus/StaticElasticJob.odb,Step-1,Increment      1: Step Time =    1.000,"PLATE-1",           982,             1,   433.030E-03,  -302.210E-03,            0.,"ASSEMBLY_PLATE-1__PICKEDSET2","ROCK","",  -958.399E-03,      -1.86918,      -1.79085,      -1.03673,  -255.359E-03
F:/Desktop/DeepOnet_Abaqus/StaticElasticJob.odb,Step-1,Increment      1: Step Time =    1.000,"PLATE-1",           983,             1,  -576.409E-03,  -111.540E-03,            0.,"ASSEMBLY_PLATE-1__PICKEDSET2","ROCK","",      -1.14370,      -1.57022,      -1.49489,      -1.21902,   162.647E-03
F:/Desktop/DeepOnet_Abaqus/StaticElasticJob.odb,Step-1,Increment      1: Step Time =    1.000,"PLATE-1",           984,             1,  -309.375E-03,  -338.047E-03,            0.,"ASSEMBLY_PLATE-1__PICKEDSET2","ROCK","",  -936.179E-03,      -2.04578,      -1.93761,      -1.04435,   329.124E-03
F:/Desktop/DeepOnet_Abaqus/StaticElasticJob.odb,Step-1,Increment      1: Step Time =    1.000,"PLATE-1",           985,             1,  -386.122E-03,  -201.776E-03,            0.,"ASSEMBLY_PLATE-1__PICKEDSET2","ROCK","",  -953.334E-03,      -1.91952,      -1.68144,      -1.19141,   416.345E-03
F:/Desktop/DeepOnet_Abaqus/StaticElasticJob.odb,Step-1,Increment      1: Step Time =    1.000,"PLATE-1",           986,             1,  -467.428E-03,  -173.551E-03,            0.,"ASSEMBLY_PLATE-1__PICKEDSET2","ROCK","",      -1.01595,      -1.74369,      -1.55360,      -1.20604,   319.696E-03
F:/Desktop/DeepOnet_Abaqus/StaticElasticJob.odb,Step-1,Increment      1: Step Time =    1.000,"PLATE-1",           987,             1,   396.286E-03,  -322.385E-03,            0.,"ASSEMBLY_PLATE-1__PICKEDSET2","ROCK","",  -948.012E-03,      -1.90245,      -1.82724,      -1.02321,  -257.137E-03
F:/Desktop/DeepOnet_Abaqus/StaticElasticJob.odb,Step-1,Increment      1: Step Time =    1.000,"PLATE-1",           988,             1,   278.337E-03,   373.972E-03,            0.,"ASSEMBLY_PLATE-1__PICKEDSET2","ROCK","",  -776.752E-03,      -2.15101,      -2.09497,  -832.786E-03,   271.782E-03
F:/Desktop/DeepOnet_Abaqus/StaticElasticJob.odb,Step-1,Increment      1: Step Time =    1.000,"PLATE-1",           989,             1,   149.866E-03,   442.619E-03,            0.,"ASSEMBLY_PLATE-1__PICKEDSET2","ROCK","",  -877.619E-03,      -2.20545,      -2.19022,  -892.850E-03,   141.390E-03
F:/Desktop/DeepOnet_Abaqus/StaticElasticJob.odb,Step-1,Increment      1: Step Time =    1.000,"PLATE-1",           990,             1,  -504.406E-03,  -362.156E-03,            0.,"ASSEMBLY_PLATE-1__PICKEDSET2","ROCK","",      -1.00387,      -1.84194,      -1.79198,      -1.05383,   198.435E-03
F:/Desktop/DeepOnet_Abaqus/StaticElasticJob.odb,Step-1,Increment      1: Step Time =    1.000,"PLATE-1",           991,             1,   153.719E-03,   397.666E-03,            0.,"ASSEMBLY_PLATE-1__PICKEDSET2","ROCK","",  -841.442E-03,      -2.25390,      -2.23015,  -865.201E-03,   181.643E-03
F:/Desktop/DeepOnet_Abaqus/StaticElasticJob.odb,Step-1,Increment      1: Step Time =    1.000,"PLATE-1",           992,             1,   511.861E-03,  -24.5832E-03,            0.,"ASSEMBLY_PLATE-1__PICKEDSET2","ROCK","",      -1.25252,      -1.33349,      -1.30809,      -1.27792,  -37.5706E-03
F:/Desktop/DeepOnet_Abaqus/StaticElasticJob.odb,Step-1,Increment      1: Step Time =    1.000,"PLATE-1",           993,             1,  -468.687E-03,   79.5565E-03,            0.,"ASSEMBLY_PLATE-1__PICKEDSET2","ROCK","",      -1.07404,      -1.48786,      -1.26057,      -1.30132,  -205.903E-03
F:/Desktop/DeepOnet_Abaqus/StaticElasticJob.odb,Step-1,Increment      1: Step Time =    1.000,"PLATE-1",           994,             1,  -516.666E-03,  -80.0076E-03,            0.,"ASSEMBLY_PLATE-1__PICKEDSET2","ROCK","",      -1.16134,      -1.50326,      -1.37598,      -1.28862,   165.286E-03
F:/Desktop/DeepOnet_Abaqus/StaticElasticJob.odb,Step-1,Increment      1: Step Time =    1.000,"PLATE-1",           995,             1,   514.065E-03,  -63.6399E-03,            0.,"ASSEMBLY_PLATE-1__PICKEDSET2","ROCK","",      -1.18815,      -1.42138,      -1.35469,      -1.25483,  -105.387E-03
F:/Desktop/DeepOnet_Abaqus/StaticElasticJob.odb,Step-1,Increment      1: Step Time =    1.000,"PLATE-1",           996,             1,   438.645E-03,   102.593E-03,            0.,"ASSEMBLY_PLATE-1__PICKEDSET2","ROCK","",  -920.409E-03,      -1.60211,      -1.31318,      -1.20934,   336.873E-03
F:/Desktop/DeepOnet_Abaqus/StaticElasticJob.odb,Step-1,Increment      1: Step Time =    1.000,"PLATE-1",           997,             1,  -49.5412E-03,  -507.182E-03,            0.,"ASSEMBLY_PLATE-1__PICKEDSET2","ROCK","",  -769.310E-03,      -2.10307,      -2.09873,  -773.654E-03,   75.9959E-03
F:/Desktop/DeepOnet_Abaqus/StaticElasticJob.odb,Step-1,Increment      1: Step Time =    1.000,"PLATE-1",           998,             1,  -100.281E-03,   389.094E-03,            0.,"ASSEMBLY_PLATE-1__PICKEDSET2","ROCK","",  -863.875E-03,      -2.29687,      -2.29438,  -866.364E-03,  -59.6693E-03
F:/Desktop/DeepOnet_Abaqus/StaticElasticJob.odb,Step-1,Increment      1: Step Time =    1.000,"PLATE-1",           999,             1,  -35.0610E-03,  -444.563E-03,            0.,"ASSEMBLY_PLATE-1__PICKEDSET2","ROCK","",  -686.323E-03,      -2.18672,      -2.18282,  -690.219E-03,   76.3565E-03
F:/Desktop/DeepOnet_Abaqus/StaticElasticJob.odb,Step-1,Increment      1: Step Time =    1.000,"PLATE-1",          1000,             1,  -107.688E-03,  -411.713E-03,            0.,"ASSEMBLY_PLATE-1__PICKEDSET2","ROCK","",  -683.346E-03,      -2.21159,      -2.18375,  -711.179E-03,   204.353E-03
F:/Desktop/DeepOnet_Abaqus/StaticElasticJob.odb,Step-1,Increment      1: Step Time =    1.000,"PLATE-1",          1001,             1,   62.5906E-03,   399.240E-03,            0.,"ASSEMBLY_PLATE-1__PICKEDSET2","ROCK","",  -881.416E-03,      -2.32279,      -2.31471,  -889.496E-03,   107.615E-03
F:/Desktop/DeepOnet_Abaqus/StaticElasticJob.odb,Step-1,Increment      1: Step Time =    1.000,"PLATE-1",          1002,             1,  -378.308E-03,   311.815E-03,            0.,"ASSEMBLY_PLATE-1__PICKEDSET2","ROCK","",  -834.494E-03,      -1.95023,      -1.84469,  -940.033E-03,  -326.519E-03
F:/Desktop/DeepOnet_Abaqus/StaticElasticJob.odb,Step-1,Increment      1: Step Time =    1.000,"PLATE-1",          1003,             1,   529.351E-03,  -206.105E-03,            0.,"ASSEMBLY_PLATE-1__PICKEDSET2","ROCK","",      -1.02523,      -1.70636,      -1.62762,      -1.10397,  -217.790E-03
F:/Desktop/DeepOnet_Abaqus/StaticElasticJob.odb,Step-1,Increment      1: Step Time =    1.000,"PLATE-1",          1004,             1,  -493.737E-03,  -310.986E-03,            0.,"ASSEMBLY_PLATE-1__PICKEDSET2","ROCK","",      -1.00628,      -1.83436,      -1.76645,      -1.07419,   227.203E-03
F:/Desktop/DeepOnet_Abaqus/StaticElasticJob.odb,Step-1,Increment      1: Step Time =    1.000,"PLATE-1",          1005,             1,  -444.370E-03,  -205.158E-03,            0.,"ASSEMBLY_PLATE-1__PICKEDSET2","ROCK","",  -993.296E-03,      -1.82303,      -1.63886,      -1.17747,   344.811E-03
F:/Desktop/DeepOnet_Abaqus/StaticElasticJob.odb,Step-1,Increment      1: Step Time =    1.000,"PLATE-1",          1006,             1,   333.853E-03,  -381.599E-03,            0.,"ASSEMBLY_PLATE-1__PICKEDSET2","ROCK","",  -914.003E-03,      -1.97443,      -1.91192,  -976.517E-03,  -249.767E-03
F:/Desktop/DeepOnet_Abaqus/StaticElasticJob.odb,Step-1,Increment      1: Step Time =    1.000,"PLATE-1",          1007,             1,   11.6206E-03,   376.303E-03,            0.,"ASSEMBLY_PLATE-1__PICKEDSET2","ROCK","",  -866.314E-03,      -2.38940,      -2.38655,  -869.160E-03,   65.7716E-03
F:/Desktop/DeepOnet_Abaqus/StaticElasticJob.odb,Step-1,Increment      1: Step Time =    1.000,"PLATE-1",          1008,             1,   23.1283E-03,   410.717E-03,            0.,"ASSEMBLY_PLATE-1__PICKEDSET2","ROCK","",  -897.986E-03,      -2.29990,      -2.29589,  -902.000E-03,   74.9081E-03
F:/Desktop/DeepOnet_Abaqus/StaticElasticJob.odb,Step-1,Increment      1: Step Time =    1.000,"PLATE-1",          1009,             1,   391.166E-03,   213.090E-03,            0.,"ASSEMBLY_PLATE-1__PICKEDSET2","ROCK","",  -763.056E-03,      -1.89582,      -1.66844,  -990.440E-03,   453.729E-03
F:/Desktop/DeepOnet_Abaqus/StaticElasticJob.odb,Step-1,Increment      1: Step Time =    1.000,"PLATE-1",          1010,             1,   158.555E-03,  -392.369E-03,            0.,"ASSEMBLY_PLATE-1__PICKEDSET2","ROCK","",  -706.674E-03,      -2.18238,      -2.13847,  -750.586E-03,  -250.744E-03
F:/Desktop/DeepOnet_Abaqus/StaticElasticJob.odb,Step-1,Increment      1: Step Time =    1.000,"PLATE-1",          1011,             1,   202.869E-03,  -434.102E-03,            0.,"ASSEMBLY_PLATE-1__PICKEDSET2","ROCK","",  -802.419E-03,      -2.08376,      -2.04390,  -842.278E-03,  -222.450E-03
F:/Desktop/DeepOnet_Abaqus/StaticElasticJob.odb,Step-1,Increment      1: Step Time =    1.000,"PLATE-1",          1012,             1,  -313.990E-03,  -413.960E-03,            0.,"ASSEMBLY_PLATE-1__PICKEDSET2","ROCK","",  -934.826E-03,      -1.99175,      -1.93034,  -996.228E-03,   247.238E-03
F:/Desktop/DeepOnet_Abaqus/StaticElasticJob.odb,Step-1,Increment      1: Step Time =    1.000,"PLATE-1",          1013,             1,  -566.194E-03,  -12.9579E-03,            0.,"ASSEMBLY_PLATE-1__PICKEDSET2","ROCK","",      -1.25791,      -1.40562,      -1.39190,      -1.27162,   42.8740E-03
F:/Desktop/DeepOnet_Abaqus/StaticElasticJob.odb,Step-1,Increment      1: Step Time =    1.000,"PLATE-1",          1014,             1,  -510.814E-03,  -4.48613E-03,            0.,"ASSEMBLY_PLATE-1__PICKEDSET2","ROCK","",      -1.27629,      -1.33852,      -1.28953,      -1.32528,   25.4679E-03
F:/Desktop/DeepOnet_Abaqus/StaticElasticJob.odb,Step-1,Increment      1: Step Time =    1.000,"PLATE-1",          1015,             1,   447.927E-03,  -379.604E-03,            0.,"ASSEMBLY_PLATE-1__PICKEDSET2","ROCK","",  -958.724E-03,      -1.86832,      -1.82304,      -1.00400,  -197.817E-03
F:/Desktop/DeepOnet_Abaqus/StaticElasticJob.odb,Step-1,Increment      1: Step Time =    1.000,"PLATE-1",          1016,             1,   273.208E-03,   461.442E-03,            0.,"ASSEMBLY_PLATE-1__PICKEDSET2","ROCK","",  -831.810E-03,      -2.11708,      -2.09220,  -856.689E-03,   177.080E-03
F:/Desktop/DeepOnet_Abaqus/StaticElasticJob.odb,Step-1,Increment      1: Step Time =    1.000,"PLATE-1",          1017,             1,  -227.653E-03,   433.671E-03,            0.,"ASSEMBLY_PLATE-1__PICKEDSET2","ROCK","",  -878.955E-03,      -2.12202,      -2.10940,  -891.577E-03,  -124.620E-03
F:/Desktop/DeepOnet_Abaqus/StaticElasticJob.odb,Step-1,Increment      1: Step Time =    1.000,"PLATE-1",          1018,             1,  -569.548E-03,   39.0586E-03,            0.,"ASSEMBLY_PLATE-1__PICKEDSET2","ROCK","",      -1.24653,      -1.40650,      -1.39290,      -1.26013,  -44.6127E-03
F:/Desktop/DeepOnet_Abaqus/StaticElasticJob.odb,Step-1,Increment      1: Step Time =    1.000,"PLATE-1",          1019,             1,  -283.636E-03,  -399.707E-03,            0.,"ASSEMBLY_PLATE-1__PICKEDSET2","ROCK","",  -907.562E-03,      -2.03462,      -1.96012,  -982.065E-03,   280.032E-03
F:/Desktop/DeepOnet_Abaqus/StaticElasticJob.odb,Step-1,Increment      1: Step Time =    1.000,"PLATE-1",          1020,             1,  -467.087E-03,   262.466E-03,            0.,"ASSEMBLY_PLATE-1__PICKEDSET2","ROCK","",  -924.193E-03,      -1.79426,      -1.67769,      -1.04076,  -296.368E-03
F:/Desktop/DeepOnet_Abaqus/StaticElasticJob.odb,Step-1,Increment      1: Step Time =    1.000,"PLATE-1",          1021,             1,  -553.953E-03,   190.702E-03,            0.,"ASSEMBLY_PLATE-1__PICKEDSET2","ROCK","",      -1.05164,      -1.63908,      -1.54773,      -1.14298,  -212.880E-03
F:/Desktop/DeepOnet_Abaqus/StaticElasticJob.odb,Step-1,Increment      1: Step Time =    1.000,"PLATE-1",          1022,             1,  -484.644E-03,   221.529E-03,            0.,"ASSEMBLY_PLATE-1__PICKEDSET2","ROCK","",  -958.859E-03,      -1.73211,      -1.59793,      -1.09304,  -292.833E-03
F:/Desktop/DeepOnet_Abaqus/StaticElasticJob.odb,Step-1,Increment      1: Step Time =    1.000,"PLATE-1",          1023,             1,  -246.100E-03,   389.705E-03,            0.,"ASSEMBLY_PLATE-1__PICKEDSET2","ROCK","",  -834.439E-03,      -2.13786,      -2.11031,  -861.991E-03,  -187.490E-03
F:/Desktop/DeepOnet_Abaqus/StaticElasticJob.odb,Step-1,Increment      1: Step Time =    1.000,"PLATE-1",          1024,             1,   548.155E-03,  -21.5295E-03,            0.,"ASSEMBLY_PLATE-1__PICKEDSET2","ROCK","",      -1.23768,      -1.36980,      -1.36871,      -1.23877,  -11.9384E-03
F:/Desktop/DeepOnet_Abaqus/StaticElasticJob.odb,Step-1,Increment      1: Step Time =    1.000,"PLATE-1",          1025,             1,   531.018E-03,   293.100E-03,            0.,"ASSEMBLY_PLATE-1__PICKEDSET2","ROCK","",  -889.941E-03,      -1.82269,      -1.75236,  -960.268E-03,   246.276E-03
F:/Desktop/DeepOnet_Abaqus/StaticElasticJob.odb,Step-1,Increment      1: Step Time =    1.000,"PLATE-1",          1026,             1,   613.684E-03,   15.3272E-03,            0.,"ASSEMBLY_PLATE-1__PICKEDSET2","ROCK","",      -1.16953,      -1.47926,      -1.47722,      -1.17157,   25.0381E-03
F:/Desktop/DeepOnet_Abaqus/StaticElasticJob.odb,Step-1,Increment      1: Step Time =    1.000,"PLATE-1",          1027,             1,  -250.171E-03,  -402.204E-03,            0.,"ASSEMBLY_PLATE-1__PICKEDSET2","ROCK","",  -859.317E-03,      -2.08387,      -2.00795,  -935.234E-03,   295.297E-03
F:/Desktop/DeepOnet_Abaqus/StaticElasticJob.odb,Step-1,Increment      1: Step Time =    1.000,"PLATE-1",          1028,             1,  -595.686E-03,  -147.999E-03,            0.,"ASSEMBLY_PLATE-1__PICKEDSET2","ROCK","",      -1.11429,      -1.62498,      -1.55966,      -1.17961,   170.566E-03
F:/Desktop/DeepOnet_Abaqus/StaticElasticJob.odb,Step-1,Increment      1: Step Time =    1.000,"PLATE-1",          1029,             1,   355.319E-03,   332.325E-03,            0.,"ASSEMBLY_PLATE-1__PICKEDSET2","ROCK","",  -767.614E-03,      -2.04879,      -1.95731,  -859.088E-03,   329.889E-03
F:/Desktop/DeepOnet_Abaqus/StaticElasticJob.odb,Step-1,Increment      1: Step Time =    1.000,"PLATE-1",          1030,             1,   373.689E-03,   398.418E-03,            0.,"ASSEMBLY_PLATE-1__PICKEDSET2","ROCK","",  -797.522E-03,      -2.04767,      -1.99630,  -848.896E-03,   248.164E-03
F:/Desktop/DeepOnet_Abaqus/StaticElasticJob.odb,Step-1,Increment      1: Step Time =    1.000,"PLATE-1",          1031,             1,  -553.764E-03,  -176.970E-03,            0.,"ASSEMBLY_PLATE-1__PICKEDSET2","ROCK","",      -1.07568,      -1.68126,      -1.58815,      -1.16879,   218.430E-03
F:/Desktop/DeepOnet_Abaqus/StaticElasticJob.odb,Step-1,Increment      1: Step Time =    1.000,"PLATE-1",          1032,             1,   414.174E-03,   322.376E-03,            0.,"ASSEMBLY_PLATE-1__PICKEDSET2","ROCK","",  -801.863E-03,      -1.96629,      -1.87435,  -893.800E-03,   314.008E-03
F:/Desktop/DeepOnet_Abaqus/StaticElasticJob.odb,Step-1,Increment      1: Step Time =    1.000,"PLATE-1",          1033,             1,  -513.671E-03,   86.7986E-03,            0.,"ASSEMBLY_PLATE-1__PICKEDSET2","ROCK","",      -1.13995,      -1.47032,      -1.34339,      -1.26688,  -160.692E-03
F:/Desktop/DeepOnet_Abaqus/StaticElasticJob.odb,Step-1,Increment      1: Step Time =    1.000,"PLATE-1",          1034,             1,  -15.0140E-03,   417.468E-03,            0.,"ASSEMBLY_PLATE-1__PICKEDSET2","ROCK","",  -909.476E-03,      -2.28453,      -2.28331,  -910.698E-03,   40.9637E-03
F:/Desktop/DeepOnet_Abaqus/StaticElasticJob.odb,Step-1,Increment      1: Step Time =    1.000,"PLATE-1",          1035,             1,  -406.016E-03,  -464.106E-03,            0.,"ASSEMBLY_PLATE-1__PICKEDSET2","ROCK","",  -974.668E-03,      -1.90472,      -1.86816,      -1.01123,   180.738E-03
F:/Desktop/DeepOnet_Abaqus/StaticElasticJob.odb,Step-1,Increment      1: Step Time =    1.000,"PLATE-1",          1036,             1,  -561.964E-03,  -369.461E-03,            0.,"ASSEMBLY_PLATE-1__PICKEDSET2","ROCK","",      -1.01407,      -1.81103,      -1.77130,      -1.05380,   173.449E-03
F:/Desktop/DeepOnet_Abaqus/StaticElasticJob.odb,Step-1,Increment      1: Step Time =    1.000,"PLATE-1",          1037,             1,  -20.4272E-03,   493.035E-03,            0.,"ASSEMBLY_PLATE-1__PICKEDSET2","ROCK","",  -958.311E-03,      -2.16738,      -2.16545,  -960.235E-03,   48.1893E-03
F:/Desktop/DeepOnet_Abaqus/StaticElasticJob.odb,Step-1,Increment      1: Step Time =    1.000,"PLATE-1",          1038,             1,   581.213E-03,  -177.057E-03,            0.,"ASSEMBLY_PLATE-1__PICKEDSET2","ROCK","",      -1.06553,      -1.63978,      -1.58180,      -1.12351,  -173.011E-03
F:/Desktop/DeepOnet_Abaqus/StaticElasticJob.odb,Step-1,Increment      1: Step Time =    1.000,"PLATE-1",          1039,             1,   389.671E-03,  -402.080E-03,            0.,"ASSEMBLY_PLATE-1__PICKEDSET2","ROCK","",  -943.289E-03,      -1.90749,      -1.86354,  -987.243E-03,  -201.120E-03
F:/Desktop/DeepOnet_Abaqus/StaticElasticJob.odb,Step-1,Increment      1: Step Time =    1.000,"PLATE-1",          1040,             1,   80.3342E-03,   494.604E-03,            0.,"ASSEMBLY_PLATE-1__PICKEDSET2","ROCK","",  -936.789E-03,      -2.16829,      -2.16104,  -944.043E-03,   94.2413E-03
F:/Desktop/DeepOnet_Abaqus/StaticElasticJob.odb,Step-1,Increment      1: Step Time =    1.000,"PLATE-1",          1041,             1,  -397.225E-03,   279.203E-03,            0.,"ASSEMBLY_PLATE-1__PICKEDSET2","ROCK","",  -843.500E-03,      -1.89368,      -1.76232,  -974.868E-03,  -347.423E-03
F:/Desktop/DeepOnet_Abaqus/StaticElasticJob.odb,Step-1,Increment      1: Step Time =    1.000,"PLATE-1",          1042,             1,  -328.939E-03,   376.618E-03,            0.,"ASSEMBLY_PLATE-1__PICKEDSET2","ROCK","",  -843.602E-03,      -2.04049,      -1.99218,  -891.916E-03,  -235.568E-03
F:/Desktop/DeepOnet_Abaqus/StaticElasticJob.odb,Step-1,Increment      1: Step Time =    1.000,"PLATE-1",          1043,             1,   470.313E-03,  -334.077E-03,            0.,"ASSEMBLY_PLATE-1__PICKEDSET2","ROCK","",  -967.161E-03,      -1.83934,      -1.78555,      -1.02095,  -209.812E-03
F:/Desktop/DeepOnet_Abaqus/StaticElasticJob.odb,Step-1,Increment      1: Step Time =    1.000,"PLATE-1",          1044,             1,   539.074E-03,   75.0033E-03,            0.,"ASSEMBLY_PLATE-1__PICKEDSET2","ROCK","",      -1.12616,      -1.47801,      -1.40572,      -1.19846,   142.159E-03
F:/Desktop/DeepOnet_Abaqus/StaticElasticJob.odb,Step-1,Increment      1: Step Time =    1.000,"PLATE-1",          1045,             1,  -537.179E-03,   238.236E-03,            0.,"ASSEMBLY_PLATE-1__PICKEDSET2","ROCK","",      -1.00212,      -1.70913,      -1.61959,      -1.09167,  -235.145E-03
F:/Desktop/DeepOnet_Abaqus/StaticElasticJob.odb,Step-1,Increment      1: Step Time =    1.000,"PLATE-1",          1046,             1,  -568.599E-03,   90.2909E-03,            0.,"ASSEMBLY_PLATE-1__PICKEDSET2","ROCK","",      -1.17801,      -1.48421,      -1.43326,      -1.22896,  -114.034E-03
F:/Desktop/DeepOnet_Abaqus/StaticElasticJob.odb,Step-1,Increment      1: Step Time =    1.000,"PLATE-1",          1047,             1,   400.408E-03,   461.573E-03,            0.,"ASSEMBLY_PLATE-1__PICKEDSET2","ROCK","",  -820.981E-03,      -2.02535,      -1.99728,  -849.052E-03,   181.713E-03
F:/Desktop/DeepOnet_Abaqus/StaticElasticJob.odb,Step-1,Increment      1: Step Time =    1.000,"PLATE-1",          1048,             1,  -194.738E-03,  -481.533E-03,            0.,"ASSEMBLY_PLATE-1__PICKEDSET2","ROCK","",  -842.470E-03,      -2.05466,      -2.02330,  -873.833E-03,   192.442E-03
F:/Desktop/DeepOnet_Abaqus/StaticElasticJob.odb,Step-1,Increment      1: Step Time =    1.000,"PLATE-1",          1049,             1,  -564.134E-03,   141.174E-03,            0.,"ASSEMBLY_PLATE-1__PICKEDSET2","ROCK","",      -1.10873,      -1.56017,      -1.48009,      -1.18881,  -172.455E-03
F:/Desktop/DeepOnet_Abaqus/StaticElasticJob.odb,Step-1,Increment      1: Step Time =    1.000,"PLATE-1",          1050,             1,   194.706E-03,   463.504E-03,            0.,"ASSEMBLY_PLATE-1__PICKEDSET2","ROCK","",  -863.744E-03,      -2.16794,      -2.15030,  -881.386E-03,   150.653E-03
F:/Desktop/DeepOnet_Abaqus/StaticElasticJob.odb,Step-1,Increment      1: Step Time =    1.000,"PLATE-1",          1051,             1,   129.632E-03,   489.558E-03,            0.,"ASSEMBLY_PLATE-1__PICKEDSET2","ROCK","",  -908.892E-03,      -2.16615,      -2.15562,  -919.422E-03,   114.580E-03
F:/Desktop/DeepOnet_Abaqus/StaticElasticJob.odb,Step-1,Increment      1: Step Time =    1.000,"PLATE-1",          1052,             1,  -539.428E-03,  -271.048E-03,            0.,"ASSEMBLY_PLATE-1__PICKEDSET2","ROCK","",      -1.02833,      -1.78163,      -1.70934,      -1.10061,   221.873E-03
F:/Desktop/DeepOnet_Abaqus/StaticElasticJob.odb,Step-1,Increment      1: Step Time =    1.000,"PLATE-1",          1053,             1,   103.592E-03,  -495.926E-03,            0.,"ASSEMBLY_PLATE-1__PICKEDSET2","ROCK","",  -774.633E-03,      -2.09331,      -2.08653,  -781.417E-03,  -94.3417E-03
F:/Desktop/DeepOnet_Abaqus/StaticElasticJob.odb,Step-1,Increment      1: Step Time =    1.000,"PLATE-1",          1054,             1,  -214.063E-03,   485.565E-03,            0.,"ASSEMBLY_PLATE-1__PICKEDSET2","ROCK","",  -918.269E-03,      -2.10305,      -2.09852,  -922.799E-03,  -73.1218E-03
F:/Desktop/DeepOnet_Abaqus/StaticElasticJob.odb,Step-1,Increment      1: Step Time =    1.000,"PLATE-1",          1055,             1,   457.789E-03,   256.500E-03,            0.,"ASSEMBLY_PLATE-1__PICKEDSET2","ROCK","",  -848.416E-03,      -1.84650,      -1.71926,  -975.656E-03,   332.876E-03
F:/Desktop/DeepOnet_Abaqus/StaticElasticJob.odb,Step-1,Increment      1: Step Time =    1.000,"PLATE-1",          1056,             1,   350.621E-03,   482.724E-03,            0.,"ASSEMBLY_PLATE-1__PICKEDSET2","ROCK","",  -824.165E-03,      -2.05704,      -2.03246,  -848.745E-03,   172.336E-03
F:/Desktop/DeepOnet_Abaqus/StaticElasticJob.odb,Step-1,Increment      1: Step Time =    1.000,"PLATE-1",          1057,             1,  -111.918E-03,   532.519E-03,            0.,"ASSEMBLY_PLATE-1__PICKEDSET2","ROCK","",  -967.178E-03,      -2.11466,      -2.11463,  -967.206E-03,   5.59027E-03
F:/Desktop/DeepOnet_Abaqus/StaticElasticJob.odb,Step-1,Increment      1: Step Time =    1.000,"PLATE-1",          1058,             1,   18.4472E-03,  -445.857E-03,            0.,"ASSEMBLY_PLATE-1__PICKEDSET2","ROCK","",  -682.424E-03,      -2.18388,      -2.18378,  -682.522E-03,  -12.1529E-03
F:/Desktop/DeepOnet_Abaqus/StaticElasticJob.odb,Step-1,Increment      1: Step Time =    1.000,"PLATE-1",          1059,             1,   77.0731E-03,  -515.214E-03,            0.,"ASSEMBLY_PLATE-1__PICKEDSET2","ROCK","",  -777.219E-03,      -2.08755,      -2.08434,  -780.430E-03,  -64.7791E-03
F:/Desktop/DeepOnet_Abaqus/StaticElasticJob.odb,Step-1,Increment      1: Step Time =    1.000,"PLATE-1",          1060,             1,   571.250E-03,   255.683E-03,            0.,"ASSEMBLY_PLATE-1__PICKEDSET2","ROCK","",  -938.575E-03,      -1.75086,      -1.68450,      -1.00493,   222.482E-03
F:/Desktop/DeepOnet_Abaqus/StaticElasticJob.odb,Step-1,Increment      1: Step Time =    1.000,"PLATE-1",          1061,             1,   472.888E-03,   309.736E-03,            0.,"ASSEMBLY_PLATE-1__PICKEDSET2","ROCK","",  -846.650E-03,      -1.88438,      -1.79998,  -931.043E-03,   283.646E-03
F:/Desktop/DeepOnet_Abaqus/StaticElasticJob.odb,Step-1,Increment      1: Step Time =    1.000,"PLATE-1",          1062,             1,  -318.829E-03,   460.872E-03,            0.,"ASSEMBLY_PLATE-1__PICKEDSET2","ROCK","",  -894.981E-03,      -2.03597,      -2.01750,  -913.450E-03,  -143.984E-03
F:/Desktop/DeepOnet_Abaqus/StaticElasticJob.odb,Step-1,Increment      1: Step Time =    1.000,"PLATE-1",          1063,             1,   232.664E-03,   502.151E-03,            0.,"ASSEMBLY_PLATE-1__PICKEDSET2","ROCK","",  -860.013E-03,      -2.12465,      -2.10742,  -877.244E-03,   146.607E-03
F:/Desktop/DeepOnet_Abaqus/StaticElasticJob.odb,Step-1,Increment      1: Step Time =    1.000,"PLATE-1",          1064,             1,  -295.173E-03,  -478.658E-03,            0.,"ASSEMBLY_PLATE-1__PICKEDSET2","ROCK","",  -924.038E-03,      -1.97468,      -1.93584,  -962.876E-03,   198.234E-03
F:/Desktop/DeepOnet_Abaqus/StaticElasticJob.odb,Step-1,Increment      1: Step Time =    1.000,"PLATE-1",          1065,             1,   270.637E-03,  -468.300E-03,            0.,"ASSEMBLY_PLATE-1__PICKEDSET2","ROCK","",  -876.822E-03,      -1.99372,      -1.96161,  -908.929E-03,  -186.626E-03
F:/Desktop/DeepOnet_Abaqus/StaticElasticJob.odb,Step-1,Increment      1: Step Time =    1.000,"PLATE-1",          1066,             1,   314.607E-03,  -453.014E-03,            0.,"ASSEMBLY_PLATE-1__PICKEDSET2","ROCK","",  -904.339E-03,      -1.96338,      -1.92704,  -940.679E-03,  -192.783E-03
F:/Desktop/DeepOnet_Abaqus/StaticElasticJob.odb,Step-1,Increment      1: Step Time =    1.000,"PLATE-1",          1067,             1,   572.798E-03,  -98.2193E-03,            0.,"ASSEMBLY_PLATE-1__PICKEDSET2","ROCK","",      -1.13837,      -1.51980,      -1.47702,      -1.18116,  -120.374E-03
F:/Desktop/DeepOnet_Abaqus/StaticElasticJob.odb,Step-1,Increment      1: Step Time =    1.000,"PLATE-1",          1068,             1,   527.644E-03,  -277.097E-03,            0.,"ASSEMBLY_PLATE-1__PICKEDSET2","ROCK","",  -993.176E-03,      -1.77302,      -1.71005,      -1.05615,  -212.474E-03
F:/Desktop/DeepOnet_Abaqus/StaticElasticJob.odb,Step-1,Increment      1: Step Time =    1.000,"PLATE-1",          1069,             1,  -58.6870E-03,   521.845E-03,            0.,"ASSEMBLY_PLATE-1__PICKEDSET2","ROCK","",  -972.194E-03,      -2.13477,      -2.13391,  -973.054E-03,   31.6095E-03
F:/Desktop/DeepOnet_Abaqus/StaticElasticJob.odb,Step-1,Increment      1: Step Time =    1.000,"PLATE-1",          1070,             1,   24.6980E-03,   504.189E-03,            0.,"ASSEMBLY_PLATE-1__PICKEDSET2","ROCK","",  -956.421E-03,      -2.16116,      -2.15758,  -959.997E-03,   65.5372E-03
F:/Desktop/DeepOnet_Abaqus/StaticElasticJob.odb,Step-1,Increment      1: Step Time =    1.000,"PLATE-1",          1071,             1,  -590.137E-03,  -311.714E-03,            0.,"ASSEMBLY_PLATE-1__PICKEDSET2","ROCK","",      -1.03073,      -1.77643,      -1.73029,      -1.07686,   179.652E-03
F:/Desktop/DeepOnet_Abaqus/StaticElasticJob.odb,Step-1,Increment      1: Step Time =    1.000,"PLATE-1",          1072,             1,   330.544E-03,   557.221E-03,            0.,"ASSEMBLY_PLATE-1__PICKEDSET2","ROCK","",  -838.022E-03,      -2.07112,      -2.05746,  -851.681E-03,   129.060E-03
F:/Desktop/DeepOnet_Abaqus/StaticElasticJob.odb,Step-1,Increment      1: Step Time =    1.000,"PLATE-1",          1073,             1,  -497.814E-03,  -422.055E-03,            0.,"ASSEMBLY_PLATE-1__PICKEDSET2","ROCK","",  -996.561E-03,      -1.85334,      -1.81672,      -1.03318,   173.305E-03
F:/Desktop/DeepOnet_Abaqus/StaticElasticJob.odb,Step-1,Increment      1: Step Time =    1.000,"PLATE-1",          1074,             1,   228.948E-03,  -544.605E-03,            0.,"ASSEMBLY_PLATE-1__PICKEDSET2","ROCK","",  -871.828E-03,      -1.98683,      -1.97207,  -886.591E-03,  -127.449E-03
F:/Desktop/DeepOnet_Abaqus/StaticElasticJob.odb,Step-1,Increment      1: Step Time =    1.000,"PLATE-1",          1075,             1,   580.777E-03,  -254.712E-03,            0.,"ASSEMBLY_PLATE-1__PICKEDSET2","ROCK","",      -1.02037,      -1.72074,      -1.67040,      -1.07071,  -180.898E-03
F:/Desktop/DeepOnet_Abaqus/StaticElasticJob.odb,Step-1,Increment      1: Step Time =    1.000,"PLATE-1",          1076,             1,  -683.269E-03,   90.4748E-03,            0.,"ASSEMBLY_PLATE-1__PICKEDSET2","ROCK","",      -1.16742,      -1.54613,      -1.53726,      -1.17629,  -57.2858E-03
F:/Desktop/DeepOnet_Abaqus/StaticElasticJob.odb,Step-1,Increment      1: Step Time =    1.000,"PLATE-1",          1077,             1,   557.727E-03,  -329.993E-03,            0.,"ASSEMBLY_PLATE-1__PICKEDSET2","ROCK","",  -987.563E-03,      -1.78731,      -1.74592,      -1.02895,  -177.164E-03
F:/Desktop/DeepOnet_Abaqus/StaticElasticJob.odb,Step-1,Increment      1: Step Time =    1.000,"PLATE-1",          1078,             1,   25.0910E-03,   563.409E-03,            0.,"ASSEMBLY_PLATE-1__PICKEDSET2","ROCK","",  -982.827E-03,      -2.11463,      -2.11020,  -987.257E-03,   70.6634E-03
F:/Desktop/DeepOnet_Abaqus/StaticElasticJob.odb,Step-1,Increment      1: Step Time =    1.000,"PLATE-1",          1079,             1,  -516.583E-03,   397.313E-03,            0.,"ASSEMBLY_PLATE-1__PICKEDSET2","ROCK","",  -941.697E-03,      -1.86417,      -1.82366,  -982.205E-03,  -189.017E-03
F:/Desktop/DeepOnet_Abaqus/StaticElasticJob.odb,Step-1,Increment      1: Step Time =    1.000,"PLATE-1",          1080,             1,  -368.421E-03,   343.925E-03,            0.,"ASSEMBLY_PLATE-1__PICKEDSET2","ROCK","",  -838.654E-03,      -1.98620,      -1.90909,  -915.761E-03,  -287.294E-03
F:/Desktop/DeepOnet_Abaqus/StaticElasticJob.odb,Step-1,Increment      1: Step Time =    1.000,"PLATE-1",          1081,             1,  -313.912E-03,  -529.928E-03,            0.,"ASSEMBLY_PLATE-1__PICKEDSET2","ROCK","",  -940.013E-03,      -1.94253,      -1.91444,  -968.106E-03,   165.453E-03
F:/Desktop/DeepOnet_Abaqus/StaticElasticJob.odb,Step-1,Increment      1: Step Time =    1.000,"PLATE-1",          1082,             1,   492.064E-03,  -403.209E-03,            0.,"ASSEMBLY_PLATE-1__PICKEDSET2","ROCK","",  -962.837E-03,      -1.84553,      -1.81164,  -996.728E-03,  -169.607E-03
F:/Desktop/DeepOnet_Abaqus/StaticElasticJob.odb,Step-1,Increment      1: Step Time =    1.000,"PLATE-1",          1083,             1,  -272.470E-03,   450.121E-03,            0.,"ASSEMBLY_PLATE-1__PICKEDSET2","ROCK","",  -888.027E-03,      -2.07687,      -2.06210,  -902.804E-03,  -131.715E-03
F:/Desktop/DeepOnet_Abaqus/StaticElasticJob.odb,Step-1,Increment      1: Step Time =    1.000,"PLATE-1",          1084,             1,  -204.189E-03,   540.160E-03,            0.,"ASSEMBLY_PLATE-1__PICKEDSET2","ROCK","",  -953.089E-03,      -2.07741,      -2.07608,  -954.418E-03,  -38.6309E-03
F:/Desktop/DeepOnet_Abaqus/StaticElasticJob.odb,Step-1,Increment      1: Step Time =    1.000,"PLATE-1",          1085,             1,  -50.5532E-03,  -578.679E-03,            0.,"ASSEMBLY_PLATE-1__PICKEDSET2","ROCK","",  -833.712E-03,      -2.03044,      -2.02807,  -836.078E-03,   53.1539E-03
F:/Desktop/DeepOnet_Abaqus/StaticElasticJob.odb,Step-1,Increment      1: Step Time =    1.000,"PLATE-1",          1086,             1,  -12.5288E-03,  -551.165E-03,            0.,"ASSEMBLY_PLATE-1__PICKEDSET2","ROCK","",  -806.255E-03,      -2.05871,      -2.05801,  -806.948E-03,   29.4571E-03
F:/Desktop/DeepOnet_Abaqus/StaticElasticJob.odb,Step-1,Increment      1: Step Time =    1.000,"PLATE-1",          1087,             1,  -263.137E-03,   498.844E-03,            0.,"ASSEMBLY_PLATE-1__PICKEDSET2","ROCK","",  -917.617E-03,      -2.06412,      -2.05649,  -925.249E-03,  -93.2321E-03
F:/Desktop/DeepOnet_Abaqus/StaticElasticJob.odb,Step-1,Increment      1: Step Time =    1.000,"PLATE-1",          1088,             1,   190.924E-03,  -389.768E-03,            0.,"ASSEMBLY_PLATE-1__PICKEDSET2","ROCK","",  -753.329E-03,      -2.14797,      -2.08950,  -811.801E-03,  -279.514E-03
F:/Desktop/DeepOnet_Abaqus/StaticElasticJob.odb,Step-1,Increment      1: Step Time =    1.000,"PLATE-1",          1089,             1,   195.649E-03,   544.934E-03,            0.,"ASSEMBLY_PLATE-1__PICKEDSET2","ROCK","",  -894.519E-03,      -2.12418,      -2.11307,  -905.626E-03,   116.338E-03
F:/Desktop/DeepOnet_Abaqus/StaticElasticJob.odb,Step-1,Increment      1: Step Time =    1.000,"PLATE-1",          1090,             1,  -625.431E-03,   148.910E-03,            0.,"ASSEMBLY_PLATE-1__PICKEDSET2","ROCK","",      -1.12520,      -1.57912,      -1.53959,      -1.16473,  -127.990E-03
F:/Desktop/DeepOnet_Abaqus/StaticElasticJob.odb,Step-1,Increment      1: Step Time =    1.000,"PLATE-1",          1091,             1,  -625.612E-03,   92.2794E-03,            0.,"ASSEMBLY_PLATE-1__PICKEDSET2","ROCK","",      -1.17837,      -1.51068,      -1.48967,      -1.19938,  -80.8708E-03
F:/Desktop/DeepOnet_Abaqus/StaticElasticJob.odb,Step-1,Increment      1: Step Time =    1.000,"PLATE-1",          1092,             1,  -632.174E-03,  -261.900E-03,            0.,"ASSEMBLY_PLATE-1__PICKEDSET2","ROCK","",      -1.05425,      -1.73195,      -1.68488,      -1.10132,   172.285E-03
F:/Desktop/DeepOnet_Abaqus/StaticElasticJob.odb,Step-1,Increment      1: Step Time =    1.000,"PLATE-1",          1093,             1,   578.741E-03,  -8.09922E-03,            0.,"ASSEMBLY_PLATE-1__PICKEDSET2","ROCK","",      -1.20548,      -1.42340,      -1.42333,      -1.20555,   3.94927E-03
F:/Desktop/DeepOnet_Abaqus/StaticElasticJob.odb,Step-1,Increment      1: Step Time =    1.000,"PLATE-1",          1094,             1,   657.018E-03,   247.596E-03,            0.,"ASSEMBLY_PLATE-1__PICKEDSET2","ROCK","",  -981.328E-03,      -1.71165,      -1.67923,      -1.01375,   150.418E-03
F:/Desktop/DeepOnet_Abaqus/StaticElasticJob.odb,Step-1,Increment      1: Step Time =    1.000,"PLATE-1",          1095,             1,  -641.518E-03,  -345.211E-03,            0.,"ASSEMBLY_PLATE-1__PICKEDSET2","ROCK","",      -1.03284,      -1.77022,      -1.73797,      -1.06509,   150.796E-03
F:/Desktop/DeepOnet_Abaqus/StaticElasticJob.odb,Step-1,Increment      1: Step Time =    1.000,"PLATE-1",          1096,             1,  -499.057E-03,  -478.902E-03,            0.,"ASSEMBLY_PLATE-1__PICKEDSET2","ROCK","",  -993.466E-03,      -1.85531,      -1.82824,      -1.02053,   150.314E-03
F:/Desktop/DeepOnet_Abaqus/StaticElasticJob.odb,Step-1,Increment      1: Step Time =    1.000,"PLATE-1",          1097,             1,   579.189E-03,   49.7994E-03,            0.,"ASSEMBLY_PLATE-1__PICKEDSET2","ROCK","",      -1.16387,      -1.46124,      -1.43771,      -1.18741,   80.2781E-03
F:/Desktop/DeepOnet_Abaqus/StaticElasticJob.odb,Step-1,Increment      1: Step Time =    1.000,"PLATE-1",          1098,             1,   620.052E-03,   96.9355E-03,            0.,"ASSEMBLY_PLATE-1__PICKEDSET2","ROCK","",      -1.10112,      -1.55228,      -1.52307,      -1.13032,   111.004E-03
F:/Desktop/DeepOnet_Abaqus/StaticElasticJob.odb,Step-1,Increment      1: Step Time =    1.000,"PLATE-1",          1099,             1,  -667.945E-03,  -128.296E-03,            0.,"ASSEMBLY_PLATE-1__PICKEDSET2","ROCK","",      -1.13518,      -1.60349,      -1.57362,      -1.16506,   114.455E-03
F:/Desktop/DeepOnet_Abaqus/StaticElasticJob.odb,Step-1,Increment      1: Step Time =    1.000,"PLATE-1",          1100,             1,   553.445E-03,   346.806E-03,            0.,"ASSEMBLY_PLATE-1__PICKEDSET2","ROCK","",  -884.956E-03,      -1.84463,      -1.79611,  -933.479E-03,   210.266E-03
F:/Desktop/DeepOnet_Abaqus/StaticElasticJob.odb,Step-1,Increment      1: Step Time =    1.000,"PLATE-1",          1101,             1,  -170.383E-03,   576.015E-03,            0.,"ASSEMBLY_PLATE-1__PICKEDSET2","ROCK","",  -980.923E-03,      -2.07169,      -2.07160,  -981.012E-03,  -9.89078E-03
F:/Desktop/DeepOnet_Abaqus/StaticElasticJob.odb,Step-1,Increment      1: Step Time =    1.000,"PLATE-1",          1102,             1,  -518.053E-03,   283.162E-03,            0.,"ASSEMBLY_PLATE-1__PICKEDSET2","ROCK","",  -964.927E-03,      -1.77834,      -1.69638,      -1.04689,  -244.847E-03
F:/Desktop/DeepOnet_Abaqus/StaticElasticJob.odb,Step-1,Increment      1: Step Time =    1.000,"PLATE-1",          1103,             1,  -637.431E-03,   280.872E-03,            0.,"ASSEMBLY_PLATE-1__PICKEDSET2","ROCK","",      -1.03460,      -1.71154,      -1.66997,      -1.07617,  -162.516E-03
F:/Desktop/DeepOnet_Abaqus/StaticElasticJob.odb,Step-1,Increment      1: Step Time =    1.000,"PLATE-1",          1104,             1,  -449.573E-03,   301.608E-03,            0.,"ASSEMBLY_PLATE-1__PICKEDSET2","ROCK","",  -900.075E-03,      -1.85887,      -1.76097,  -997.967E-03,  -290.303E-03
F:/Desktop/DeepOnet_Abaqus/StaticElasticJob.odb,Step-1,Increment      1: Step Time =    1.000,"PLATE-1",          1105,             1,   377.254E-03,  -525.233E-03,            0.,"ASSEMBLY_PLATE-1__PICKEDSET2","ROCK","",  -932.635E-03,      -1.90611,      -1.88637,  -952.378E-03,  -137.221E-03
F:/Desktop/DeepOnet_Abaqus/StaticElasticJob.odb,Step-1,Increment      1: Step Time =    1.000,"PLATE-1",          1106,             1,   595.190E-03,  -38.6339E-03,            0.,"ASSEMBLY_PLATE-1__PICKEDSET2","ROCK","",      -1.17747,      -1.47032,      -1.46680,      -1.18099,  -31.9263E-03
F:/Desktop/DeepOnet_Abaqus/StaticElasticJob.odb,Step-1,Increment      1: Step Time =    1.000,"PLATE-1",          1107,             1,   552.313E-03,  -402.950E-03,            0.,"ASSEMBLY_PLATE-1__PICKEDSET2","ROCK","",  -973.903E-03,      -1.81528,      -1.78727,      -1.00192,  -150.950E-03
F:/Desktop/DeepOnet_Abaqus/StaticElasticJob.odb,Step-1,Increment      1: Step Time =    1.000,"PLATE-1",          1108,             1,   608.214E-03,  -307.711E-03,            0.,"ASSEMBLY_PLATE-1__PICKEDSET2","ROCK","",      -1.00413,      -1.75413,      -1.71786,      -1.04041,  -160.905E-03
F:/Desktop/DeepOnet_Abaqus/StaticElasticJob.odb,Step-1,Increment      1: Step Time =    1.000,"PLATE-1",          1109,             1,   132.502E-03,   531.293E-03,            0.,"ASSEMBLY_PLATE-1__PICKEDSET2","ROCK","",  -924.147E-03,      -2.13705,      -2.12846,  -932.741E-03,   101.733E-03
F:/Desktop/DeepOnet_Abaqus/StaticElasticJob.odb,Step-1,Increment      1: Step Time =    1.000,"PLATE-1",          1110,             1,  -363.727E-03,  -499.458E-03,            0.,"ASSEMBLY_PLATE-1__PICKEDSET2","ROCK","",  -959.204E-03,      -1.92127,      -1.88985,  -990.620E-03,   170.990E-03
F:/Desktop/DeepOnet_Abaqus/StaticElasticJob.odb,Step-1,Increment      1: Step Time =    1.000,"PLATE-1",          1111,             1,  -121.725E-03,  -569.712E-03,            0.,"ASSEMBLY_PLATE-1__PICKEDSET2","ROCK","",  -852.958E-03,      -2.01729,      -2.00904,  -861.210E-03,   97.6751E-03
F:/Desktop/DeepOnet_Abaqus/StaticElasticJob.odb,Step-1,Increment      1: Step Time =    1.000,"PLATE-1",          1112,             1,  -674.883E-03,  -213.077E-03,            0.,"ASSEMBLY_PLATE-1__PICKEDSET2","ROCK","",      -1.08357,      -1.68273,      -1.64401,      -1.12229,   147.309E-03
F:/Desktop/DeepOnet_Abaqus/StaticElasticJob.odb,Step-1,Increment      1: Step Time =    1.000,"PLATE-1",          1113,             1,   373.952E-03,   539.929E-03,            0.,"ASSEMBLY_PLATE-1__PICKEDSET2","ROCK","",  -826.909E-03,      -2.04487,      -2.02928,  -842.491E-03,   136.878E-03
F:/Desktop/DeepOnet_Abaqus/StaticElasticJob.odb,Step-1,Increment      1: Step Time =    1.000,"PLATE-1",          1114,             1,  -437.451E-03,  -504.813E-03,            0.,"ASSEMBLY_PLATE-1__PICKEDSET2","ROCK","",  -981.770E-03,      -1.87845,      -1.85186,      -1.00836,   152.104E-03
F:/Desktop/DeepOnet_Abaqus/StaticElasticJob.odb,Step-1,Increment      1: Step Time =    1.000,"PLATE-1",          1115,             1,  -254.281E-03,   553.613E-03,            0.,"ASSEMBLY_PLATE-1__PICKEDSET2","ROCK","",  -948.559E-03,      -2.05718,      -2.05475,  -950.997E-03,  -51.9321E-03
F:/Desktop/DeepOnet_Abaqus/StaticElasticJob.odb,Step-1,Increment      1: Step Time =    1.000,"PLATE-1",          1116,             1,  -161.087E-03,   531.106E-03,            0.,"ASSEMBLY_PLATE-1__PICKEDSET2","ROCK","",  -960.292E-03,      -2.10108,      -2.10081,  -960.559E-03,  -17.4267E-03
F:/Desktop/DeepOnet_Abaqus/StaticElasticJob.odb,Step-1,Increment      1: Step Time =    1.000,"PLATE-1",          1117,             1,   265.486E-03,   541.363E-03,            0.,"ASSEMBLY_PLATE-1__PICKEDSET2","ROCK","",  -857.859E-03,      -2.10305,      -2.08878,  -872.128E-03,   132.529E-03
F:/Desktop/DeepOnet_Abaqus/StaticElasticJob.odb,Step-1,Increment      1: Step Time =    1.000,"PLATE-1",          1118,             1,  -256.089E-03,  -552.955E-03,            0.,"ASSEMBLY_PLATE-1__PICKEDSET2","ROCK","",  -911.178E-03,      -1.96697,      -1.94520,  -932.950E-03,   150.045E-03
F:/Desktop/DeepOnet_Abaqus/StaticElasticJob.odb,Step-1,Increment      1: Step Time =    1.000,"PLATE-1",          1119,             1,   670.165E-03,   294.942E-03,            0.,"ASSEMBLY_PLATE-1__PICKEDSET2","ROCK","",  -956.507E-03,      -1.74880,      -1.72379,  -981.514E-03,   138.519E-03
F:/Desktop/DeepOnet_Abaqus/StaticElasticJob.odb,Step-1,Increment      1: Step Time =    1.000,"PLATE-1",          1120,             1,   168.899E-03,  -507.434E-03,            0.,"ASSEMBLY_PLATE-1__PICKEDSET2","ROCK","",  -821.358E-03,      -2.04791,      -2.03205,  -837.219E-03,  -138.578E-03
F:/Desktop/DeepOnet_Abaqus/StaticElasticJob.odb,Step-1,Increment      1: Step Time =    1.000,"PLATE-1",          1121,             1,  -613.778E-03,  -389.527E-03,            0.,"ASSEMBLY_PLATE-1__PICKEDSET2","ROCK","",      -1.01995,      -1.79483,      -1.76382,      -1.05096,   151.892E-03
F:/Desktop/DeepOnet_Abaqus/StaticElasticJob.odb,Step-1,Increment      1: Step Time =    1.000,"PLATE-1",          1122,             1,  -601.424E-03,  -447.959E-03,            0.,"ASSEMBLY_PLATE-1__PICKEDSET2","ROCK","",      -1.01055,      -1.81192,      -1.78690,      -1.03556,   139.359E-03
F:/Desktop/DeepOnet_Abaqus/StaticElasticJob.odb,Step-1,Increment      1: Step Time =    1.000,"PLATE-1",          1123,             1,   33.5909E-03,  -594.406E-03,            0.,"ASSEMBLY_PLATE-1__PICKEDSET2","ROCK","",  -838.937E-03,      -2.01902,      -2.01897,  -838.985E-03,  -7.51597E-03
F:/Desktop/DeepOnet_Abaqus/StaticElasticJob.odb,Step-1,Increment      1: Step Time =    1.000,"PLATE-1",          1124,             1,   455.606E-03,   444.444E-03,            0.,"ASSEMBLY_PLATE-1__PICKEDSET2","ROCK","",  -823.972E-03,      -1.98112,      -1.94951,  -855.580E-03,   188.618E-03
F:/Desktop/DeepOnet_Abaqus/StaticElasticJob.odb,Step-1,Increment      1: Step Time =    1.000,"PLATE-1",          1125,             1,   492.472E-03,   366.588E-03,            0.,"ASSEMBLY_PLATE-1__PICKEDSET2","ROCK","",  -844.034E-03,      -1.91398,      -1.86018,  -897.836E-03,   233.820E-03
F:/Desktop/DeepOnet_Abaqus/StaticElasticJob.odb,Step-1,Increment      1: Step Time =    1.000,"PLATE-1",          1126,             1,   590.735E-03,  -378.566E-03,            0.,"ASSEMBLY_PLATE-1__PICKEDSET2","ROCK","",  -984.188E-03,      -1.79606,      -1.76791,      -1.01234,  -148.537E-03
F:/Desktop/DeepOnet_Abaqus/StaticElasticJob.odb,Step-1,Increment      1: Step Time =    1.000,"PLATE-1",          1127,             1,  -396.426E-03,  -549.965E-03,            0.,"ASSEMBLY_PLATE-1__PICKEDSET2","ROCK","",  -969.957E-03,      -1.89425,      -1.87201,  -992.193E-03,   141.624E-03
F:/Desktop/DeepOnet_Abaqus/StaticElasticJob.odb,Step-1,Increment      1: Step Time =    1.000,"PLATE-1",          1128,             1,  -341.066E-03,  -587.069E-03,            0.,"ASSEMBLY_PLATE-1__PICKEDSET2","ROCK","",  -952.491E-03,      -1.91184,      -1.89363,  -970.708E-03,   130.938E-03
F:/Desktop/DeepOnet_Abaqus/StaticElasticJob.odb,Step-1,Increment      1: Step Time =    1.000,"PLATE-1",          1129,             1,   137.696E-03,  -497.956E-03,            0.,"ASSEMBLY_PLATE-1__PICKEDSET2","ROCK","",  -790.961E-03,      -2.07525,      -2.06410,  -802.108E-03,  -119.128E-03
F:/Desktop/DeepOnet_Abaqus/StaticElasticJob.odb,Step-1,Increment      1: Step Time =    1.000,"PLATE-1",          1130,             1,  -417.583E-03,   427.483E-03,            0.,"ASSEMBLY_PLATE-1__PICKEDSET2","ROCK","",  -901.163E-03,      -1.95719,      -1.92306,  -935.300E-03,  -186.773E-03
F:/Desktop/DeepOnet_Abaqus/StaticElasticJob.odb,Step-1,Increment      1: Step Time =    1.000,"PLATE-1",          1131,             1,   102.885E-03,  -567.218E-03,            0.,"ASSEMBLY_PLATE-1__PICKEDSET2","ROCK","",  -832.718E-03,      -2.02726,      -2.02438,  -835.594E-03,  -58.5457E-03
F:/Desktop/DeepOnet_Abaqus/StaticElasticJob.odb,Step-1,Increment      1: Step Time =    1.000,"PLATE-1",          1132,             1,   328.905E-03,  -508.626E-03,            0.,"ASSEMBLY_PLATE-1__PICKEDSET2","ROCK","",  -918.562E-03,      -1.93111,      -1.90854,  -941.136E-03,  -149.493E-03
F:/Desktop/DeepOnet_Abaqus/StaticElasticJob.odb,Step-1,Increment      1: Step Time =    1.000,"PLATE-1",          1133,             1,   631.419E-03,  -239.495E-03,            0.,"ASSEMBLY_PLATE-1__PICKEDSET2","ROCK","",      -1.03787,      -1.69347,      -1.65711,      -1.07423,  -150.054E-03
F:/Desktop/DeepOnet_Abaqus/StaticElasticJob.odb,Step-1,Increment      1: Step Time =    1.000,"PLATE-1",          1134,             1,   672.262E-03,  -217.599E-03,            0.,"ASSEMBLY_PLATE-1__PICKEDSET2","ROCK","",      -1.04829,      -1.67643,      -1.64992,      -1.07481,  -126.297E-03
F:/Desktop/DeepOnet_Abaqus/StaticElasticJob.odb,Step-1,Increment      1: Step Time =    1.000,"PLATE-1",          1135,             1,   616.166E-03,  -71.5325E-03,            0.,"ASSEMBLY_PLATE-1__PICKEDSET2","ROCK","",      -1.15015,      -1.51912,      -1.50548,      -1.16378,  -69.5971E-03
F:/Desktop/DeepOnet_Abaqus/StaticElasticJob.odb,Step-1,Increment      1: Step Time =    1.000,"PLATE-1",          1136,             1,  -566.837E-03,   305.610E-03,            0.,"ASSEMBLY_PLATE-1__PICKEDSET2","ROCK","",  -989.064E-03,      -1.76388,      -1.70672,      -1.04623,  -202.548E-03
F:/Desktop/DeepOnet_Abaqus/StaticElasticJob.odb,Step-1,Increment      1: Step Time =    1.000,"PLATE-1",          1137,             1,  -589.367E-03,   257.326E-03,            0.,"ASSEMBLY_PLATE-1__PICKEDSET2","ROCK","",      -1.02526,      -1.70964,      -1.64960,      -1.08530,  -193.615E-03
F:/Desktop/DeepOnet_Abaqus/StaticElasticJob.odb,Step-1,Increment      1: Step Time =    1.000,"PLATE-1",          1138,             1,  -811.499E-03,  -137.623E-03,            0.,"ASSEMBLY_PLATE-1__PICKEDSET2","ROCK","",      -1.10740,      -1.65031,      -1.63934,      -1.11837,   76.4031E-03
F:/Desktop/DeepOnet_Abaqus/StaticElasticJob.odb,Step-1,Increment      1: Step Time =    1.000,"PLATE-1",          1139,             1,  -720.025E-03,  -249.373E-03,            0.,"ASSEMBLY_PLATE-1__PICKEDSET2","ROCK","",      -1.07288,      -1.70138,      -1.67377,      -1.10049,   128.788E-03
F:/Desktop/DeepOnet_Abaqus/StaticElasticJob.odb,Step-1,Increment      1: Step Time =    1.000,"PLATE-1",          1140,             1,   628.718E-03,  -195.546E-03,            0.,"ASSEMBLY_PLATE-1__PICKEDSET2","ROCK","",      -1.05866,      -1.65866,      -1.62238,      -1.09493,  -143.004E-03
F:/Desktop/DeepOnet_Abaqus/StaticElasticJob.odb,Step-1,Increment      1: Step Time =    1.000,"PLATE-1",          1141,             1,  -445.019E-03,  -593.586E-03,            0.,"ASSEMBLY_PLATE-1__PICKEDSET2","ROCK","",  -978.125E-03,      -1.87064,      -1.85466,  -994.106E-03,   118.353E-03
F:/Desktop/DeepOnet_Abaqus/StaticElasticJob.odb,Step-1,Increment      1: Step Time =    1.000,"PLATE-1",          1142,             1,   107.979E-03,   594.098E-03,            0.,"ASSEMBLY_PLATE-1__PICKEDSET2","ROCK","",  -953.191E-03,      -2.11221,      -2.10533,  -960.075E-03,   89.0620E-03
F:/Desktop/DeepOnet_Abaqus/StaticElasticJob.odb,Step-1,Increment      1: Step Time =    1.000,"PLATE-1",          1143,             1,  -574.360E-03,  -506.649E-03,            0.,"ASSEMBLY_PLATE-1__PICKEDSET2","ROCK","",      -1.00153,      -1.83069,      -1.80990,      -1.02233,   129.653E-03
F:/Desktop/DeepOnet_Abaqus/StaticElasticJob.odb,Step-1,Increment      1: Step Time =    1.000,"PLATE-1",          1144,             1,  -664.162E-03,  -392.554E-03,            0.,"ASSEMBLY_PLATE-1__PICKEDSET2","ROCK","",      -1.02747,      -1.77822,      -1.75277,      -1.05293,   135.881E-03
F:/Desktop/DeepOnet_Abaqus/StaticElasticJob.odb,Step-1,Increment      1: Step Time =    1.000,"PLATE-1",          1145,             1,  -748.294E-03,  -65.9264E-03,            0.,"ASSEMBLY_PLATE-1__PICKEDSET2","ROCK","",      -1.14404,      -1.59617,      -1.58842,      -1.15179,   58.6777E-03
F:/Desktop/DeepOnet_Abaqus/StaticElasticJob.odb,Step-1,Increment      1: Step Time =    1.000,"PLATE-1",          1146,             1,   707.189E-03,   215.046E-03,            0.,"ASSEMBLY_PLATE-1__PICKEDSET2","ROCK","",      -1.00538,      -1.68966,      -1.66798,      -1.02706,   119.861E-03
F:/Desktop/DeepOnet_Abaqus/StaticElasticJob.odb,Step-1,Increment      1: Step Time =    1.000,"PLATE-1",          1147,             1,   681.747E-03,   361.694E-03,            0.,"ASSEMBLY_PLATE-1__PICKEDSET2","ROCK","",  -926.974E-03,      -1.78766,      -1.76850,  -946.134E-03,   126.979E-03
F:/Desktop/DeepOnet_Abaqus/StaticElasticJob.odb,Step-1,Increment      1: Step Time =    1.000,"PLATE-1",          1148,             1,   573.137E-03,   406.392E-03,            0.,"ASSEMBLY_PLATE-1__PICKEDSET2","ROCK","",  -870.735E-03,      -1.87502,      -1.84714,  -898.617E-03,   164.995E-03
F:/Desktop/DeepOnet_Abaqus/StaticElasticJob.odb,Step-1,Increment      1: Step Time =    1.000,"PLATE-1",          1149,             1,  -687.024E-03,   143.556E-03,            0.,"ASSEMBLY_PLATE-1__PICKEDSET2","ROCK","",      -1.12886,      -1.59080,      -1.57210,      -1.14756,  -91.0452E-03
F:/Desktop/DeepOnet_Abaqus/StaticElasticJob.odb,Step-1,Increment      1: Step Time =    1.000,"PLATE-1",          1150,             1,   689.073E-03,  -339.389E-03,            0.,"ASSEMBLY_PLATE-1__PICKEDSET2","ROCK","",      -1.00631,      -1.74915,      -1.72666,      -1.02881,  -127.293E-03
F:/Desktop/DeepOnet_Abaqus/StaticElasticJob.odb,Step-1,Increment      1: Step Time =    1.000,"PLATE-1",          1151,             1,   637.831E-03,  -360.093E-03,            0.,"ASSEMBLY_PLATE-1__PICKEDSET2","ROCK","",  -994.756E-03,      -1.77155,      -1.74506,      -1.02124,  -140.973E-03
F:/Desktop/DeepOnet_Abaqus/StaticElasticJob.odb,Step-1,Increment      1: Step Time =    1.000,"PLATE-1",          1152,             1,   727.169E-03,   126.417E-03,            0.,"ASSEMBLY_PLATE-1__PICKEDSET2","ROCK","",      -1.06595,      -1.61805,      -1.60799,      -1.07601,   73.8459E-03
F:/Desktop/DeepOnet_Abaqus/StaticElasticJob.odb,Step-1,Increment      1: Step Time =    1.000,"PLATE-1",          1153,             1,  -683.253E-03,   37.9026E-03,            0.,"ASSEMBLY_PLATE-1__PICKEDSET2","ROCK","",      -1.18397,      -1.52818,      -1.52750,      -1.18466,  -15.2994E-03
F:/Desktop/DeepOnet_Abaqus/StaticElasticJob.odb,Step-1,Increment      1: Step Time =    1.000,"PLATE-1",          1154,             1,  -498.967E-03,   324.465E-03,            0.,"ASSEMBLY_PLATE-1__PICKEDSET2","ROCK","",  -940.984E-03,      -1.82665,      -1.75847,      -1.00916,  -236.082E-03
F:/Desktop/DeepOnet_Abaqus/StaticElasticJob.odb,Step-1,Increment      1: Step Time =    1.000,"PLATE-1",          1155,             1,  -33.3577E-03,  -621.642E-03,            0.,"ASSEMBLY_PLATE-1__PICKEDSET2","ROCK","",  -858.729E-03,      -1.99968,      -1.99880,  -859.601E-03,   31.5438E-03
F:/Desktop/DeepOnet_Abaqus/StaticElasticJob.odb,Step-1,Increment      1: Step Time =    1.000,"PLATE-1",          1156,             1,  -41.6767E-03,   580.686E-03,            0.,"ASSEMBLY_PLATE-1__PICKEDSET2","ROCK","",  -993.138E-03,      -2.10241,      -2.10071,  -994.836E-03,   43.3642E-03
F:/Desktop/DeepOnet_Abaqus/StaticElasticJob.odb,Step-1,Increment      1: Step Time =    1.000,"PLATE-1",          1157,             1,  -836.217E-03,  -33.5594E-03,            0.,"ASSEMBLY_PLATE-1__PICKEDSET2","ROCK","",      -1.12218,      -1.62793,      -1.62625,      -1.12386,   29.1204E-03
F:/Desktop/DeepOnet_Abaqus/StaticElasticJob.odb,Step-1,Increment      1: Step Time =    1.000,"PLATE-1",          1158,             1,  -468.497E-03,   527.752E-03,            0.,"ASSEMBLY_PLATE-1__PICKEDSET2","ROCK","",  -939.332E-03,      -1.93663,      -1.92260,  -953.363E-03,  -117.457E-03
F:/Desktop/DeepOnet_Abaqus/StaticElasticJob.odb,Step-1,Increment      1: Step Time =    1.000,"PLATE-1",          1159,             1,  -364.612E-03,   511.427E-03,            0.,"ASSEMBLY_PLATE-1__PICKEDSET2","ROCK","",  -920.969E-03,      -1.99990,      -1.98676,  -934.106E-03,  -118.328E-03
F:/Desktop/DeepOnet_Abaqus/StaticElasticJob.odb,Step-1,Increment      1: Step Time =    1.000,"PLATE-1",          1160,             1,   650.051E-03,  -38.8375E-03,            0.,"ASSEMBLY_PLATE-1__PICKEDSET2","ROCK","",      -1.14342,      -1.52428,      -1.52197,      -1.14572,  -29.5533E-03
F:/Desktop/DeepOnet_Abaqus/StaticElasticJob.odb,Step-1,Increment      1: Step Time =    1.000,"PLATE-1",          1161,             1,  -108.607E-03,  -633.951E-03,            0.,"ASSEMBLY_PLATE-1__PICKEDSET2","ROCK","",  -879.406E-03,      -1.98179,      -1.97714,  -884.054E-03,   71.4349E-03
F:/Desktop/DeepOnet_Abaqus/StaticElasticJob.odb,Step-1,Increment      1: Step Time =    1.000,"PLATE-1",          1162,             1,  -286.191E-03,   772.922E-03,            0.,"ASSEMBLY_PLATE-1__PICKEDSET2","ROCK","",      -1.00228,      -2.03922,      -2.03894,      -1.00257,   17.2474E-03
F:/Desktop/DeepOnet_Abaqus/StaticElasticJob.odb,Step-1,Increment      1: Step Time =    1.000,"PLATE-1",          1163,             1,  -71.6440E-03,  -634.897E-03,            0.,"ASSEMBLY_PLATE-1__PICKEDSET2","ROCK","",  -869.019E-03,      -1.98961,      -1.98694,  -871.686E-03,   54.5998E-03
F:/Desktop/DeepOnet_Abaqus/StaticElasticJob.odb,Step-1,Increment      1: Step Time =    1.000,"PLATE-1",          1164,             1,  -737.270E-03,  -331.786E-03,            0.,"ASSEMBLY_PLATE-1__PICKEDSET2","ROCK","",      -1.04599,      -1.74425,      -1.72151,      -1.06873,   123.923E-03
F:/Desktop/DeepOnet_Abaqus/StaticElasticJob.odb,Step-1,Increment      1: Step Time =    1.000,"PLATE-1",          1165,             1,  -721.699E-03,  -390.666E-03,            0.,"ASSEMBLY_PLATE-1__PICKEDSET2","ROCK","",      -1.03264,      -1.76583,      -1.74509,      -1.05337,   121.539E-03
F:/Desktop/DeepOnet_Abaqus/StaticElasticJob.odb,Step-1,Increment      1: Step Time =    1.000,"PLATE-1",          1166,             1,  -280.705E-03,  -614.760E-03,            0.,"ASSEMBLY_PLATE-1__PICKEDSET2","ROCK","",  -934.888E-03,      -1.92979,      -1.91547,  -949.211E-03,   118.511E-03
F:/Desktop/DeepOnet_Abaqus/StaticElasticJob.odb,Step-1,Increment      1: Step Time =    1.000,"PLATE-1",          1167,             1,   158.705E-03,  -669.675E-03,            0.,"ASSEMBLY_PLATE-1__PICKEDSET2","ROCK","",  -895.719E-03,      -1.94891,      -1.94660,  -898.038E-03,  -49.3601E-03
F:/Desktop/DeepOnet_Abaqus/StaticElasticJob.odb,Step-1,Increment      1: Step Time =    1.000,"PLATE-1",          1168,             1,   273.261E-03,  -560.238E-03,            0.,"ASSEMBLY_PLATE-1__PICKEDSET2","ROCK","",  -902.732E-03,      -1.94734,      -1.93296,  -917.115E-03,  -121.729E-03
F:/Desktop/DeepOnet_Abaqus/StaticElasticJob.odb,Step-1,Increment      1: Step Time =    1.000,"PLATE-1",          1169,             1,  -807.224E-03,  -186.867E-03,            0.,"ASSEMBLY_PLATE-1__PICKEDSET2","ROCK","",      -1.09262,      -1.67121,      -1.65684,      -1.10699,   90.0438E-03
F:/Desktop/DeepOnet_Abaqus/StaticElasticJob.odb,Step-1,Increment      1: Step Time =    1.000,"PLATE-1",          1170,             1,  -765.005E-03,  -115.030E-03,            0.,"ASSEMBLY_PLATE-1__PICKEDSET2","ROCK","",      -1.12408,      -1.62528,      -1.61268,      -1.13667,   78.4442E-03
F:/Desktop/DeepOnet_Abaqus/StaticElasticJob.odb,Step-1,Increment      1: Step Time =    1.000,"PLATE-1",          1171,             1,   151.767E-03,   616.642E-03,            0.,"ASSEMBLY_PLATE-1__PICKEDSET2","ROCK","",  -938.585E-03,      -2.10012,      -2.09172,  -946.991E-03,   98.4537E-03
F:/Desktop/DeepOnet_Abaqus/StaticElasticJob.odb,Step-1,Increment      1: Step Time =    1.000,"PLATE-1",          1172,             1,   71.2662E-03,   639.549E-03,            0.,"ASSEMBLY_PLATE-1__PICKEDSET2","ROCK","",  -985.246E-03,      -2.09040,      -2.08357,  -992.078E-03,   86.6242E-03
F:/Desktop/DeepOnet_Abaqus/StaticElasticJob.odb,Step-1,Increment      1: Step Time =    1.000,"PLATE-1",          1173,             1,   514.075E-03,   427.209E-03,            0.,"ASSEMBLY_PLATE-1__PICKEDSET2","ROCK","",  -847.647E-03,      -1.92275,      -1.89067,  -879.736E-03,   182.947E-03
F:/Desktop/DeepOnet_Abaqus/StaticElasticJob.odb,Step-1,Increment      1: Step Time =    1.000,"PLATE-1",          1174,             1,  -800.191E-03,  -235.821E-03,            0.,"ASSEMBLY_PLATE-1__PICKEDSET2","ROCK","",      -1.07487,      -1.69815,      -1.68117,      -1.09184,   101.455E-03
F:/Desktop/DeepOnet_Abaqus/StaticElasticJob.odb,Step-1,Increment      1: Step Time =    1.000,"PLATE-1",          1175,             1,  -770.162E-03,  -282.135E-03,            0.,"ASSEMBLY_PLATE-1__PICKEDSET2","ROCK","",      -1.06116,      -1.71890,      -1.69882,      -1.08124,   113.158E-03
F:/Desktop/DeepOnet_Abaqus/StaticElasticJob.odb,Step-1,Increment      1: Step Time =    1.000,"PLATE-1",          1176,             1,   422.223E-03,   523.329E-03,            0.,"ASSEMBLY_PLATE-1__PICKEDSET2","ROCK","",  -822.969E-03,      -2.01842,      -2.00194,  -839.451E-03,   139.397E-03
F:/Desktop/DeepOnet_Abaqus/StaticElasticJob.odb,Step-1,Increment      1: Step Time =    1.000,"PLATE-1",          1177,             1,   363.894E-03,   593.153E-03,            0.,"ASSEMBLY_PLATE-1__PICKEDSET2","ROCK","",  -834.432E-03,      -2.04834,      -2.03787,  -844.899E-03,   112.233E-03
F:/Desktop/DeepOnet_Abaqus/StaticElasticJob.odb,Step-1,Increment      1: Step Time =    1.000,"PLATE-1",          1178,             1,  -795.709E-03,   14.6221E-03,            0.,"ASSEMBLY_PLATE-1__PICKEDSET2","ROCK","",      -1.13914,      -1.60294,      -1.60274,      -1.13935,   9.77750E-03
F:/Desktop/DeepOnet_Abaqus/StaticElasticJob.odb,Step-1,Increment      1: Step Time =    1.000,"PLATE-1",          1179,             1,  -683.695E-03,  -14.9745E-03,            0.,"ASSEMBLY_PLATE-1__PICKEDSET2","ROCK","",      -1.18290,      -1.53566,      -1.53300,      -1.18556,   30.5168E-03
F:/Desktop/DeepOnet_Abaqus/StaticElasticJob.odb,Step-1,Increment      1: Step Time =    1.000,"PLATE-1",          1180,             1,  -613.307E-03,   327.880E-03,            0.,"ASSEMBLY_PLATE-1__PICKEDSET2","ROCK","",      -1.00462,      -1.76111,      -1.71985,      -1.04589,  -171.798E-03
F:/Desktop/DeepOnet_Abaqus/StaticElasticJob.odb,Step-1,Increment      1: Step Time =    1.000,"PLATE-1",          1181,             1,  -246.830E-03,  -707.560E-03,            0.,"ASSEMBLY_PLATE-1__PICKEDSET2","ROCK","",  -940.714E-03,      -1.91064,      -1.90331,  -948.051E-03,   84.0417E-03
F:/Desktop/DeepOnet_Abaqus/StaticElasticJob.odb,Step-1,Increment      1: Step Time =    1.000,"PLATE-1",          1182,             1,  -183.728E-03,  -729.463E-03,            0.,"ASSEMBLY_PLATE-1__PICKEDSET2","ROCK","",  -930.171E-03,      -1.91872,      -1.91389,  -934.995E-03,   68.8920E-03
F:/Desktop/DeepOnet_Abaqus/StaticElasticJob.odb,Step-1,Increment      1: Step Time =    1.000,"PLATE-1",          1183,             1,   413.327E-03,  -579.757E-03,            0.,"ASSEMBLY_PLATE-1__PICKEDSET2","ROCK","",  -943.463E-03,      -1.88428,      -1.87072,  -957.021E-03,  -112.123E-03
F:/Desktop/DeepOnet_Abaqus/StaticElasticJob.odb,Step-1,Increment      1: Step Time =    1.000,"PLATE-1",          1184,             1,   312.931E-03,  -581.018E-03,            0.,"ASSEMBLY_PLATE-1__PICKEDSET2","ROCK","",  -918.479E-03,      -1.92322,      -1.91053,  -931.174E-03,  -112.221E-03
F:/Desktop/DeepOnet_Abaqus/StaticElasticJob.odb,Step-1,Increment      1: Step Time =    1.000,"PLATE-1",          1185,             1,   161.669E-03,  -579.965E-03,            0.,"ASSEMBLY_PLATE-1__PICKEDSET2","ROCK","",  -861.181E-03,      -1.99511,      -1.98859,  -867.700E-03,  -85.7309E-03
F:/Desktop/DeepOnet_Abaqus/StaticElasticJob.odb,Step-1,Increment      1: Step Time =    1.000,"PLATE-1",          1186,             1,  -468.102E-03,  -690.863E-03,            0.,"ASSEMBLY_PLATE-1__PICKEDSET2","ROCK","",  -981.533E-03,      -1.85558,      -1.84580,  -991.314E-03,   91.9435E-03
F:/Desktop/DeepOnet_Abaqus/StaticElasticJob.odb,Step-1,Increment      1: Step Time =    1.000,"PLATE-1",          1187,             1,  -502.152E-03,  -629.767E-03,            0.,"ASSEMBLY_PLATE-1__PICKEDSET2","ROCK","",  -986.530E-03,      -1.85193,      -1.83927,  -999.198E-03,   103.939E-03
F:/Desktop/DeepOnet_Abaqus/StaticElasticJob.odb,Step-1,Increment      1: Step Time =    1.000,"PLATE-1",          1188,             1,  -109.397E-03,   590.095E-03,            0.,"ASSEMBLY_PLATE-1__PICKEDSET2","ROCK","",  -997.674E-03,      -2.08600,      -2.08550,  -998.171E-03,   23.2513E-03
F:/Desktop/DeepOnet_Abaqus/StaticElasticJob.odb,Step-1,Increment      1: Step Time =    1.000,"PLATE-1",          1189,             1,  -127.756E-03,   651.839E-03,            0.,"ASSEMBLY_PLATE-1__PICKEDSET2","ROCK","",      -1.01953,      -2.06010,      -2.05960,      -1.02004,   22.9849E-03
F:/Desktop/DeepOnet_Abaqus/StaticElasticJob.odb,Step-1,Increment      1: Step Time =    1.000,"PLATE-1",          1190,             1,  -364.447E-03,   557.656E-03,            0.,"ASSEMBLY_PLATE-1__PICKEDSET2","ROCK","",  -934.898E-03,      -1.99831,      -1.99074,  -942.469E-03,  -89.4059E-03
F:/Desktop/DeepOnet_Abaqus/StaticElasticJob.odb,Step-1,Increment      1: Step Time =    1.000,"PLATE-1",          1191,             1,  -544.689E-03,   352.283E-03,            0.,"ASSEMBLY_PLATE-1__PICKEDSET2","ROCK","",  -965.223E-03,      -1.81463,      -1.76457,      -1.01528,  -200.034E-03
F:/Desktop/DeepOnet_Abaqus/StaticElasticJob.odb,Step-1,Increment      1: Step Time =    1.000,"PLATE-1",          1192,             1,  -63.3409E-03,  -678.729E-03,            0.,"ASSEMBLY_PLATE-1__PICKEDSET2","ROCK","",  -890.484E-03,      -1.96247,      -1.96097,  -891.979E-03,   40.0047E-03
F:/Desktop/DeepOnet_Abaqus/StaticElasticJob.odb,Step-1,Increment      1: Step Time =    1.000,"PLATE-1",          1193,             1,   662.915E-03,  -418.659E-03,            0.,"ASSEMBLY_PLATE-1__PICKEDSET2","ROCK","",  -987.836E-03,      -1.78523,      -1.76680,      -1.00626,  -119.796E-03
F:/Desktop/DeepOnet_Abaqus/StaticElasticJob.odb,Step-1,Increment      1: Step Time =    1.000,"PLATE-1",          1194,             1,   125.104E-03,  -614.195E-03,            0.,"ASSEMBLY_PLATE-1__PICKEDSET2","ROCK","",  -866.590E-03,      -1.98552,      -1.98282,  -869.293E-03,  -54.9340E-03
F:/Desktop/DeepOnet_Abaqus/StaticElasticJob.odb,Step-1,Increment      1: Step Time =    1.000,"PLATE-1",          1195,             1,   260.305E-03,  -608.969E-03,            0.,"ASSEMBLY_PLATE-1__PICKEDSET2","ROCK","",  -906.351E-03,      -1.93817,      -1.92944,  -915.085E-03,  -94.5290E-03
F:/Desktop/DeepOnet_Abaqus/StaticElasticJob.odb,Step-1,Increment      1: Step Time =    1.000,"PLATE-1",          1196,             1,   905.349E-03,   219.888E-03,            0.,"ASSEMBLY_PLATE-1__PICKEDSET2","ROCK","",      -1.00873,      -1.69857,      -1.69641,      -1.01088,   38.5185E-03
F:/Desktop/DeepOnet_Abaqus/StaticElasticJob.odb,Step-1,Increment      1: Step Time =    1.000,"PLATE-1",          1197,             1,  -757.766E-03,   233.790E-03,            0.,"ASSEMBLY_PLATE-1__PICKEDSET2","ROCK","",      -1.07844,      -1.67194,      -1.65606,      -1.09432,  -95.7663E-03
F:/Desktop/DeepOnet_Abaqus/StaticElasticJob.odb,Step-1,Increment      1: Step Time =    1.000,"PLATE-1",          1198,             1,  -304.446E-03,  -675.591E-03,            0.,"ASSEMBLY_PLATE-1__PICKEDSET2","ROCK","",  -950.336E-03,      -1.90277,      -1.89234,  -960.757E-03,   99.0796E-03
F:/Desktop/DeepOnet_Abaqus/StaticElasticJob.odb,Step-1,Increment      1: Step Time =    1.000,"PLATE-1",          1199,             1,   207.828E-03,   638.357E-03,            0.,"ASSEMBLY_PLATE-1__PICKEDSET2","ROCK","",  -900.703E-03,      -2.10010,      -2.09094,  -909.858E-03,   104.388E-03
F:/Desktop/DeepOnet_Abaqus/StaticElasticJob.odb,Step-1,Increment      1: Step Time =    1.000,"PLATE-1",          1200,             1,  -722.321E-03,  -509.214E-03,            0.,"ASSEMBLY_PLATE-1__PICKEDSET2","ROCK","",      -1.01581,      -1.79185,      -1.77758,      -1.03009,   104.289E-03
F:/Desktop/DeepOnet_Abaqus/StaticElasticJob.odb,Step-1,Increment      1: Step Time =    1.000,"PLATE-1",          1201,             1,   415.216E-03,   628.586E-03,            0.,"ASSEMBLY_PLATE-1__PICKEDSET2","ROCK","",  -815.958E-03,      -2.02713,      -2.02121,  -821.879E-03,   84.4705E-03
F:/Desktop/DeepOnet_Abaqus/StaticElasticJob.odb,Step-1,Increment      1: Step Time =    1.000,"PLATE-1",          1202,             1,   779.488E-03,  -112.172E-03,            0.,"ASSEMBLY_PLATE-1__PICKEDSET2","ROCK","",      -1.07241,      -1.63821,      -1.63193,      -1.07869,  -59.2621E-03
F:/Desktop/DeepOnet_Abaqus/StaticElasticJob.odb,Step-1,Increment      1: Step Time =    1.000,"PLATE-1",          1203,             1,   656.413E-03,   438.759E-03,            0.,"ASSEMBLY_PLATE-1__PICKEDSET2","ROCK","",  -890.775E-03,      -1.83911,      -1.82518,  -904.698E-03,   114.061E-03
F:/Desktop/DeepOnet_Abaqus/StaticElasticJob.odb,Step-1,Increment      1: Step Time =    1.000,"PLATE-1",          1204,             1,   630.389E-03,   386.223E-03,            0.,"ASSEMBLY_PLATE-1__PICKEDSET2","ROCK","",  -901.424E-03,      -1.82703,      -1.80254,  -925.910E-03,   148.543E-03
F:/Desktop/DeepOnet_Abaqus/StaticElasticJob.odb,Step-1,Increment      1: Step Time =    1.000,"PLATE-1",          1205,             1,   697.119E-03,  -175.754E-03,            0.,"ASSEMBLY_PLATE-1__PICKEDSET2","ROCK","",      -1.06695,      -1.64851,      -1.62789,      -1.08756,  -107.537E-03
F:/Desktop/DeepOnet_Abaqus/StaticElasticJob.odb,Step-1,Increment      1: Step Time =    1.000,"PLATE-1",          1206,             1,  -169.382E-03,  -667.127E-03,            0.,"ASSEMBLY_PLATE-1__PICKEDSET2","ROCK","",  -910.680E-03,      -1.94769,      -1.94077,  -917.600E-03,   84.4267E-03
F:/Desktop/DeepOnet_Abaqus/StaticElasticJob.odb,Step-1,Increment      1: Step Time =    1.000,"PLATE-1",          1207,             1,  -267.638E-03,   659.191E-03,            0.,"ASSEMBLY_PLATE-1__PICKEDSET2","ROCK","",  -979.091E-03,      -2.04069,      -2.04042,  -979.361E-03,  -16.9442E-03
F:/Desktop/DeepOnet_Abaqus/StaticElasticJob.odb,Step-1,Increment      1: Step Time =    1.000,"PLATE-1",          1208,             1,   301.595E-03,  -660.588E-03,            0.,"ASSEMBLY_PLATE-1__PICKEDSET2","ROCK","",  -922.670E-03,      -1.91402,      -1.90727,  -929.414E-03,  -81.4914E-03
F:/Desktop/DeepOnet_Abaqus/StaticElasticJob.odb,Step-1,Increment      1: Step Time =    1.000,"PLATE-1",          1209,             1,  -372.909E-03,   607.207E-03,            0.,"ASSEMBLY_PLATE-1__PICKEDSET2","ROCK","",  -953.813E-03,      -1.99099,      -1.98744,  -957.369E-03,  -60.6271E-03
F:/Desktop/DeepOnet_Abaqus/StaticElasticJob.odb,Step-1,Increment      1: Step Time =    1.000,"PLATE-1",          1210,             1,   517.649E-03,  -560.340E-03,            0.,"ASSEMBLY_PLATE-1__PICKEDSET2","ROCK","",  -959.960E-03,      -1.84867,      -1.83509,  -973.540E-03,  -109.016E-03
F:/Desktop/DeepOnet_Abaqus/StaticElasticJob.odb,Step-1,Increment      1: Step Time =    1.000,"PLATE-1",          1211,             1,   570.757E-03,  -514.834E-03,            0.,"ASSEMBLY_PLATE-1__PICKEDSET2","ROCK","",  -967.823E-03,      -1.82934,      -1.81389,  -983.272E-03,  -114.329E-03
F:/Desktop/DeepOnet_Abaqus/StaticElasticJob.odb,Step-1,Increment      1: Step Time =    1.000,"PLATE-1",          1212,             1,  -415.329E-03,  -652.100E-03,            0.,"ASSEMBLY_PLATE-1__PICKEDSET2","ROCK","",  -972.833E-03,      -1.87510,      -1.86266,  -985.270E-03,   105.200E-03
F:/Desktop/DeepOnet_Abaqus/StaticElasticJob.odb,Step-1,Increment      1: Step Time =    1.000,"PLATE-1",          1213,             1,  -383.695E-03,  -699.596E-03,            0.,"ASSEMBLY_PLATE-1__PICKEDSET2","ROCK","",  -968.016E-03,      -1.87540,      -1.86630,  -977.118E-03,   90.4236E-03
F:/Desktop/DeepOnet_Abaqus/StaticElasticJob.odb,Step-1,Increment      1: Step Time =    1.000,"PLATE-1",          1214,             1,  -705.144E-03,   346.125E-03,            0.,"ASSEMBLY_PLATE-1__PICKEDSET2","ROCK","",      -1.02700,      -1.74517,      -1.72304,      -1.04912,  -124.099E-03
F:/Desktop/DeepOnet_Abaqus/StaticElasticJob.odb,Step-1,Increment      1: Step Time =    1.000,"PLATE-1",          1215,             1,   112.671E-03,  -694.588E-03,            0.,"ASSEMBLY_PLATE-1__PICKEDSET2","ROCK","",  -896.195E-03,      -1.94825,      -1.94740,  -897.046E-03,  -29.9202E-03
F:/Desktop/DeepOnet_Abaqus/StaticElasticJob.odb,Step-1,Increment      1: Step Time =    1.000,"PLATE-1",          1216,             1,  -317.940E-03,   657.192E-03,            0.,"ASSEMBLY_PLATE-1__PICKEDSET2","ROCK","",  -970.173E-03,      -2.01347,      -2.01227,  -971.375E-03,  -35.3887E-03
F:/Desktop/DeepOnet_Abaqus/StaticElasticJob.odb,Step-1,Increment      1: Step Time =    1.000,"PLATE-1",          1217,             1,  -714.803E-03,   272.994E-03,            0.,"ASSEMBLY_PLATE-1__PICKEDSET2","ROCK","",      -1.05846,      -1.69510,      -1.67175,      -1.08181,  -119.668E-03
F:/Desktop/DeepOnet_Abaqus/StaticElasticJob.odb,Step-1,Increment      1: Step Time =    1.000,"PLATE-1",          1218,             1,  -216.554E-03,   680.807E-03,            0.,"ASSEMBLY_PLATE-1__PICKEDSET2","ROCK","",      -1.00562,      -2.04229,      -2.04229,      -1.00562,  -1.46692E-03
F:/Desktop/DeepOnet_Abaqus/StaticElasticJob.odb,Step-1,Increment      1: Step Time =    1.000,"PLATE-1",          1219,             1,   794.102E-03,  -278.762E-03,            0.,"ASSEMBLY_PLATE-1__PICKEDSET2","ROCK","",      -1.02734,      -1.71116,      -1.69691,      -1.04158,  -97.6717E-03
F:/Desktop/DeepOnet_Abaqus/StaticElasticJob.odb,Step-1,Increment      1: Step Time =    1.000,"PLATE-1",          1220,             1,   795.327E-03,  -198.479E-03,            0.,"ASSEMBLY_PLATE-1__PICKEDSET2","ROCK","",      -1.04857,      -1.67656,      -1.66576,      -1.05937,  -81.6366E-03
F:/Desktop/DeepOnet_Abaqus/StaticElasticJob.odb,Step-1,Increment      1: Step Time =    1.000,"PLATE-1",          1221,             1,   67.1204E-03,   742.809E-03,            0.,"ASSEMBLY_PLATE-1__PICKEDSET2","ROCK","",      -1.00492,      -2.09417,      -2.08405,      -1.01503,   104.491E-03
F:/Desktop/DeepOnet_Abaqus/StaticElasticJob.odb,Step-1,Increment      1: Step Time =    1.000,"PLATE-1",          1222,             1,   124.326E-03,   715.612E-03,            0.,"ASSEMBLY_PLATE-1__PICKEDSET2","ROCK","",  -956.365E-03,      -2.10616,      -2.09816,  -964.366E-03,   95.5813E-03
F:/Desktop/DeepOnet_Abaqus/StaticElasticJob.odb,Step-1,Increment      1: Step Time =    1.000,"PLATE-1",          1223,             1,  -334.894E-03,  -735.443E-03,            0.,"ASSEMBLY_PLATE-1__PICKEDSET2","ROCK","",  -962.387E-03,      -1.88173,      -1.87422,  -969.895E-03,   82.7418E-03
F:/Desktop/DeepOnet_Abaqus/StaticElasticJob.odb,Step-1,Increment      1: Step Time =    1.000,"PLATE-1",          1224,             1,   855.586E-03,  -123.800E-03,            0.,"ASSEMBLY_PLATE-1__PICKEDSET2","ROCK","",      -1.05542,      -1.66423,      -1.65921,      -1.06044,  -55.0506E-03
F:/Desktop/DeepOnet_Abaqus/StaticElasticJob.odb,Step-1,Increment      1: Step Time =    1.000,"PLATE-1",          1225,             1,   749.078E-03,   4.78225E-03,            0.,"ASSEMBLY_PLATE-1__PICKEDSET2","ROCK","",      -1.10103,      -1.58587,      -1.58586,      -1.10105,  -2.53040E-03
F:/Desktop/DeepOnet_Abaqus/StaticElasticJob.odb,Step-1,Increment      1: Step Time =    1.000,"PLATE-1",          1226,             1,   26.7166E-03,  -745.733E-03,            0.,"ASSEMBLY_PLATE-1__PICKEDSET2","ROCK","",  -908.889E-03,      -1.93417,      -1.93411,  -908.942E-03,   7.33174E-03
F:/Desktop/DeepOnet_Abaqus/StaticElasticJob.odb,Step-1,Increment      1: Step Time =    1.000,"PLATE-1",          1227,             1,   611.473E-03,  -424.919E-03,            0.,"ASSEMBLY_PLATE-1__PICKEDSET2","ROCK","",  -979.317E-03,      -1.80325,      -1.78158,      -1.00099,  -131.856E-03
F:/Desktop/DeepOnet_Abaqus/StaticElasticJob.odb,Step-1,Increment      1: Step Time =    1.000,"PLATE-1",          1228,             1,  -833.949E-03,   62.1924E-03,            0.,"ASSEMBLY_PLATE-1__PICKEDSET2","ROCK","",      -1.12272,      -1.62428,      -1.62413,      -1.12287,  -8.72371E-03
F:/Desktop/DeepOnet_Abaqus/StaticElasticJob.odb,Step-1,Increment      1: Step Time =    1.000,"PLATE-1",          1229,             1,  -759.466E-03,   155.276E-03,            0.,"ASSEMBLY_PLATE-1__PICKEDSET2","ROCK","",      -1.11877,      -1.61831,      -1.60953,      -1.12755,  -65.6572E-03
F:/Desktop/DeepOnet_Abaqus/StaticElasticJob.odb,Step-1,Increment      1: Step Time =    1.000,"PLATE-1",          1230,             1,  -793.975E-03,   109.806E-03,            0.,"ASSEMBLY_PLATE-1__PICKEDSET2","ROCK","",      -1.12740,      -1.61516,      -1.61290,      -1.12966,  -33.1126E-03
F:/Desktop/DeepOnet_Abaqus/StaticElasticJob.odb,Step-1,Increment      1: Step Time =    1.000,"PLATE-1",          1231,             1,   523.549E-03,  -607.527E-03,            0.,"ASSEMBLY_PLATE-1__PICKEDSET2","ROCK","",  -959.481E-03,      -1.84861,      -1.83807,  -970.019E-03,  -96.2189E-03
F:/Desktop/DeepOnet_Abaqus/StaticElasticJob.odb,Step-1,Increment      1: Step Time =    1.000,"PLATE-1",          1232,             1,  -719.961E-03,  -451.231E-03,            0.,"ASSEMBLY_PLATE-1__PICKEDSET2","ROCK","",      -1.02292,      -1.78188,      -1.76480,      -1.04001,   112.580E-03
F:/Desktop/DeepOnet_Abaqus/StaticElasticJob.odb,Step-1,Increment      1: Step Time =    1.000,"PLATE-1",          1233,             1,  -669.738E-03,  -513.763E-03,            0.,"ASSEMBLY_PLATE-1__PICKEDSET2","ROCK","",      -1.01026,      -1.80666,      -1.79007,      -1.02685,   113.719E-03
F:/Desktop/DeepOnet_Abaqus/StaticElasticJob.odb,Step-1,Increment      1: Step Time =    1.000,"PLATE-1",          1234,             1,   834.444E-03,   284.878E-03,            0.,"ASSEMBLY_PLATE-1__PICKEDSET2","ROCK","",  -985.719E-03,      -1.72111,      -1.71508,  -991.743E-03,   66.2883E-03
F:/Desktop/DeepOnet_Abaqus/StaticElasticJob.odb,Step-1,Increment      1: Step Time =    1.000,"PLATE-1",          1235,             1,  -119.586E-03,  -741.102E-03,            0.,"ASSEMBLY_PLATE-1__PICKEDSET2","ROCK","",  -920.128E-03,      -1.92748,      -1.92490,  -922.700E-03,   50.8278E-03
F:/Desktop/DeepOnet_Abaqus/StaticElasticJob.odb,Step-1,Increment      1: Step Time =    1.000,"PLATE-1",          1236,             1,   715.232E-03,  -128.046E-03,            0.,"ASSEMBLY_PLATE-1__PICKEDSET2","ROCK","",      -1.08470,      -1.61880,      -1.60571,      -1.09779,  -82.5900E-03
F:/Desktop/DeepOnet_Abaqus/StaticElasticJob.odb,Step-1,Increment      1: Step Time =    1.000,"PLATE-1",          1237,             1,   681.298E-03,   494.407E-03,            0.,"ASSEMBLY_PLATE-1__PICKEDSET2","ROCK","",  -885.610E-03,      -1.84653,      -1.83959,  -892.560E-03,   81.4247E-03
F:/Desktop/DeepOnet_Abaqus/StaticElasticJob.odb,Step-1,Increment      1: Step Time =    1.000,"PLATE-1",          1238,             1,   354.769E-03,   801.932E-03,            0.,"ASSEMBLY_PLATE-1__PICKEDSET2","ROCK","",  -786.963E-03,      -2.08450,      -2.08411,  -787.355E-03,   22.5462E-03
F:/Desktop/DeepOnet_Abaqus/StaticElasticJob.odb,Step-1,Increment      1: Step Time =    1.000,"PLATE-1",          1239,             1,   261.290E-03,   682.933E-03,            0.,"ASSEMBLY_PLATE-1__PICKEDSET2","ROCK","",  -870.562E-03,      -2.08741,      -2.08030,  -877.672E-03,   92.7467E-03
F:/Desktop/DeepOnet_Abaqus/StaticElasticJob.odb,Step-1,Increment      1: Step Time =    1.000,"PLATE-1",          1240,             1,   777.395E-03,  -367.381E-03,            0.,"ASSEMBLY_PLATE-1__PICKEDSET2","ROCK","",      -1.00640,      -1.74735,      -1.73306,      -1.02070,  -101.925E-03
F:/Desktop/DeepOnet_Abaqus/StaticElasticJob.odb,Step-1,Increment      1: Step Time =    1.000,"PLATE-1",          1241,             1,  -895.516E-03,   275.724E-03,            0.,"ASSEMBLY_PLATE-1__PICKEDSET2","ROCK","",      -1.06317,      -1.70261,      -1.69742,      -1.06836,  -57.3741E-03
F:/Desktop/DeepOnet_Abaqus/StaticElasticJob.odb,Step-1,Increment      1: Step Time =    1.000,"PLATE-1",          1242,             1,  -480.382E-03,   477.032E-03,            0.,"ASSEMBLY_PLATE-1__PICKEDSET2","ROCK","",  -931.675E-03,      -1.92089,      -1.89781,  -954.759E-03,  -149.338E-03
F:/Desktop/DeepOnet_Abaqus/StaticElasticJob.odb,Step-1,Increment      1: Step Time =    1.000,"PLATE-1",          1243,             1,   520.470E-03,   607.339E-03,            0.,"ASSEMBLY_PLATE-1__PICKEDSET2","ROCK","",  -819.215E-03,      -1.96632,      -1.96168,  -823.859E-03,   72.8360E-03
F:/Desktop/DeepOnet_Abaqus/StaticElasticJob.odb,Step-1,Increment      1: Step Time =    1.000,"PLATE-1",          1244,             1,   746.538E-03,  -188.992E-03,            0.,"ASSEMBLY_PLATE-1__PICKEDSET2","ROCK","",      -1.05683,      -1.66321,      -1.64767,      -1.07237,  -95.8162E-03
F:/Desktop/DeepOnet_Abaqus/StaticElasticJob.odb,Step-1,Increment      1: Step Time =    1.000,"PLATE-1",          1245,             1,   210.120E-03,  -657.423E-03,            0.,"ASSEMBLY_PLATE-1__PICKEDSET2","ROCK","",  -901.525E-03,      -1.94211,      -1.93786,  -905.770E-03,  -66.3270E-03
F:/Desktop/DeepOnet_Abaqus/StaticElasticJob.odb,Step-1,Increment      1: Step Time =    1.000,"PLATE-1",          1246,             1,  -449.981E-03,   662.684E-03,            0.,"ASSEMBLY_PLATE-1__PICKEDSET2","ROCK","",  -959.047E-03,      -1.95834,      -1.95644,  -960.949E-03,  -43.5459E-03
F:/Desktop/DeepOnet_Abaqus/StaticElasticJob.odb,Step-1,Increment      1: Step Time =    1.000,"PLATE-1",          1247,             1,   756.962E-03,  -233.242E-03,            0.,"ASSEMBLY_PLATE-1__PICKEDSET2","ROCK","",      -1.04082,      -1.68975,      -1.67388,      -1.05670,  -100.239E-03
F:/Desktop/DeepOnet_Abaqus/StaticElasticJob.odb,Step-1,Increment      1: Step Time =    1.000,"PLATE-1",          1248,             1,   841.750E-03,  -233.143E-03,            0.,"ASSEMBLY_PLATE-1__PICKEDSET2","ROCK","",      -1.03680,      -1.69531,      -1.68549,      -1.04662,  -79.8009E-03
F:/Desktop/DeepOnet_Abaqus/StaticElasticJob.odb,Step-1,Increment      1: Step Time =    1.000,"PLATE-1",          1249,             1,  -549.517E-03,   495.970E-03,            0.,"ASSEMBLY_PLATE-1__PICKEDSET2","ROCK","",  -951.928E-03,      -1.88509,      -1.86703,  -969.986E-03,  -128.550E-03
F:/Desktop/DeepOnet_Abaqus/StaticElasticJob.odb,Step-1,Increment      1: Step Time =    1.000,"PLATE-1",          1250,             1,  -569.384E-03,   432.418E-03,            0.,"ASSEMBLY_PLATE-1__PICKEDSET2","ROCK","",  -961.319E-03,      -1.84998,      -1.82147,  -989.826E-03,  -156.590E-03
F:/Desktop/DeepOnet_Abaqus/StaticElasticJob.odb,Step-1,Increment      1: Step Time =    1.000,"PLATE-1",          1251,             1,   866.649E-03,   53.9637E-03,            0.,"ASSEMBLY_PLATE-1__PICKEDSET2","ROCK","",      -1.05436,      -1.65104,      -1.65097,      -1.05444,   6.64473E-03
F:/Desktop/DeepOnet_Abaqus/StaticElasticJob.odb,Step-1,Increment      1: Step Time =    1.000,"PLATE-1",          1252,             1,   183.503E-03,  -725.386E-03,            0.,"ASSEMBLY_PLATE-1__PICKEDSET2","ROCK","",  -916.022E-03,      -1.92184,      -1.91994,  -917.926E-03,  -43.7222E-03
F:/Desktop/DeepOnet_Abaqus/StaticElasticJob.odb,Step-1,Increment      1: Step Time =    1.000,"PLATE-1",          1253,             1,   300.575E-03,  -617.842E-03,            0.,"ASSEMBLY_PLATE-1__PICKEDSET2","ROCK","",  -918.633E-03,      -1.92111,      -1.91178,  -927.965E-03,  -96.2693E-03
F:/Desktop/DeepOnet_Abaqus/StaticElasticJob.odb,Step-1,Increment      1: Step Time =    1.000,"PLATE-1",          1254,             1,  -295.353E-03,   697.363E-03,            0.,"ASSEMBLY_PLATE-1__PICKEDSET2","ROCK","",  -987.543E-03,      -2.02794,      -2.02788,  -987.606E-03,  -8.09182E-03
F:/Desktop/DeepOnet_Abaqus/StaticElasticJob.odb,Step-1,Increment      1: Step Time =    1.000,"PLATE-1",          1255,             1,  -50.1902E-03,   780.980E-03,            0.,"ASSEMBLY_PLATE-1__PICKEDSET2","ROCK","",      -1.06741,      -2.09820,      -2.09344,      -1.07217,   69.8706E-03
F:/Desktop/DeepOnet_Abaqus/StaticElasticJob.odb,Step-1,Increment      1: Step Time =    1.000,"PLATE-1",          1256,             1,   28.2123E-03,   688.861E-03,            0.,"ASSEMBLY_PLATE-1__PICKEDSET2","ROCK","",      -1.01061,      -2.08770,      -2.08199,      -1.01631,   78.1711E-03
F:/Desktop/DeepOnet_Abaqus/StaticElasticJob.odb,Step-1,Increment      1: Step Time =    1.000,"PLATE-1",          1257,             1,   803.427E-03,  -150.161E-03,            0.,"ASSEMBLY_PLATE-1__PICKEDSET2","ROCK","",      -1.05667,      -1.66210,      -1.65335,      -1.06542,  -72.2705E-03
F:/Desktop/DeepOnet_Abaqus/StaticElasticJob.odb,Step-1,Increment      1: Step Time =    1.000,"PLATE-1",          1258,             1,   755.798E-03,   180.974E-03,            0.,"ASSEMBLY_PLATE-1__PICKEDSET2","ROCK","",      -1.03135,      -1.65854,      -1.64631,      -1.04358,   86.7243E-03
F:/Desktop/DeepOnet_Abaqus/StaticElasticJob.odb,Step-1,Increment      1: Step Time =    1.000,"PLATE-1",          1259,             1,  -781.112E-03,  -399.839E-03,            0.,"ASSEMBLY_PLATE-1__PICKEDSET2","ROCK","",      -1.03643,      -1.75729,      -1.74127,      -1.05245,   106.279E-03
F:/Desktop/DeepOnet_Abaqus/StaticElasticJob.odb,Step-1,Increment      1: Step Time =    1.000,"PLATE-1",          1260,             1,  -953.607E-03,   224.839E-03,            0.,"ASSEMBLY_PLATE-1__PICKEDSET2","ROCK","",      -1.07220,      -1.69168,      -1.68947,      -1.07440,  -36.8689E-03
F:/Desktop/DeepOnet_Abaqus/StaticElasticJob.odb,Step-1,Increment      1: Step Time =    1.000,"PLATE-1",          1261,             1,  -959.317E-03,   65.8021E-03,            0.,"ASSEMBLY_PLATE-1__PICKEDSET2","ROCK","",      -1.09433,      -1.66553,      -1.66553,      -1.09433,  -205.446E-06
F:/Desktop/DeepOnet_Abaqus/StaticElasticJob.odb,Step-1,Increment      1: Step Time =    1.000,"PLATE-1",          1262,             1,   805.401E-03,   158.626E-03,            0.,"ASSEMBLY_PLATE-1__PICKEDSET2","ROCK","",      -1.04150,      -1.65558,      -1.65071,      -1.04636,   54.4586E-03
F:/Desktop/DeepOnet_Abaqus/StaticElasticJob.odb,Step-1,Increment      1: Step Time =    1.000,"PLATE-1",          1263,             1,   841.885E-03,   351.644E-03,            0.,"ASSEMBLY_PLATE-1__PICKEDSET2","ROCK","",  -965.383E-03,      -1.74358,      -1.73918,  -969.790E-03,   58.4012E-03
F:/Desktop/DeepOnet_Abaqus/StaticElasticJob.odb,Step-1,Increment      1: Step Time =    1.000,"PLATE-1",          1264,             1,   97.7930E-03,  -772.227E-03,            0.,"ASSEMBLY_PLATE-1__PICKEDSET2","ROCK","",  -919.202E-03,      -1.91834,      -1.91815,  -919.387E-03,  -13.5875E-03
F:/Desktop/DeepOnet_Abaqus/StaticElasticJob.odb,Step-1,Increment      1: Step Time =    1.000,"PLATE-1",          1265,             1,  -40.2453E-03,  -720.786E-03,            0.,"ASSEMBLY_PLATE-1__PICKEDSET2","ROCK","",  -903.951E-03,      -1.94391,      -1.94301,  -904.849E-03,   30.5435E-03
F:/Desktop/DeepOnet_Abaqus/StaticElasticJob.odb,Step-1,Increment      1: Step Time =    1.000,"PLATE-1",          1266,             1,   577.281E-03,   652.260E-03,            0.,"ASSEMBLY_PLATE-1__PICKEDSET2","ROCK","",  -822.991E-03,      -1.93908,      -1.93844,  -823.631E-03,   26.7192E-03
F:/Desktop/DeepOnet_Abaqus/StaticElasticJob.odb,Step-1,Increment      1: Step Time =    1.000,"PLATE-1",          1267,             1,  -753.291E-03,   317.608E-03,            0.,"ASSEMBLY_PLATE-1__PICKEDSET2","ROCK","",      -1.04324,      -1.72385,      -1.70666,      -1.06043,  -106.779E-03
F:/Desktop/DeepOnet_Abaqus/StaticElasticJob.odb,Step-1,Increment      1: Step Time =    1.000,"PLATE-1",          1268,             1,  -678.835E-03,   308.329E-03,            0.,"ASSEMBLY_PLATE-1__PICKEDSET2","ROCK","",      -1.03693,      -1.72246,      -1.69321,      -1.06618,  -138.550E-03
F:/Desktop/DeepOnet_Abaqus/StaticElasticJob.odb,Step-1,Increment      1: Step Time =    1.000,"PLATE-1",          1269,             1,  -238.031E-03,   811.310E-03,            0.,"ASSEMBLY_PLATE-1__PICKEDSET2","ROCK","",      -1.00910,      -2.05683,      -2.05667,      -1.00926,   12.9660E-03
F:/Desktop/DeepOnet_Abaqus/StaticElasticJob.odb,Step-1,Increment      1: Step Time =    1.000,"PLATE-1",          1270,             1,  -375.862E-03,  -796.107E-03,            0.,"ASSEMBLY_PLATE-1__PICKEDSET2","ROCK","",  -971.341E-03,      -1.86347,      -1.85800,  -976.812E-03,   69.6471E-03
F:/Desktop/DeepOnet_Abaqus/StaticElasticJob.odb,Step-1,Increment      1: Step Time =    1.000,"PLATE-1",          1271,             1,  -420.606E-03,   594.905E-03,            0.,"ASSEMBLY_PLATE-1__PICKEDSET2","ROCK","",  -942.810E-03,      -1.96662,      -1.96075,  -948.674E-03,  -77.2600E-03
F:/Desktop/DeepOnet_Abaqus/StaticElasticJob.odb,Step-1,Increment      1: Step Time =    1.000,"PLATE-1",          1272,             1,  -523.513E-03,   555.681E-03,            0.,"ASSEMBLY_PLATE-1__PICKEDSET2","ROCK","",  -947.151E-03,      -1.91516,      -1.90475,  -957.558E-03,  -99.8295E-03
F:/Desktop/DeepOnet_Abaqus/StaticElasticJob.odb,Step-1,Increment      1: Step Time =    1.000,"PLATE-1",          1273,             1,   166.931E-03,  -792.424E-03,            0.,"ASSEMBLY_PLATE-1__PICKEDSET2","ROCK","",  -928.731E-03,      -1.90413,      -1.90336,  -929.508E-03,  -27.5120E-03
F:/Desktop/DeepOnet_Abaqus/StaticElasticJob.odb,Step-1,Increment      1: Step Time =    1.000,"PLATE-1",          1274,             1,  -849.736E-03,   231.813E-03,            0.,"ASSEMBLY_PLATE-1__PICKEDSET2","ROCK","",      -1.07839,      -1.68023,      -1.67378,      -1.08484,  -61.9871E-03
F:/Desktop/DeepOnet_Abaqus/StaticElasticJob.odb,Step-1,Increment      1: Step Time =    1.000,"PLATE-1",          1275,             1,   385.886E-03,  -663.807E-03,            0.,"ASSEMBLY_PLATE-1__PICKEDSET2","ROCK","",  -943.141E-03,      -1.88194,      -1.87435,  -950.734E-03,  -84.0880E-03
F:/Desktop/DeepOnet_Abaqus/StaticElasticJob.odb,Step-1,Increment      1: Step Time =    1.000,"PLATE-1",          1276,             1,   259.918E-03,  -659.401E-03,            0.,"ASSEMBLY_PLATE-1__PICKEDSET2","ROCK","",  -914.298E-03,      -1.92478,      -1.91853,  -920.550E-03,  -79.2376E-03
F:/Desktop/DeepOnet_Abaqus/StaticElasticJob.odb,Step-1,Increment      1: Step Time =    1.000,"PLATE-1",          1277,             1,   543.584E-03,  -644.338E-03,            0.,"ASSEMBLY_PLATE-1__PICKEDSET2","ROCK","",  -961.933E-03,      -1.84265,      -1.83438,  -970.202E-03,  -84.9399E-03
F:/Desktop/DeepOnet_Abaqus/StaticElasticJob.odb,Step-1,Increment      1: Step Time =    1.000,"PLATE-1",          1278,             1,   565.682E-03,  -609.462E-03,            0.,"ASSEMBLY_PLATE-1__PICKEDSET2","ROCK","",  -964.414E-03,      -1.83665,      -1.82655,  -974.511E-03,  -93.3022E-03
F:/Desktop/DeepOnet_Abaqus/StaticElasticJob.odb,Step-1,Increment      1: Step Time =    1.000,"PLATE-1",          1279,             1,  -68.3700E-03,   687.444E-03,            0.,"ASSEMBLY_PLATE-1__PICKEDSET2","ROCK","",      -1.03097,      -2.07525,      -2.07288,      -1.03334,   49.6785E-03
F:/Desktop/DeepOnet_Abaqus/StaticElasticJob.odb,Step-1,Increment      1: Step Time =    1.000,"PLATE-1",          1280,             1,  -779.125E-03,  -507.488E-03,            0.,"ASSEMBLY_PLATE-1__PICKEDSET2","ROCK","",      -1.01948,      -1.78371,      -1.77134,      -1.03185,   96.4436E-03
F:/Desktop/DeepOnet_Abaqus/StaticElasticJob.odb,Step-1,Increment      1: Step Time =    1.000,"PLATE-1",          1281,             1,  -232.653E-03,  -813.701E-03,            0.,"ASSEMBLY_PLATE-1__PICKEDSET2","ROCK","",  -952.786E-03,      -1.88682,      -1.88311,  -956.496E-03,   58.7503E-03
F:/Desktop/DeepOnet_Abaqus/StaticElasticJob.odb,Step-1,Increment      1: Step Time =    1.000,"PLATE-1",          1282,             1,  -132.250E-03,  -861.160E-03,            0.,"ASSEMBLY_PLATE-1__PICKEDSET2","ROCK","",  -948.799E-03,      -1.88621,      -1.88467,  -950.337E-03,   37.9367E-03
F:/Desktop/DeepOnet_Abaqus/StaticElasticJob.odb,Step-1,Increment      1: Step Time =    1.000,"PLATE-1",          1283,             1,  -142.988E-03,   802.832E-03,            0.,"ASSEMBLY_PLATE-1__PICKEDSET2","ROCK","",      -1.05132,      -2.08834,      -2.08729,      -1.05238,   33.0598E-03
F:/Desktop/DeepOnet_Abaqus/StaticElasticJob.odb,Step-1,Increment      1: Step Time =    1.000,"PLATE-1",          1284,             1,   155.422E-03,   765.240E-03,            0.,"ASSEMBLY_PLATE-1__PICKEDSET2","ROCK","",  -937.106E-03,      -2.10804,      -2.09866,  -946.486E-03,   104.382E-03
F:/Desktop/DeepOnet_Abaqus/StaticElasticJob.odb,Step-1,Increment      1: Step Time =    1.000,"PLATE-1",          1285,             1,  -367.989E-03,   767.284E-03,            0.,"ASSEMBLY_PLATE-1__PICKEDSET2","ROCK","",  -972.422E-03,      -2.01533,      -2.01530,  -972.449E-03,   5.39970E-03
F:/Desktop/DeepOnet_Abaqus/StaticElasticJob.odb,Step-1,Increment      1: Step Time =    1.000,"PLATE-1",          1286,             1,   830.749E-03,  -31.8656E-03,            0.,"ASSEMBLY_PLATE-1__PICKEDSET2","ROCK","",      -1.07347,      -1.62945,      -1.62857,      -1.07435,  -22.0919E-03
F:/Desktop/DeepOnet_Abaqus/StaticElasticJob.odb,Step-1,Increment      1: Step Time =    1.000,"PLATE-1",          1287,             1,  -647.959E-03,   395.084E-03,            0.,"ASSEMBLY_PLATE-1__PICKEDSET2","ROCK","",  -995.391E-03,      -1.79236,      -1.76582,      -1.02192,  -142.976E-03
F:/Desktop/DeepOnet_Abaqus/StaticElasticJob.odb,Step-1,Increment      1: Step Time =    1.000,"PLATE-1",          1288,             1,  -707.342E-03,   399.952E-03,            0.,"ASSEMBLY_PLATE-1__PICKEDSET2","ROCK","",      -1.00984,      -1.77406,      -1.75576,      -1.02814,  -116.824E-03
F:/Desktop/DeepOnet_Abaqus/StaticElasticJob.odb,Step-1,Increment      1: Step Time =    1.000,"PLATE-1",          1289,             1,   756.666E-03,  -456.586E-03,            0.,"ASSEMBLY_PLATE-1__PICKEDSET2","ROCK","",  -990.627E-03,      -1.77656,      -1.76389,      -1.00330,  -98.9827E-03
F:/Desktop/DeepOnet_Abaqus/StaticElasticJob.odb,Step-1,Increment      1: Step Time =    1.000,"PLATE-1",          1290,             1,   826.099E-03,   93.5606E-03,            0.,"ASSEMBLY_PLATE-1__PICKEDSET2","ROCK","",      -1.05746,      -1.64179,      -1.64055,      -1.05870,   26.8804E-03
F:/Desktop/DeepOnet_Abaqus/StaticElasticJob.odb,Step-1,Increment      1: Step Time =    1.000,"PLATE-1",          1291,             1,   854.580E-03,   133.876E-03,            0.,"ASSEMBLY_PLATE-1__PICKEDSET2","ROCK","",      -1.04174,      -1.66065,      -1.65921,      -1.04318,   29.8519E-03
F:/Desktop/DeepOnet_Abaqus/StaticElasticJob.odb,Step-1,Increment      1: Step Time =    1.000,"PLATE-1",          1292,             1,   131.854E-03,  -819.880E-03,            0.,"ASSEMBLY_PLATE-1__PICKEDSET2","ROCK","",  -932.302E-03,      -1.89962,      -1.89934,  -932.576E-03,  -16.2862E-03
F:/Desktop/DeepOnet_Abaqus/StaticElasticJob.odb,Step-1,Increment      1: Step Time =    1.000,"PLATE-1",          1293,             1,   776.495E-03,  -45.1257E-03,            0.,"ASSEMBLY_PLATE-1__PICKEDSET2","ROCK","",      -1.09237,      -1.60557,      -1.60393,      -1.09401,  -28.9966E-03
F:/Desktop/DeepOnet_Abaqus/StaticElasticJob.odb,Step-1,Increment      1: Step Time =    1.000,"PLATE-1",          1294,             1,  -281.845E-03,   856.375E-03,            0.,"ASSEMBLY_PLATE-1__PICKEDSET2","ROCK","",      -1.00573,      -2.05427,      -2.05143,      -1.00857,   54.5377E-03
F:/Desktop/DeepOnet_Abaqus/StaticElasticJob.odb,Step-1,Increment      1: Step Time =    1.000,"PLATE-1",          1295,             1,  -867.018E-03,  -191.321E-03,            0.,"ASSEMBLY_PLATE-1__PICKEDSET2","ROCK","",      -1.08526,      -1.68203,      -1.67217,      -1.09513,   76.0805E-03
F:/Desktop/DeepOnet_Abaqus/StaticElasticJob.odb,Step-1,Increment      1: Step Time =    1.000,"PLATE-1",          1296,             1,  -859.785E-03,  -247.936E-03,            0.,"ASSEMBLY_PLATE-1__PICKEDSET2","ROCK","",      -1.07030,      -1.70356,      -1.69091,      -1.08296,   88.6183E-03
F:/Desktop/DeepOnet_Abaqus/StaticElasticJob.odb,Step-1,Increment      1: Step Time =    1.000,"PLATE-1",          1297,             1,  -321.105E-03,  -835.239E-03,            0.,"ASSEMBLY_PLATE-1__PICKEDSET2","ROCK","",  -968.271E-03,      -1.86608,      -1.86187,  -972.475E-03,   61.2931E-03
F:/Desktop/DeepOnet_Abaqus/StaticElasticJob.odb,Step-1,Increment      1: Step Time =    1.000,"PLATE-1",          1298,             1,   530.574E-03,   712.555E-03,            0.,"ASSEMBLY_PLATE-1__PICKEDSET2","ROCK","",  -795.280E-03,      -1.97102,      -1.97091,  -795.389E-03,   11.3311E-03
F:/Desktop/DeepOnet_Abaqus/StaticElasticJob.odb,Step-1,Increment      1: Step Time =    1.000,"PLATE-1",          1299,             1,   631.054E-03,  -570.098E-03,            0.,"ASSEMBLY_PLATE-1__PICKEDSET2","ROCK","",  -971.241E-03,      -1.81980,      -1.80888,  -982.161E-03,  -95.6426E-03
F:/Desktop/DeepOnet_Abaqus/StaticElasticJob.odb,Step-1,Increment      1: Step Time =    1.000,"PLATE-1",          1300,             1,   459.806E-03,  -701.111E-03,            0.,"ASSEMBLY_PLATE-1__PICKEDSET2","ROCK","",  -954.719E-03,      -1.85906,      -1.85295,  -960.827E-03,  -74.0705E-03
F:/Desktop/DeepOnet_Abaqus/StaticElasticJob.odb,Step-1,Increment      1: Step Time =    1.000,"PLATE-1",          1301,             1,   719.013E-03,  -511.962E-03,            0.,"ASSEMBLY_PLATE-1__PICKEDSET2","ROCK","",  -983.275E-03,      -1.79291,      -1.78121,  -994.972E-03,  -96.6094E-03
F:/Desktop/DeepOnet_Abaqus/StaticElasticJob.odb,Step-1,Increment      1: Step Time =    1.000,"PLATE-1",          1302,             1,   833.287E-03,  -479.169E-03,            0.,"ASSEMBLY_PLATE-1__PICKEDSET2","ROCK","",  -991.830E-03,      -1.77255,      -1.76302,      -1.00136,  -85.7396E-03
F:/Desktop/DeepOnet_Abaqus/StaticElasticJob.odb,Step-1,Increment      1: Step Time =    1.000,"PLATE-1",          1303,             1,   505.132E-03,  -672.007E-03,            0.,"ASSEMBLY_PLATE-1__PICKEDSET2","ROCK","",  -958.826E-03,      -1.84973,      -1.84255,  -966.002E-03,  -79.6362E-03
F:/Desktop/DeepOnet_Abaqus/StaticElasticJob.odb,Step-1,Increment      1: Step Time =    1.000,"PLATE-1",          1304,             1,   955.280E-03,  -35.6647E-03,            0.,"ASSEMBLY_PLATE-1__PICKEDSET2","ROCK","",      -1.04209,      -1.67429,      -1.67324,      -1.04314,  -25.7652E-03
F:/Desktop/DeepOnet_Abaqus/StaticElasticJob.odb,Step-1,Increment      1: Step Time =    1.000,"PLATE-1",          1305,             1,   773.158E-03,   377.058E-03,            0.,"ASSEMBLY_PLATE-1__PICKEDSET2","ROCK","",  -945.509E-03,      -1.76490,      -1.75669,  -953.714E-03,   81.5815E-03
F:/Desktop/DeepOnet_Abaqus/StaticElasticJob.odb,Step-1,Increment      1: Step Time =    1.000,"PLATE-1",          1306,             1,  -512.705E-03,   645.794E-03,            0.,"ASSEMBLY_PLATE-1__PICKEDSET2","ROCK","",  -949.453E-03,      -1.93130,      -1.92784,  -952.914E-03,  -58.1942E-03
F:/Desktop/DeepOnet_Abaqus/StaticElasticJob.odb,Step-1,Increment      1: Step Time =    1.000,"PLATE-1",          1307,             1,  -185.402E-03,   856.644E-03,            0.,"ASSEMBLY_PLATE-1__PICKEDSET2","ROCK","",      -1.05571,      -2.08658,      -2.08355,      -1.05875,   55.8432E-03
F:/Desktop/DeepOnet_Abaqus/StaticElasticJob.odb,Step-1,Increment      1: Step Time =    1.000,"PLATE-1",          1308,             1,   811.068E-03,   23.8917E-03,            0.,"ASSEMBLY_PLATE-1__PICKEDSET2","ROCK","",      -1.07413,      -1.62589,      -1.62588,      -1.07414,   3.13462E-03
F:/Desktop/DeepOnet_Abaqus/StaticElasticJob.odb,Step-1,Increment      1: Step Time =    1.000,"PLATE-1",          1309,             1,   837.174E-03,  -332.806E-03,            0.,"ASSEMBLY_PLATE-1__PICKEDSET2","ROCK","",      -1.01533,      -1.73123,      -1.71980,      -1.02676,  -89.7349E-03
F:/Desktop/DeepOnet_Abaqus/StaticElasticJob.odb,Step-1,Increment      1: Step Time =    1.000,"PLATE-1",          1310,             1,  -20.5812E-03,   730.159E-03,            0.,"ASSEMBLY_PLATE-1__PICKEDSET2","ROCK","",      -1.04206,      -2.06992,      -2.06454,      -1.04744,   74.1580E-03
F:/Desktop/DeepOnet_Abaqus/StaticElasticJob.odb,Step-1,Increment      1: Step Time =    1.000,"PLATE-1",          1311,             1,   917.194E-03,   344.452E-03,            0.,"ASSEMBLY_PLATE-1__PICKEDSET2","ROCK","",  -976.341E-03,      -1.73179,      -1.73009,  -978.035E-03,   35.7389E-03
F:/Desktop/DeepOnet_Abaqus/StaticElasticJob.odb,Step-1,Increment      1: Step Time =    1.000,"PLATE-1",          1312,             1,   992.638E-03,   343.118E-03,            0.,"ASSEMBLY_PLATE-1__PICKEDSET2","ROCK","",  -981.679E-03,      -1.72709,      -1.72666,  -982.114E-03,   18.0018E-03
F:/Desktop/DeepOnet_Abaqus/StaticElasticJob.odb,Step-1,Increment      1: Step Time =    1.000,"PLATE-1",          1313,             1,  -3.90944E-03,  -885.094E-03,            0.,"ASSEMBLY_PLATE-1__PICKEDSET2","ROCK","",  -943.686E-03,      -1.88759,      -1.88740,  -943.880E-03,   13.5423E-03
F:/Desktop/DeepOnet_Abaqus/StaticElasticJob.odb,Step-1,Increment      1: Step Time =    1.000,"PLATE-1",          1314,             1,  -838.160E-03,  -412.123E-03,            0.,"ASSEMBLY_PLATE-1__PICKEDSET2","ROCK","",      -1.03581,      -1.75546,      -1.74284,      -1.04842,   94.4498E-03
F:/Desktop/DeepOnet_Abaqus/StaticElasticJob.odb,Step-1,Increment      1: Step Time =    1.000,"PLATE-1",          1315,             1,  -876.776E-03,   98.6064E-03,            0.,"ASSEMBLY_PLATE-1__PICKEDSET2","ROCK","",      -1.10716,      -1.64579,      -1.64497,      -1.10798,  -20.9613E-03
F:/Desktop/DeepOnet_Abaqus/StaticElasticJob.odb,Step-1,Increment      1: Step Time =    1.000,"PLATE-1",          1316,             1,      -1.02909,   87.8154E-03,            0.,"ASSEMBLY_PLATE-1__PICKEDSET2","ROCK","",      -1.08064,      -1.68323,      -1.68323,      -1.08065,  -556.517E-06
F:/Desktop/DeepOnet_Abaqus/StaticElasticJob.odb,Step-1,Increment      1: Step Time =    1.000,"PLATE-1",          1317,             1,  -920.310E-03,  -71.5111E-03,            0.,"ASSEMBLY_PLATE-1__PICKEDSET2","ROCK","",      -1.09915,      -1.66111,      -1.65833,      -1.10193,   39.4150E-03
F:/Desktop/DeepOnet_Abaqus/StaticElasticJob.odb,Step-1,Increment      1: Step Time =    1.000,"PLATE-1",          1318,             1,  -79.9616E-03,   843.218E-03,            0.,"ASSEMBLY_PLATE-1__PICKEDSET2","ROCK","",      -1.09757,      -2.09253,      -2.08847,      -1.10163,   63.4444E-03
F:/Desktop/DeepOnet_Abaqus/StaticElasticJob.odb,Step-1,Increment      1: Step Time =    1.000,"PLATE-1",          1319,             1,  -701.705E-03,   684.089E-03,            0.,"ASSEMBLY_PLATE-1__PICKEDSET2","ROCK","",  -972.316E-03,      -1.86003,      -1.85864,  -973.702E-03,  -35.0508E-03
F:/Desktop/DeepOnet_Abaqus/StaticElasticJob.odb,Step-1,Increment      1: Step Time =    1.000,"PLATE-1",          1320,             1,  -568.077E-03,   606.326E-03,            0.,"ASSEMBLY_PLATE-1__PICKEDSET2","ROCK","",  -957.948E-03,      -1.90371,      -1.89759,  -964.070E-03,  -75.8447E-03
F:/Desktop/DeepOnet_Abaqus/StaticElasticJob.odb,Step-1,Increment      1: Step Time =    1.000,"PLATE-1",          1321,             1,  -521.860E-03,   746.522E-03,            0.,"ASSEMBLY_PLATE-1__PICKEDSET2","ROCK","",  -958.084E-03,      -1.92885,      -1.92858,  -958.355E-03,  -16.2311E-03
F:/Desktop/DeepOnet_Abaqus/StaticElasticJob.odb,Step-1,Increment      1: Step Time =    1.000,"PLATE-1",          1322,             1,  -622.849E-03,   514.098E-03,            0.,"ASSEMBLY_PLATE-1__PICKEDSET2","ROCK","",  -969.608E-03,      -1.85646,      -1.84299,  -983.081E-03,  -108.476E-03
F:/Desktop/DeepOnet_Abaqus/StaticElasticJob.odb,Step-1,Increment      1: Step Time =    1.000,"PLATE-1",          1323,             1,  -703.194E-03,   462.657E-03,            0.,"ASSEMBLY_PLATE-1__PICKEDSET2","ROCK","",  -993.931E-03,      -1.80703,      -1.79359,      -1.00737,  -103.675E-03
F:/Desktop/DeepOnet_Abaqus/StaticElasticJob.odb,Step-1,Increment      1: Step Time =    1.000,"PLATE-1",          1324,             1,   140.461E-03,  -746.164E-03,            0.,"ASSEMBLY_PLATE-1__PICKEDSET2","ROCK","",  -916.107E-03,      -1.92174,      -1.92089,  -916.952E-03,  -29.1446E-03
F:/Desktop/DeepOnet_Abaqus/StaticElasticJob.odb,Step-1,Increment      1: Step Time =    1.000,"PLATE-1",          1325,             1,  -629.337E-03,   577.223E-03,            0.,"ASSEMBLY_PLATE-1__PICKEDSET2","ROCK","",  -965.577E-03,      -1.87032,      -1.86304,  -972.854E-03,  -80.8099E-03
F:/Desktop/DeepOnet_Abaqus/StaticElasticJob.odb,Step-1,Increment      1: Step Time =    1.000,"PLATE-1",          1326,             1,   38.9170E-03,   939.562E-03,            0.,"ASSEMBLY_PLATE-1__PICKEDSET2","ROCK","",      -1.06190,      -2.24116,      -2.22073,      -1.08233,   153.861E-03
F:/Desktop/DeepOnet_Abaqus/StaticElasticJob.odb,Step-1,Increment      1: Step Time =    1.000,"PLATE-1",          1327,             1,  -230.019E-03,  -964.171E-03,            0.,"ASSEMBLY_PLATE-1__PICKEDSET2","ROCK","",  -968.843E-03,      -1.85706,      -1.85543,  -970.468E-03,   37.9478E-03
F:/Desktop/DeepOnet_Abaqus/StaticElasticJob.odb,Step-1,Increment      1: Step Time =    1.000,"PLATE-1",          1328,             1,   699.298E-03,  -590.670E-03,            0.,"ASSEMBLY_PLATE-1__PICKEDSET2","ROCK","",  -975.935E-03,      -1.80808,      -1.79907,  -984.947E-03,  -86.1268E-03
F:/Desktop/DeepOnet_Abaqus/StaticElasticJob.odb,Step-1,Increment      1: Step Time =    1.000,"PLATE-1",          1329,             1,   779.422E-03,  -535.030E-03,            0.,"ASSEMBLY_PLATE-1__PICKEDSET2","ROCK","",  -984.905E-03,      -1.78723,      -1.77791,  -994.222E-03,  -85.9578E-03
F:/Desktop/DeepOnet_Abaqus/StaticElasticJob.odb,Step-1,Increment      1: Step Time =    1.000,"PLATE-1",          1330,             1,  -457.234E-03,   878.177E-03,            0.,"ASSEMBLY_PLATE-1__PICKEDSET2","ROCK","",  -964.345E-03,      -1.95612,      -1.95299,  -967.481E-03,   55.6833E-03
F:/Desktop/DeepOnet_Abaqus/StaticElasticJob.odb,Step-1,Increment      1: Step Time =    1.000,"PLATE-1",          1331,             1,   892.238E-03,  -33.3293E-03,            0.,"ASSEMBLY_PLATE-1__PICKEDSET2","ROCK","",      -1.05490,      -1.65978,      -1.65884,      -1.05583,  -23.7868E-03
F:/Desktop/DeepOnet_Abaqus/StaticElasticJob.odb,Step-1,Increment      1: Step Time =    1.000,"PLATE-1",          1332,             1,   189.201E-03,   815.405E-03,            0.,"ASSEMBLY_PLATE-1__PICKEDSET2","ROCK","",  -886.630E-03,      -2.15464,      -2.14776,  -893.506E-03,   93.1191E-03
F:/Desktop/DeepOnet_Abaqus/StaticElasticJob.odb,Step-1,Increment      1: Step Time =    1.000,"PLATE-1",          1333,             1,   218.908E-03,   870.317E-03,            0.,"ASSEMBLY_PLATE-1__PICKEDSET2","ROCK","",  -858.390E-03,      -2.14789,      -2.14317,  -863.108E-03,   77.8596E-03
F:/Desktop/DeepOnet_Abaqus/StaticElasticJob.odb,Step-1,Increment      1: Step Time =    1.000,"PLATE-1",          1334,             1,   133.048E-03,   848.024E-03,            0.,"ASSEMBLY_PLATE-1__PICKEDSET2","ROCK","",  -944.913E-03,      -2.14513,      -2.13380,  -956.243E-03,   116.064E-03
F:/Desktop/DeepOnet_Abaqus/StaticElasticJob.odb,Step-1,Increment      1: Step Time =    1.000,"PLATE-1",          1335,             1,   268.101E-03,  -709.868E-03,            0.,"ASSEMBLY_PLATE-1__PICKEDSET2","ROCK","",  -926.188E-03,      -1.90702,      -1.90325,  -929.956E-03,  -60.6805E-03
F:/Desktop/DeepOnet_Abaqus/StaticElasticJob.odb,Step-1,Increment      1: Step Time =    1.000,"PLATE-1",          1336,             1,  -860.842E-03,  -84.3720E-03,            0.,"ASSEMBLY_PLATE-1__PICKEDSET2","ROCK","",      -1.10939,      -1.64752,      -1.64323,      -1.11368,   47.8760E-03
F:/Desktop/DeepOnet_Abaqus/StaticElasticJob.odb,Step-1,Increment      1: Step Time =    1.000,"PLATE-1",          1337,             1,  -895.831E-03,  -477.961E-03,            0.,"ASSEMBLY_PLATE-1__PICKEDSET2","ROCK","",      -1.02955,      -1.76267,      -1.75341,      -1.03881,   81.8805E-03
F:/Desktop/DeepOnet_Abaqus/StaticElasticJob.odb,Step-1,Increment      1: Step Time =    1.000,"PLATE-1",          1338,             1,  -878.307E-03,  -588.505E-03,            0.,"ASSEMBLY_PLATE-1__PICKEDSET2","ROCK","",      -1.01740,      -1.78086,      -1.77333,      -1.02492,   75.4073E-03
F:/Desktop/DeepOnet_Abaqus/StaticElasticJob.odb,Step-1,Increment      1: Step Time =    1.000,"PLATE-1",          1339,             1,   901.791E-03,   100.951E-03,            0.,"ASSEMBLY_PLATE-1__PICKEDSET2","ROCK","",      -1.04155,      -1.66517,      -1.66491,      -1.04181,   12.7165E-03
F:/Desktop/DeepOnet_Abaqus/StaticElasticJob.odb,Step-1,Increment      1: Step Time =    1.000,"PLATE-1",          1340,             1,  -760.406E-03,   406.143E-03,            0.,"ASSEMBLY_PLATE-1__PICKEDSET2","ROCK","",      -1.01800,      -1.76692,      -1.75331,      -1.03161,  -100.042E-03
F:/Desktop/DeepOnet_Abaqus/StaticElasticJob.odb,Step-1,Increment      1: Step Time =    1.000,"PLATE-1",          1341,             1,   854.940E-03,   210.797E-03,            0.,"ASSEMBLY_PLATE-1__PICKEDSET2","ROCK","",      -1.01550,      -1.68777,      -1.68343,      -1.01985,   53.8513E-03
F:/Desktop/DeepOnet_Abaqus/StaticElasticJob.odb,Step-1,Increment      1: Step Time =    1.000,"PLATE-1",          1342,             1,   446.093E-03,  -797.472E-03,            0.,"ASSEMBLY_PLATE-1__PICKEDSET2","ROCK","",  -956.816E-03,      -1.85523,      -1.85201,  -960.038E-03,  -53.7040E-03
F:/Desktop/DeepOnet_Abaqus/StaticElasticJob.odb,Step-1,Increment      1: Step Time =    1.000,"PLATE-1",          1343,             1,   407.182E-03,  -730.594E-03,            0.,"ASSEMBLY_PLATE-1__PICKEDSET2","ROCK","",  -948.686E-03,      -1.87013,      -1.86526,  -953.555E-03,  -66.8096E-03
F:/Desktop/DeepOnet_Abaqus/StaticElasticJob.odb,Step-1,Increment      1: Step Time =    1.000,"PLATE-1",          1344,             1,   896.823E-03,   466.900E-03,            0.,"ASSEMBLY_PLATE-1__PICKEDSET2","ROCK","",  -940.920E-03,      -1.76853,      -1.76775,  -941.694E-03,   25.3073E-03
F:/Desktop/DeepOnet_Abaqus/StaticElasticJob.odb,Step-1,Increment      1: Step Time =    1.000,"PLATE-1",          1345,             1,   781.466E-03,   532.040E-03,            0.,"ASSEMBLY_PLATE-1__PICKEDSET2","ROCK","",  -899.581E-03,      -1.81787,      -1.81656,  -900.890E-03,   34.6399E-03
F:/Desktop/DeepOnet_Abaqus/StaticElasticJob.odb,Step-1,Increment      1: Step Time =    1.000,"PLATE-1",          1346,             1,   347.403E-03,  -761.659E-03,            0.,"ASSEMBLY_PLATE-1__PICKEDSET2","ROCK","",  -944.002E-03,      -1.87898,      -1.87544,  -947.539E-03,  -57.3996E-03
F:/Desktop/DeepOnet_Abaqus/StaticElasticJob.odb,Step-1,Increment      1: Step Time =    1.000,"PLATE-1",          1347,             1,   288.783E-03,  -795.608E-03,            0.,"ASSEMBLY_PLATE-1__PICKEDSET2","ROCK","",  -941.577E-03,      -1.88302,      -1.88100,  -943.604E-03,  -43.6285E-03
F:/Desktop/DeepOnet_Abaqus/StaticElasticJob.odb,Step-1,Increment      1: Step Time =    1.000,"PLATE-1",          1348,             1,  -868.077E-03,  -137.340E-03,            0.,"ASSEMBLY_PLATE-1__PICKEDSET2","ROCK","",      -1.09704,      -1.66486,      -1.65766,      -1.10424,   63.5417E-03
F:/Desktop/DeepOnet_Abaqus/StaticElasticJob.odb,Step-1,Increment      1: Step Time =    1.000,"PLATE-1",          1349,             1,   189.089E-03,  -899.149E-03,            0.,"ASSEMBLY_PLATE-1__PICKEDSET2","ROCK","",  -948.498E-03,      -1.87505,      -1.87474,  -948.805E-03,  -16.8561E-03
F:/Desktop/DeepOnet_Abaqus/StaticElasticJob.odb,Step-1,Increment      1: Step Time =    1.000,"PLATE-1",          1350,             1,  -797.058E-03,   431.282E-03,            0.,"ASSEMBLY_PLATE-1__PICKEDSET2","ROCK","",      -1.01795,      -1.76663,      -1.75810,      -1.02648,  -79.4275E-03
F:/Desktop/DeepOnet_Abaqus/StaticElasticJob.odb,Step-1,Increment      1: Step Time =    1.000,"PLATE-1",          1351,             1,   91.2088E-03,  -854.015E-03,            0.,"ASSEMBLY_PLATE-1__PICKEDSET2","ROCK","",  -937.238E-03,      -1.89381,      -1.89379,  -937.262E-03,  -4.86499E-03
F:/Desktop/DeepOnet_Abaqus/StaticElasticJob.odb,Step-1,Increment      1: Step Time =    1.000,"PLATE-1",          1352,             1,   383.888E-03,  -833.244E-03,            0.,"ASSEMBLY_PLATE-1__PICKEDSET2","ROCK","",  -954.586E-03,      -1.86034,      -1.85810,  -956.826E-03,  -44.9926E-03
F:/Desktop/DeepOnet_Abaqus/StaticElasticJob.odb,Step-1,Increment      1: Step Time =    1.000,"PLATE-1",          1353,             1,   668.941E-03,  -662.594E-03,            0.,"ASSEMBLY_PLATE-1__PICKEDSET2","ROCK","",  -971.694E-03,      -1.81829,      -1.81148,  -978.503E-03,  -75.6181E-03
F:/Desktop/DeepOnet_Abaqus/StaticElasticJob.odb,Step-1,Increment      1: Step Time =    1.000,"PLATE-1",          1354,             1,  -358.568E-03,      -1.05360,            0.,"ASSEMBLY_PLATE-1__PICKEDSET2","ROCK","",  -983.031E-03,      -1.83440,      -1.83287,  -984.564E-03,   36.0968E-03
F:/Desktop/DeepOnet_Abaqus/StaticElasticJob.odb,Step-1,Increment      1: Step Time =    1.000,"PLATE-1",          1355,             1,  -322.545E-03,  -993.852E-03,            0.,"ASSEMBLY_PLATE-1__PICKEDSET2","ROCK","",  -978.569E-03,      -1.84341,      -1.84141,  -980.563E-03,   41.4813E-03
F:/Desktop/DeepOnet_Abaqus/StaticElasticJob.odb,Step-1,Increment      1: Step Time =    1.000,"PLATE-1",          1356,             1,  -900.741E-03,  -423.373E-03,            0.,"ASSEMBLY_PLATE-1__PICKEDSET2","ROCK","",      -1.03617,      -1.75298,      -1.74322,      -1.04594,   83.0840E-03
F:/Desktop/DeepOnet_Abaqus/StaticElasticJob.odb,Step-1,Increment      1: Step Time =    1.000,"PLATE-1",          1357,             1,  -363.372E-03,   920.032E-03,            0.,"ASSEMBLY_PLATE-1__PICKEDSET2","ROCK","",  -979.181E-03,      -2.00518,      -1.99928,  -985.078E-03,   77.5572E-03
F:/Desktop/DeepOnet_Abaqus/StaticElasticJob.odb,Step-1,Increment      1: Step Time =    1.000,"PLATE-1",          1358,             1,  -431.058E-03,   942.434E-03,            0.,"ASSEMBLY_PLATE-1__PICKEDSET2","ROCK","",  -951.294E-03,      -2.00376,      -1.99725,  -957.809E-03,   82.5512E-03
F:/Desktop/DeepOnet_Abaqus/StaticElasticJob.odb,Step-1,Increment      1: Step Time =    1.000,"PLATE-1",          1359,             1,  -265.919E-03,  -870.274E-03,            0.,"ASSEMBLY_PLATE-1__PICKEDSET2","ROCK","",  -964.084E-03,      -1.86846,      -1.86542,  -967.122E-03,   52.3301E-03
F:/Desktop/DeepOnet_Abaqus/StaticElasticJob.odb,Step-1,Increment      1: Step Time =    1.000,"PLATE-1",          1360,             1,   991.165E-03,  -359.078E-03,            0.,"ASSEMBLY_PLATE-1__PICKEDSET2","ROCK","",      -1.00935,      -1.73839,      -1.73198,      -1.01575,  -68.0284E-03
F:/Desktop/DeepOnet_Abaqus/StaticElasticJob.odb,Step-1,Increment      1: Step Time =    1.000,"PLATE-1",          1361,             1,   945.929E-03,  -154.070E-03,            0.,"ASSEMBLY_PLATE-1__PICKEDSET2","ROCK","",      -1.03918,      -1.68738,      -1.68307,      -1.04349,  -52.7160E-03
F:/Desktop/DeepOnet_Abaqus/StaticElasticJob.odb,Step-1,Increment      1: Step Time =    1.000,"PLATE-1",          1362,             1,       1.00877,  -103.599E-03,            0.,"ASSEMBLY_PLATE-1__PICKEDSET2","ROCK","",      -1.03302,      -1.69229,      -1.68985,      -1.03546,  -39.9750E-03
F:/Desktop/DeepOnet_Abaqus/StaticElasticJob.odb,Step-1,Increment      1: Step Time =    1.000,"PLATE-1",          1363,             1,   958.230E-03,   27.6404E-03,            0.,"ASSEMBLY_PLATE-1__PICKEDSET2","ROCK","",      -1.04221,      -1.67269,      -1.67247,      -1.04243,  -11.7395E-03
F:/Desktop/DeepOnet_Abaqus/StaticElasticJob.odb,Step-1,Increment      1: Step Time =    1.000,"PLATE-1",          1364,             1,  -217.881E-03,   953.767E-03,            0.,"ASSEMBLY_PLATE-1__PICKEDSET2","ROCK","",      -1.00600,      -2.16523,      -2.15651,      -1.01472,   100.140E-03
F:/Desktop/DeepOnet_Abaqus/StaticElasticJob.odb,Step-1,Increment      1: Step Time =    1.000,"PLATE-1",          1365,             1,  -17.1652E-03,   889.693E-03,            0.,"ASSEMBLY_PLATE-1__PICKEDSET2","ROCK","",      -1.10562,      -2.18895,      -2.17875,      -1.11581,   104.596E-03
F:/Desktop/DeepOnet_Abaqus/StaticElasticJob.odb,Step-1,Increment      1: Step Time =    1.000,"PLATE-1",          1366,             1,   909.239E-03,  -531.137E-03,            0.,"ASSEMBLY_PLATE-1__PICKEDSET2","ROCK","",  -990.848E-03,      -1.77374,      -1.76686,  -997.733E-03,  -73.0971E-03
F:/Desktop/DeepOnet_Abaqus/StaticElasticJob.odb,Step-1,Increment      1: Step Time =    1.000,"PLATE-1",          1367,             1,   248.487E-03,   780.782E-03,            0.,"ASSEMBLY_PLATE-1__PICKEDSET2","ROCK","",  -863.383E-03,      -2.10458,      -2.09992,  -868.040E-03,   75.8889E-03
F:/Desktop/DeepOnet_Abaqus/StaticElasticJob.odb,Step-1,Increment      1: Step Time =    1.000,"PLATE-1",          1368,             1,  -929.396E-03,  -132.205E-03,            0.,"ASSEMBLY_PLATE-1__PICKEDSET2","ROCK","",      -1.08867,      -1.67639,      -1.67150,      -1.09356,   53.3806E-03
F:/Desktop/DeepOnet_Abaqus/StaticElasticJob.odb,Step-1,Increment      1: Step Time =    1.000,"PLATE-1",          1369,             1,  -852.568E-03,  -541.389E-03,            0.,"ASSEMBLY_PLATE-1__PICKEDSET2","ROCK","",      -1.02074,      -1.77752,      -1.76841,      -1.02985,   82.5220E-03
F:/Desktop/DeepOnet_Abaqus/StaticElasticJob.odb,Step-1,Increment      1: Step Time =    1.000,"PLATE-1",          1370,             1,   910.675E-03,   278.888E-03,            0.,"ASSEMBLY_PLATE-1__PICKEDSET2","ROCK","",  -992.281E-03,      -1.71487,      -1.71286,  -994.294E-03,   38.0910E-03
F:/Desktop/DeepOnet_Abaqus/StaticElasticJob.odb,Step-1,Increment      1: Step Time =    1.000,"PLATE-1",          1371,             1,   886.028E-03,   175.044E-03,            0.,"ASSEMBLY_PLATE-1__PICKEDSET2","ROCK","",      -1.02646,      -1.67776,      -1.67599,      -1.02823,   33.9297E-03
F:/Desktop/DeepOnet_Abaqus/StaticElasticJob.odb,Step-1,Increment      1: Step Time =    1.000,"PLATE-1",          1372,             1,  -912.562E-03,  -366.941E-03,            0.,"ASSEMBLY_PLATE-1__PICKEDSET2","ROCK","",      -1.04490,      -1.73964,      -1.72955,      -1.05500,   83.1237E-03
F:/Desktop/DeepOnet_Abaqus/StaticElasticJob.odb,Step-1,Increment      1: Step Time =    1.000,"PLATE-1",          1373,             1,   121.438E-03,  -907.080E-03,            0.,"ASSEMBLY_PLATE-1__PICKEDSET2","ROCK","",  -947.138E-03,      -1.87848,      -1.87841,  -947.206E-03,  -7.91623E-03
F:/Desktop/DeepOnet_Abaqus/StaticElasticJob.odb,Step-1,Increment      1: Step Time =    1.000,"PLATE-1",          1374,             1,   891.594E-03,  -183.234E-03,            0.,"ASSEMBLY_PLATE-1__PICKEDSET2","ROCK","",      -1.03967,      -1.68739,      -1.68105,      -1.04601,  -63.7850E-03
F:/Desktop/DeepOnet_Abaqus/StaticElasticJob.odb,Step-1,Increment      1: Step Time =    1.000,"PLATE-1",          1375,             1,  -694.093E-03,   523.871E-03,            0.,"ASSEMBLY_PLATE-1__PICKEDSET2","ROCK","",  -982.686E-03,      -1.82891,      -1.81976,  -991.837E-03,  -87.5178E-03
F:/Desktop/DeepOnet_Abaqus/StaticElasticJob.odb,Step-1,Increment      1: Step Time =    1.000,"PLATE-1",          1376,             1,   209.827E-03,   728.885E-03,            0.,"ASSEMBLY_PLATE-1__PICKEDSET2","ROCK","",  -894.480E-03,      -2.11073,      -2.10320,  -902.017E-03,   95.4447E-03
F:/Desktop/DeepOnet_Abaqus/StaticElasticJob.odb,Step-1,Increment      1: Step Time =    1.000,"PLATE-1",          1377,             1,  -760.482E-03,   457.388E-03,            0.,"ASSEMBLY_PLATE-1__PICKEDSET2","ROCK","",      -1.00332,      -1.79098,      -1.78031,      -1.01399,  -91.0567E-03
F:/Desktop/DeepOnet_Abaqus/StaticElasticJob.odb,Step-1,Increment      1: Step Time =    1.000,"PLATE-1",          1378,             1,  -906.515E-03,   416.185E-03,            0.,"ASSEMBLY_PLATE-1__PICKEDSET2","ROCK","",      -1.03048,      -1.74862,      -1.74410,      -1.03500,  -56.7522E-03
F:/Desktop/DeepOnet_Abaqus/StaticElasticJob.odb,Step-1,Increment      1: Step Time =    1.000,"PLATE-1",          1379,             1,  -831.439E-03,   397.531E-03,            0.,"ASSEMBLY_PLATE-1__PICKEDSET2","ROCK","",      -1.02842,      -1.75189,      -1.74360,      -1.03671,  -76.9887E-03
F:/Desktop/DeepOnet_Abaqus/StaticElasticJob.odb,Step-1,Increment      1: Step Time =    1.000,"PLATE-1",          1380,             1,  -645.050E-03,   730.706E-03,            0.,"ASSEMBLY_PLATE-1__PICKEDSET2","ROCK","",  -963.401E-03,      -1.88405,      -1.88366,  -963.796E-03,  -19.0767E-03
F:/Desktop/DeepOnet_Abaqus/StaticElasticJob.odb,Step-1,Increment      1: Step Time =    1.000,"PLATE-1",          1381,             1,   772.158E-03,  -605.566E-03,            0.,"ASSEMBLY_PLATE-1__PICKEDSET2","ROCK","",  -980.273E-03,      -1.79787,      -1.79047,  -987.674E-03,  -77.4343E-03
F:/Desktop/DeepOnet_Abaqus/StaticElasticJob.odb,Step-1,Increment      1: Step Time =    1.000,"PLATE-1",          1382,             1,   540.269E-03,  -792.956E-03,            0.,"ASSEMBLY_PLATE-1__PICKEDSET2","ROCK","",  -963.311E-03,      -1.84052,      -1.83683,  -967.003E-03,  -56.7838E-03
F:/Desktop/DeepOnet_Abaqus/StaticElasticJob.odb,Step-1,Increment      1: Step Time =    1.000,"PLATE-1",          1383,             1,   538.251E-03,  -714.300E-03,            0.,"ASSEMBLY_PLATE-1__PICKEDSET2","ROCK","",  -962.056E-03,      -1.84254,      -1.83686,  -967.728E-03,  -70.4435E-03
F:/Desktop/DeepOnet_Abaqus/StaticElasticJob.odb,Step-1,Increment      1: Step Time =    1.000,"PLATE-1",          1384,             1,  -551.714E-03,   848.097E-03,            0.,"ASSEMBLY_PLATE-1__PICKEDSET2","ROCK","",  -958.041E-03,      -1.91448,      -1.91316,  -959.364E-03,   35.5385E-03
F:/Desktop/DeepOnet_Abaqus/StaticElasticJob.odb,Step-1,Increment      1: Step Time =    1.000,"PLATE-1",          1385,             1,      -1.06222,  -52.1087E-03,            0.,"ASSEMBLY_PLATE-1__PICKEDSET2","ROCK","",      -1.07649,      -1.69061,      -1.68943,      -1.07767,   26.8791E-03
F:/Desktop/DeepOnet_Abaqus/StaticElasticJob.odb,Step-1,Increment      1: Step Time =    1.000,"PLATE-1",          1386,             1,   620.554E-03,  -713.561E-03,            0.,"ASSEMBLY_PLATE-1__PICKEDSET2","ROCK","",  -967.481E-03,      -1.82923,      -1.82373,  -972.987E-03,  -68.6596E-03
F:/Desktop/DeepOnet_Abaqus/StaticElasticJob.odb,Step-1,Increment      1: Step Time =    1.000,"PLATE-1",          1387,             1,  -161.934E-03,  -989.601E-03,            0.,"ASSEMBLY_PLATE-1__PICKEDSET2","ROCK","",  -966.453E-03,      -1.85831,      -1.85732,  -967.442E-03,   29.6753E-03
F:/Desktop/DeepOnet_Abaqus/StaticElasticJob.odb,Step-1,Increment      1: Step Time =    1.000,"PLATE-1",          1388,             1,   579.848E-03,  -675.967E-03,            0.,"ASSEMBLY_PLATE-1__PICKEDSET2","ROCK","",  -965.123E-03,      -1.83486,      -1.82797,  -972.004E-03,  -77.0574E-03
F:/Desktop/DeepOnet_Abaqus/StaticElasticJob.odb,Step-1,Increment      1: Step Time =    1.000,"PLATE-1",          1389,             1,  -1.53226E-03,   999.875E-03,            0.,"ASSEMBLY_PLATE-1__PICKEDSET2","ROCK","",      -1.13631,      -2.47228,      -2.44699,      -1.16160,   182.057E-03
F:/Desktop/DeepOnet_Abaqus/StaticElasticJob.odb,Step-1,Increment      1: Step Time =    1.000,"PLATE-1",          1390,             1,  -995.843E-03,  -255.763E-03,            0.,"ASSEMBLY_PLATE-1__PICKEDSET2","ROCK","",      -1.06105,      -1.71421,      -1.70796,      -1.06730,   63.5732E-03
F:/Desktop/DeepOnet_Abaqus/StaticElasticJob.odb,Step-1,Increment      1: Step Time =    1.000,"PLATE-1",          1391,             1,   982.633E-03,  -275.404E-03,            0.,"ASSEMBLY_PLATE-1__PICKEDSET2","ROCK","",      -1.02009,      -1.71955,      -1.71325,      -1.02639,  -66.1102E-03
F:/Desktop/DeepOnet_Abaqus/StaticElasticJob.odb,Step-1,Increment      1: Step Time =    1.000,"PLATE-1",          1392,             1,       1.05880,   243.781E-03,            0.,"ASSEMBLY_PLATE-1__PICKEDSET2","ROCK","",      -1.00164,      -1.71108,      -1.71103,      -1.00168,   5.83412E-03
F:/Desktop/DeepOnet_Abaqus/StaticElasticJob.odb,Step-1,Increment      1: Step Time =    1.000,"PLATE-1",          1393,             1,   840.851E-03,  -536.535E-03,            0.,"ASSEMBLY_PLATE-1__PICKEDSET2","ROCK","",  -987.940E-03,      -1.78136,      -1.77356,  -995.742E-03,  -78.2897E-03
F:/Desktop/DeepOnet_Abaqus/StaticElasticJob.odb,Step-1,Increment      1: Step Time =    1.000,"PLATE-1",          1394,             1,  -777.661E-03,  -642.813E-03,            0.,"ASSEMBLY_PLATE-1__PICKEDSET2","ROCK","",      -1.01007,      -1.79591,      -1.78814,      -1.01784,   77.7850E-03
F:/Desktop/DeepOnet_Abaqus/StaticElasticJob.odb,Step-1,Increment      1: Step Time =    1.000,"PLATE-1",          1395,             1,   933.872E-03,  -235.308E-03,            0.,"ASSEMBLY_PLATE-1__PICKEDSET2","ROCK","",      -1.02822,      -1.70728,      -1.70067,      -1.03482,  -66.6617E-03
F:/Desktop/DeepOnet_Abaqus/StaticElasticJob.odb,Step-1,Increment      1: Step Time =    1.000,"PLATE-1",          1396,             1,   889.786E-03,  -285.760E-03,            0.,"ASSEMBLY_PLATE-1__PICKEDSET2","ROCK","",      -1.02215,      -1.71773,      -1.70890,      -1.03098,  -77.8779E-03
F:/Desktop/DeepOnet_Abaqus/StaticElasticJob.odb,Step-1,Increment      1: Step Time =    1.000,"PLATE-1",          1397,             1,   503.927E-03,  -848.259E-03,            0.,"ASSEMBLY_PLATE-1__PICKEDSET2","ROCK","",  -962.870E-03,      -1.84280,      -1.84020,  -965.463E-03,  -47.6936E-03
F:/Desktop/DeepOnet_Abaqus/StaticElasticJob.odb,Step-1,Increment      1: Step Time =    1.000,"PLATE-1",          1398,             1,   283.118E-03,   841.217E-03,            0.,"ASSEMBLY_PLATE-1__PICKEDSET2","ROCK","",  -801.182E-03,      -2.14747,      -2.14512,  -803.528E-03,   56.1448E-03
F:/Desktop/DeepOnet_Abaqus/StaticElasticJob.odb,Step-1,Increment      1: Step Time =    1.000,"PLATE-1",          1399,             1,  -659.589E-03,   634.655E-03,            0.,"ASSEMBLY_PLATE-1__PICKEDSET2","ROCK","",  -965.438E-03,      -1.87466,      -1.87147,  -968.630E-03,  -53.7773E-03
F:/Desktop/DeepOnet_Abaqus/StaticElasticJob.odb,Step-1,Increment      1: Step Time =    1.000,"PLATE-1",          1400,             1,   125.387E-03,  -972.857E-03,            0.,"ASSEMBLY_PLATE-1__PICKEDSET2","ROCK","",  -955.512E-03,      -1.86596,      -1.86594,  -955.535E-03,  -4.62866E-03
F:/Desktop/DeepOnet_Abaqus/StaticElasticJob.odb,Step-1,Increment      1: Step Time =    1.000,"PLATE-1",          1401,             1,   573.818E-03,  -751.305E-03,            0.,"ASSEMBLY_PLATE-1__PICKEDSET2","ROCK","",  -964.403E-03,      -1.83683,      -1.83208,  -969.158E-03,  -64.2360E-03
F:/Desktop/DeepOnet_Abaqus/StaticElasticJob.odb,Step-1,Increment      1: Step Time =    1.000,"PLATE-1",          1402,             1,   655.085E-03,  -762.922E-03,            0.,"ASSEMBLY_PLATE-1__PICKEDSET2","ROCK","",  -969.535E-03,      -1.82448,      -1.82016,  -973.854E-03,  -60.6156E-03
F:/Desktop/DeepOnet_Abaqus/StaticElasticJob.odb,Step-1,Increment      1: Step Time =    1.000,"PLATE-1",          1403,             1,  -518.824E-03,   905.032E-03,            0.,"ASSEMBLY_PLATE-1__PICKEDSET2","ROCK","",  -952.352E-03,      -1.95830,      -1.95458,  -956.074E-03,   61.0780E-03
F:/Desktop/DeepOnet_Abaqus/StaticElasticJob.odb,Step-1,Increment      1: Step Time =    1.000,"PLATE-1",          1404,             1,  -575.352E-03,   928.882E-03,            0.,"ASSEMBLY_PLATE-1__PICKEDSET2","ROCK","",  -960.330E-03,      -1.88903,      -1.88319,  -966.167E-03,   73.3989E-03
F:/Desktop/DeepOnet_Abaqus/StaticElasticJob.odb,Step-1,Increment      1: Step Time =    1.000,"PLATE-1",          1405,             1,  -296.845E-03,   910.109E-03,            0.,"ASSEMBLY_PLATE-1__PICKEDSET2","ROCK","",  -980.085E-03,      -2.08690,      -2.08348,  -983.512E-03,   61.4908E-03
F:/Desktop/DeepOnet_Abaqus/StaticElasticJob.odb,Step-1,Increment      1: Step Time =    1.000,"PLATE-1",          1406,             1,   989.795E-03,  -528.790E-03,            0.,"ASSEMBLY_PLATE-1__PICKEDSET2","ROCK","",  -994.307E-03,      -1.76685,      -1.76116,  -999.996E-03,  -66.0507E-03
F:/Desktop/DeepOnet_Abaqus/StaticElasticJob.odb,Step-1,Increment      1: Step Time =    1.000,"PLATE-1",          1407,             1,  -690.613E-03,   785.144E-03,            0.,"ASSEMBLY_PLATE-1__PICKEDSET2","ROCK","",  -965.599E-03,      -1.87668,      -1.87666,  -965.620E-03,   4.40972E-03
F:/Desktop/DeepOnet_Abaqus/StaticElasticJob.odb,Step-1,Increment      1: Step Time =    1.000,"PLATE-1",          1408,             1,  -591.521E-03,   786.227E-03,            0.,"ASSEMBLY_PLATE-1__PICKEDSET2","ROCK","",  -960.591E-03,      -1.91638,      -1.91635,  -960.614E-03,   4.67297E-03
F:/Desktop/DeepOnet_Abaqus/StaticElasticJob.odb,Step-1,Increment      1: Step Time =    1.000,"PLATE-1",          1409,             1,  -854.182E-03,  -304.641E-03,            0.,"ASSEMBLY_PLATE-1__PICKEDSET2","ROCK","",      -1.05595,      -1.72518,      -1.71174,      -1.06939,   93.8928E-03
F:/Desktop/DeepOnet_Abaqus/StaticElasticJob.odb,Step-1,Increment      1: Step Time =    1.000,"PLATE-1",          1410,             1,  -920.994E-03,  -310.098E-03,            0.,"ASSEMBLY_PLATE-1__PICKEDSET2","ROCK","",      -1.05528,      -1.72413,      -1.71457,      -1.06484,   79.4133E-03
F:/Desktop/DeepOnet_Abaqus/StaticElasticJob.odb,Step-1,Increment      1: Step Time =    1.000,"PLATE-1",          1411,             1,      -1.03698,  -450.283E-03,            0.,"ASSEMBLY_PLATE-1__PICKEDSET2","ROCK","",      -1.03465,      -1.75064,      -1.74469,      -1.04060,   65.0084E-03
F:/Desktop/DeepOnet_Abaqus/StaticElasticJob.odb,Step-1,Increment      1: Step Time =    1.000,"PLATE-1",          1412,             1,      -1.01902,  -504.090E-03,            0.,"ASSEMBLY_PLATE-1__PICKEDSET2","ROCK","",      -1.02929,      -1.75877,      -1.75271,      -1.03535,   66.1740E-03
F:/Desktop/DeepOnet_Abaqus/StaticElasticJob.odb,Step-1,Increment      1: Step Time =    1.000,"PLATE-1",          1413,             1,  -292.157E-03,      -1.09429,            0.,"ASSEMBLY_PLATE-1__PICKEDSET2","ROCK","",  -981.560E-03,      -1.83498,      -1.83387,  -982.673E-03,   30.7975E-03
F:/Desktop/DeepOnet_Abaqus/StaticElasticJob.odb,Step-1,Increment      1: Step Time =    1.000,"PLATE-1",          1414,             1,  -79.8106E-03,  -941.145E-03,            0.,"ASSEMBLY_PLATE-1__PICKEDSET2","ROCK","",  -956.187E-03,      -1.87180,      -1.87121,  -956.780E-03,   23.3025E-03
F:/Desktop/DeepOnet_Abaqus/StaticElasticJob.odb,Step-1,Increment      1: Step Time =    1.000,"PLATE-1",          1415,             1,      -1.06878,  -122.711E-03,            0.,"ASSEMBLY_PLATE-1__PICKEDSET2","ROCK","",      -1.07113,      -1.69841,      -1.69606,      -1.07348,   38.3071E-03
F:/Desktop/DeepOnet_Abaqus/StaticElasticJob.odb,Step-1,Increment      1: Step Time =    1.000,"PLATE-1",          1416,             1,  -862.615E-03,   535.624E-03,            0.,"ASSEMBLY_PLATE-1__PICKEDSET2","ROCK","",      -1.00564,      -1.78751,      -1.78394,      -1.00921,  -52.7029E-03
F:/Desktop/DeepOnet_Abaqus/StaticElasticJob.odb,Step-1,Increment      1: Step Time =    1.000,"PLATE-1",          1417,             1,  -557.695E-03,   987.975E-03,            0.,"ASSEMBLY_PLATE-1__PICKEDSET2","ROCK","",  -959.752E-03,      -1.90668,      -1.89566,  -970.774E-03,   101.567E-03
F:/Desktop/DeepOnet_Abaqus/StaticElasticJob.odb,Step-1,Increment      1: Step Time =    1.000,"PLATE-1",          1418,             1,  -824.955E-03,   599.547E-03,            0.,"ASSEMBLY_PLATE-1__PICKEDSET2","ROCK","",  -991.956E-03,      -1.80999,      -1.80729,  -994.663E-03,  -46.9802E-03
F:/Desktop/DeepOnet_Abaqus/StaticElasticJob.odb,Step-1,Increment      1: Step Time =    1.000,"PLATE-1",          1419,             1,   473.861E-03,  -917.678E-03,            0.,"ASSEMBLY_PLATE-1__PICKEDSET2","ROCK","",  -964.620E-03,      -1.84127,      -1.83962,  -966.268E-03,  -37.9742E-03
F:/Desktop/DeepOnet_Abaqus/StaticElasticJob.odb,Step-1,Increment      1: Step Time =    1.000,"PLATE-1",          1420,             1,   269.708E-03,  -975.796E-03,            0.,"ASSEMBLY_PLATE-1__PICKEDSET2","ROCK","",  -959.460E-03,      -1.85612,      -1.85569,  -959.885E-03,  -19.5192E-03
F:/Desktop/DeepOnet_Abaqus/StaticElasticJob.odb,Step-1,Increment      1: Step Time =    1.000,"PLATE-1",          1421,             1,  -320.041E-03,       1.06178,            0.,"ASSEMBLY_PLATE-1__PICKEDSET2","ROCK","",  -948.641E-03,      -2.05297,      -2.00465,  -996.955E-03,   225.877E-03
F:/Desktop/DeepOnet_Abaqus/StaticElasticJob.odb,Step-1,Increment      1: Step Time =    1.000,"PLATE-1",          1422,             1,   175.550E-03,   942.615E-03,            0.,"ASSEMBLY_PLATE-1__PICKEDSET2","ROCK","",  -846.767E-03,      -2.24505,      -2.23637,  -855.449E-03,   109.834E-03
F:/Desktop/DeepOnet_Abaqus/StaticElasticJob.odb,Step-1,Increment      1: Step Time =    1.000,"PLATE-1",          1423,             1,      -1.05048,  -390.763E-03,            0.,"ASSEMBLY_PLATE-1__PICKEDSET2","ROCK","",      -1.04090,      -1.74151,      -1.73571,      -1.04670,   63.4880E-03
F:/Desktop/DeepOnet_Abaqus/StaticElasticJob.odb,Step-1,Increment      1: Step Time =    1.000,"PLATE-1",          1424,             1,   907.995E-03,  -593.506E-03,            0.,"ASSEMBLY_PLATE-1__PICKEDSET2","ROCK","",  -988.098E-03,      -1.78038,      -1.77448,  -994.004E-03,  -68.1470E-03
F:/Desktop/DeepOnet_Abaqus/StaticElasticJob.odb,Step-1,Increment      1: Step Time =    1.000,"PLATE-1",          1425,             1,   561.206E-03,  -885.976E-03,            0.,"ASSEMBLY_PLATE-1__PICKEDSET2","ROCK","",  -967.710E-03,      -1.83270,      -1.83041,  -970.006E-03,  -44.5033E-03
F:/Desktop/DeepOnet_Abaqus/StaticElasticJob.odb,Step-1,Increment      1: Step Time =    1.000,"PLATE-1",          1426,             1,       1.02013,  -228.423E-03,            0.,"ASSEMBLY_PLATE-1__PICKEDSET2","ROCK","",      -1.02373,      -1.71285,      -1.70805,      -1.02853,  -57.2905E-03
F:/Desktop/DeepOnet_Abaqus/StaticElasticJob.odb,Step-1,Increment      1: Step Time =    1.000,"PLATE-1",          1427,             1,      -1.12702,   33.8148E-03,            0.,"ASSEMBLY_PLATE-1__PICKEDSET2","ROCK","",      -1.06927,      -1.69854,      -1.69831,      -1.06950,   12.0199E-03
F:/Desktop/DeepOnet_Abaqus/StaticElasticJob.odb,Step-1,Increment      1: Step Time =    1.000,"PLATE-1",          1428,             1,      -1.13961,  -43.6205E-03,            0.,"ASSEMBLY_PLATE-1__PICKEDSET2","ROCK","",      -1.06699,      -1.70214,      -1.70127,      -1.06785,   23.4187E-03
F:/Desktop/DeepOnet_Abaqus/StaticElasticJob.odb,Step-1,Increment      1: Step Time =    1.000,"PLATE-1",          1429,             1,      -1.10794,  -473.692E-03,            0.,"ASSEMBLY_PLATE-1__PICKEDSET2","ROCK","",      -1.03213,      -1.75235,      -1.74764,      -1.03685,   58.0975E-03
F:/Desktop/DeepOnet_Abaqus/StaticElasticJob.odb,Step-1,Increment      1: Step Time =    1.000,"PLATE-1",          1430,             1,  -244.337E-03,      -1.14682,            0.,"ASSEMBLY_PLATE-1__PICKEDSET2","ROCK","",  -981.948E-03,      -1.83264,      -1.83188,  -982.703E-03,   25.3362E-03
F:/Desktop/DeepOnet_Abaqus/StaticElasticJob.odb,Step-1,Increment      1: Step Time =    1.000,"PLATE-1",          1431,             1,   789.199E-03,  -683.914E-03,            0.,"ASSEMBLY_PLATE-1__PICKEDSET2","ROCK","",  -977.985E-03,      -1.80244,      -1.79694,  -983.493E-03,  -67.1585E-03
F:/Desktop/DeepOnet_Abaqus/StaticElasticJob.odb,Step-1,Increment      1: Step Time =    1.000,"PLATE-1",          1432,             1,  -758.187E-03,   716.733E-03,            0.,"ASSEMBLY_PLATE-1__PICKEDSET2","ROCK","",  -973.764E-03,      -1.84788,      -1.84753,  -974.119E-03,  -17.6130E-03
F:/Desktop/DeepOnet_Abaqus/StaticElasticJob.odb,Step-1,Increment      1: Step Time =    1.000,"PLATE-1",          1433,             1,   879.294E-03,  -804.199E-03,            0.,"ASSEMBLY_PLATE-1__PICKEDSET2","ROCK","",  -979.887E-03,      -1.79868,      -1.79542,  -983.153E-03,  -51.6064E-03
F:/Desktop/DeepOnet_Abaqus/StaticElasticJob.odb,Step-1,Increment      1: Step Time =    1.000,"PLATE-1",          1434,             1,   891.261E-03,  -709.518E-03,            0.,"ASSEMBLY_PLATE-1__PICKEDSET2","ROCK","",  -981.435E-03,      -1.79375,      -1.78927,  -985.914E-03,  -60.1542E-03
F:/Desktop/DeepOnet_Abaqus/StaticElasticJob.odb,Step-1,Increment      1: Step Time =    1.000,"PLATE-1",          1435,             1,   680.631E-03,  -821.794E-03,            0.,"ASSEMBLY_PLATE-1__PICKEDSET2","ROCK","",  -971.712E-03,      -1.82032,      -1.81694,  -975.094E-03,  -53.4646E-03
F:/Desktop/DeepOnet_Abaqus/StaticElasticJob.odb,Step-1,Increment      1: Step Time =    1.000,"PLATE-1",          1436,             1,  -650.242E-03,   825.809E-03,            0.,"ASSEMBLY_PLATE-1__PICKEDSET2","ROCK","",  -961.529E-03,      -1.88508,      -1.88450,  -962.102E-03,   23.0051E-03
F:/Desktop/DeepOnet_Abaqus/StaticElasticJob.odb,Step-1,Increment      1: Step Time =    1.000,"PLATE-1",          1437,             1,  -374.501E-03,       1.14223,            0.,"ASSEMBLY_PLATE-1__PICKEDSET2","ROCK","",  -910.363E-03,      -1.97105,      -1.88032,      -1.00109,   296.656E-03
F:/Desktop/DeepOnet_Abaqus/StaticElasticJob.odb,Step-1,Increment      1: Step Time =    1.000,"PLATE-1",          1438,             1,   51.3594E-03,  -801.919E-03,            0.,"ASSEMBLY_PLATE-1__PICKEDSET2","ROCK","",  -925.211E-03,      -1.91150,      -1.91150,  -925.212E-03,   338.828E-06
F:/Desktop/DeepOnet_Abaqus/StaticElasticJob.odb,Step-1,Increment      1: Step Time =    1.000,"PLATE-1",          1439,             1,      -1.25979,   185.171E-03,            0.,"ASSEMBLY_PLATE-1__PICKEDSET2","ROCK","",      -1.04997,      -1.72036,      -1.72036,      -1.04997,   842.156E-06
F:/Desktop/DeepOnet_Abaqus/StaticElasticJob.odb,Step-1,Increment      1: Step Time =    1.000,"PLATE-1",          1440,             1,      -1.13168,  -337.871E-03,            0.,"ASSEMBLY_PLATE-1__PICKEDSET2","ROCK","",      -1.04451,      -1.73443,      -1.73027,      -1.04867,   53.3944E-03
F:/Desktop/DeepOnet_Abaqus/StaticElasticJob.odb,Step-1,Increment      1: Step Time =    1.000,"PLATE-1",          1441,             1,  -753.345E-03,   774.050E-03,            0.,"ASSEMBLY_PLATE-1__PICKEDSET2","ROCK","",  -972.873E-03,      -1.84797,      -1.84797,  -972.873E-03,   152.221E-06
F:/Desktop/DeepOnet_Abaqus/StaticElasticJob.odb,Step-1,Increment      1: Step Time =    1.000,"PLATE-1",          1442,             1,  -859.348E-03,   703.563E-03,            0.,"ASSEMBLY_PLATE-1__PICKEDSET2","ROCK","",  -987.272E-03,      -1.81375,      -1.81344,  -987.576E-03,  -15.8670E-03
F:/Desktop/DeepOnet_Abaqus/StaticElasticJob.odb,Step-1,Increment      1: Step Time =    1.000,"PLATE-1",          1443,             1,  -152.360E-03,       1.06179,            0.,"ASSEMBLY_PLATE-1__PICKEDSET2","ROCK","",      -1.01078,      -2.37097,      -2.32071,      -1.06103,   256.569E-03
F:/Desktop/DeepOnet_Abaqus/StaticElasticJob.odb,Step-1,Increment      1: Step Time =    1.000,"PLATE-1",          1444,             1,  -153.907E-03,       1.17130,            0.,"ASSEMBLY_PLATE-1__PICKEDSET2","ROCK","",  -775.035E-03,      -2.66063,      -2.47422,  -961.444E-03,   562.800E-03
F:/Desktop/DeepOnet_Abaqus/StaticElasticJob.odb,Step-1,Increment      1: Step Time =    1.000,"PLATE-1",          1445,             1,  -70.8476E-03,  -875.276E-03,            0.,"ASSEMBLY_PLATE-1__PICKEDSET2","ROCK","",  -944.911E-03,      -1.88849,      -1.88773,  -945.668E-03,   26.7175E-03
F:/Desktop/DeepOnet_Abaqus/StaticElasticJob.odb,Step-1,Increment      1: Step Time =    1.000,"PLATE-1",          1446,             1,  -290.099E-03,      -1.19212,            0.,"ASSEMBLY_PLATE-1__PICKEDSET2","ROCK","",  -985.650E-03,      -1.82625,      -1.82548,  -986.422E-03,   25.4669E-03
F:/Desktop/DeepOnet_Abaqus/StaticElasticJob.odb,Step-1,Increment      1: Step Time =    1.000,"PLATE-1",          1447,             1,   589.948E-03,  -934.710E-03,            0.,"ASSEMBLY_PLATE-1__PICKEDSET2","ROCK","",  -970.494E-03,      -1.82704,      -1.82519,  -972.342E-03,  -39.7455E-03
F:/Desktop/DeepOnet_Abaqus/StaticElasticJob.odb,Step-1,Increment      1: Step Time =    1.000,"PLATE-1",          1448,             1,   645.265E-03,  -911.655E-03,            0.,"ASSEMBLY_PLATE-1__PICKEDSET2","ROCK","",  -971.955E-03,      -1.82255,      -1.82043,  -974.076E-03,  -42.4178E-03
F:/Desktop/DeepOnet_Abaqus/StaticElasticJob.odb,Step-1,Increment      1: Step Time =    1.000,"PLATE-1",          1449,             1,  -700.767E-03,   897.582E-03,            0.,"ASSEMBLY_PLATE-1__PICKEDSET2","ROCK","",  -970.809E-03,      -1.85826,      -1.85611,  -972.954E-03,   43.5856E-03
F:/Desktop/DeepOnet_Abaqus/StaticElasticJob.odb,Step-1,Increment      1: Step Time =    1.000,"PLATE-1",          1450,             1,  -810.546E-03,   752.946E-03,            0.,"ASSEMBLY_PLATE-1__PICKEDSET2","ROCK","",  -981.512E-03,      -1.83003,      -1.83000,  -981.539E-03,  -4.77183E-03
F:/Desktop/DeepOnet_Abaqus/StaticElasticJob.odb,Step-1,Increment      1: Step Time =    1.000,"PLATE-1",          1451,             1,  -412.603E-03,      -1.30564,            0.,"ASSEMBLY_PLATE-1__PICKEDSET2","ROCK","",  -993.451E-03,      -1.81153,      -1.81087,  -994.111E-03,   23.2251E-03
F:/Desktop/DeepOnet_Abaqus/StaticElasticJob.odb,Step-1,Increment      1: Step Time =    1.000,"PLATE-1",          1452,             1,  -252.549E-03,       1.04049,            0.,"ASSEMBLY_PLATE-1__PICKEDSET2","ROCK","",  -944.309E-03,      -2.20090,      -2.17364,  -971.564E-03,   183.043E-03
F:/Desktop/DeepOnet_Abaqus/StaticElasticJob.odb,Step-1,Increment      1: Step Time =    1.000,"PLATE-1",          1453,             1,       1.13440,  -142.721E-03,            0.,"ASSEMBLY_PLATE-1__PICKEDSET2","ROCK","",      -1.02080,      -1.71193,      -1.70943,      -1.02329,  -41.4662E-03
F:/Desktop/DeepOnet_Abaqus/StaticElasticJob.odb,Step-1,Increment      1: Step Time =    1.000,"PLATE-1",          1454,             1,  -457.835E-03,       1.09460,            0.,"ASSEMBLY_PLATE-1__PICKEDSET2","ROCK","",  -945.413E-03,      -1.90727,      -1.86193,  -990.754E-03,   203.854E-03
F:/Desktop/DeepOnet_Abaqus/StaticElasticJob.odb,Step-1,Increment      1: Step Time =    1.000,"PLATE-1",          1455,             1,  -541.005E-03,       1.04981,            0.,"ASSEMBLY_PLATE-1__PICKEDSET2","ROCK","",  -959.845E-03,      -1.87319,      -1.84945,  -983.585E-03,   145.323E-03
F:/Desktop/DeepOnet_Abaqus/StaticElasticJob.odb,Step-1,Increment      1: Step Time =    1.000,"PLATE-1",          1456,             1,      -1.30301,   56.8652E-03,            0.,"ASSEMBLY_PLATE-1__PICKEDSET2","ROCK","",      -1.05095,      -1.72001,      -1.71979,      -1.05117,   11.9305E-03
F:/Desktop/DeepOnet_Abaqus/StaticElasticJob.odb,Step-1,Increment      1: Step Time =    1.000,"PLATE-1",          1457,             1,       1.08757,  -57.3217E-03,            0.,"ASSEMBLY_PLATE-1__PICKEDSET2","ROCK","",      -1.02617,      -1.69943,      -1.69796,      -1.02765,  -31.5262E-03
F:/Desktop/DeepOnet_Abaqus/StaticElasticJob.odb,Step-1,Increment      1: Step Time =    1.000,"PLATE-1",          1458,             1,       1.04966,  -177.203E-03,            0.,"ASSEMBLY_PLATE-1__PICKEDSET2","ROCK","",      -1.02566,      -1.70658,      -1.70304,      -1.02919,  -48.9373E-03
F:/Desktop/DeepOnet_Abaqus/StaticElasticJob.odb,Step-1,Increment      1: Step Time =    1.000,"PLATE-1",          1459,             1,  -606.101E-03,       1.06945,            0.,"ASSEMBLY_PLATE-1__PICKEDSET2","ROCK","",  -978.143E-03,      -1.83768,      -1.81837,  -997.457E-03,   127.390E-03
F:/Desktop/DeepOnet_Abaqus/StaticElasticJob.odb,Step-1,Increment      1: Step Time =    1.000,"PLATE-1",          1460,             1,  -684.495E-03,       1.02375,            0.,"ASSEMBLY_PLATE-1__PICKEDSET2","ROCK","",  -981.903E-03,      -1.82763,      -1.81750,  -992.024E-03,   91.9618E-03
F:/Desktop/DeepOnet_Abaqus/StaticElasticJob.odb,Step-1,Increment      1: Step Time =    1.000,"PLATE-1",          1461,             1,  -187.839E-03,  -844.987E-03,            0.,"ASSEMBLY_PLATE-1__PICKEDSET2","ROCK","",  -952.097E-03,      -1.88336,      -1.88108,  -954.379E-03,   46.0358E-03
F:/Desktop/DeepOnet_Abaqus/StaticElasticJob.odb,Step-1,Increment      1: Step Time =    1.000,"PLATE-1",          1462,             1,  -524.253E-03,       1.11451,            0.,"ASSEMBLY_PLATE-1__PICKEDSET2","ROCK","",  -972.325E-03,      -1.84742,      -1.81119,      -1.00856,   174.346E-03
F:/Desktop/DeepOnet_Abaqus/StaticElasticJob.odb,Step-1,Increment      1: Step Time =    1.000,"PLATE-1",          1463,             1,  -91.5364E-03,      -1.00912,            0.,"ASSEMBLY_PLATE-1__PICKEDSET2","ROCK","",  -964.916E-03,      -1.85794,      -1.85743,  -965.432E-03,   21.4598E-03
F:/Desktop/DeepOnet_Abaqus/StaticElasticJob.odb,Step-1,Increment      1: Step Time =    1.000,"PLATE-1",          1464,             1,       1.10416,   11.0684E-03,            0.,"ASSEMBLY_PLATE-1__PICKEDSET2","ROCK","",      -1.02416,      -1.69968,      -1.69888,      -1.02497,  -23.3183E-03
F:/Desktop/DeepOnet_Abaqus/StaticElasticJob.odb,Step-1,Increment      1: Step Time =    1.000,"PLATE-1",          1465,             1,       1.02111,  -42.4283E-03,            0.,"ASSEMBLY_PLATE-1__PICKEDSET2","ROCK","",      -1.03513,      -1.68773,      -1.68641,      -1.03645,  -29.3206E-03
F:/Desktop/DeepOnet_Abaqus/StaticElasticJob.odb,Step-1,Increment      1: Step Time =    1.000,"PLATE-1",          1466,             1,       1.17095,  -235.723E-03,            0.,"ASSEMBLY_PLATE-1__PICKEDSET2","ROCK","",      -1.01452,      -1.72508,      -1.72182,      -1.01779,  -48.0361E-03
F:/Desktop/DeepOnet_Abaqus/StaticElasticJob.odb,Step-1,Increment      1: Step Time =    1.000,"PLATE-1",          1467,             1,       1.13960,  -494.363E-03,            0.,"ASSEMBLY_PLATE-1__PICKEDSET2","ROCK","",  -998.891E-03,      -1.75689,      -1.75278,      -1.00299,  -55.6159E-03
F:/Desktop/DeepOnet_Abaqus/StaticElasticJob.odb,Step-1,Increment      1: Step Time =    1.000,"PLATE-1",          1468,             1,       1.14064,  -397.185E-03,            0.,"ASSEMBLY_PLATE-1__PICKEDSET2","ROCK","",      -1.00532,      -1.74454,      -1.74015,      -1.00972,  -56.8256E-03
F:/Desktop/DeepOnet_Abaqus/StaticElasticJob.odb,Step-1,Increment      1: Step Time =    1.000,"PLATE-1",          1469,             1,  -295.986E-03,       1.18739,            0.,"ASSEMBLY_PLATE-1__PICKEDSET2","ROCK","",  -819.287E-03,      -2.08996,      -1.87258,      -1.03667,   478.501E-03
F:/Desktop/DeepOnet_Abaqus/StaticElasticJob.odb,Step-1,Increment      1: Step Time =    1.000,"PLATE-1",          1470,             1,   335.764E-03,  -981.180E-03,            0.,"ASSEMBLY_PLATE-1__PICKEDSET2","ROCK","",  -963.537E-03,      -1.84786,      -1.84720,  -964.195E-03,  -24.1104E-03
F:/Desktop/DeepOnet_Abaqus/StaticElasticJob.odb,Step-1,Increment      1: Step Time =    1.000,"PLATE-1",          1471,             1,   400.529E-03,  -985.269E-03,            0.,"ASSEMBLY_PLATE-1__PICKEDSET2","ROCK","",  -965.829E-03,      -1.84174,      -1.84091,  -966.658E-03,  -26.9354E-03
F:/Desktop/DeepOnet_Abaqus/StaticElasticJob.odb,Step-1,Increment      1: Step Time =    1.000,"PLATE-1",          1472,             1,      -1.11231,   269.922E-03,            0.,"ASSEMBLY_PLATE-1__PICKEDSET2","ROCK","",      -1.05428,      -1.71552,      -1.71496,      -1.05484,  -19.3036E-03
F:/Desktop/DeepOnet_Abaqus/StaticElasticJob.odb,Step-1,Increment      1: Step Time =    1.000,"PLATE-1",          1473,             1,   938.107E-03,  -763.658E-03,            0.,"ASSEMBLY_PLATE-1__PICKEDSET2","ROCK","",  -982.058E-03,      -1.79358,      -1.79003,  -985.606E-03,  -53.5395E-03
F:/Desktop/DeepOnet_Abaqus/StaticElasticJob.odb,Step-1,Increment      1: Step Time =    1.000,"PLATE-1",          1474,             1,       1.04796,  -651.369E-03,            0.,"ASSEMBLY_PLATE-1__PICKEDSET2","ROCK","",  -989.428E-03,      -1.77656,      -1.77241,  -993.570E-03,  -56.9463E-03
F:/Desktop/DeepOnet_Abaqus/StaticElasticJob.odb,Step-1,Increment      1: Step Time =    1.000,"PLATE-1",          1475,             1,   604.318E-03,  -997.927E-03,            0.,"ASSEMBLY_PLATE-1__PICKEDSET2","ROCK","",  -972.819E-03,      -1.82329,      -1.82192,  -974.194E-03,  -34.1676E-03
F:/Desktop/DeepOnet_Abaqus/StaticElasticJob.odb,Step-1,Increment      1: Step Time =    1.000,"PLATE-1",          1476,             1,   943.867E-03,  -324.164E-03,            0.,"ASSEMBLY_PLATE-1__PICKEDSET2","ROCK","",      -1.01488,      -1.73010,      -1.72246,      -1.02253,  -73.5664E-03
F:/Desktop/DeepOnet_Abaqus/StaticElasticJob.odb,Step-1,Increment      1: Step Time =    1.000,"PLATE-1",          1477,             1,  -762.917E-03,   907.399E-03,            0.,"ASSEMBLY_PLATE-1__PICKEDSET2","ROCK","",  -977.541E-03,      -1.82842,      -1.82587,  -980.095E-03,   46.5492E-03
F:/Desktop/DeepOnet_Abaqus/StaticElasticJob.odb,Step-1,Increment      1: Step Time =    1.000,"PLATE-1",          1478,             1,   766.474E-03,      -1.01347,            0.,"ASSEMBLY_PLATE-1__PICKEDSET2","ROCK","",  -977.475E-03,      -1.81023,      -1.80875,  -978.959E-03,  -35.1244E-03
F:/Desktop/DeepOnet_Abaqus/StaticElasticJob.odb,Step-1,Increment      1: Step Time =    1.000,"PLATE-1",          1479,             1,   704.465E-03,  -884.584E-03,            0.,"ASSEMBLY_PLATE-1__PICKEDSET2","ROCK","",  -973.356E-03,      -1.81736,      -1.81489,  -975.826E-03,  -45.5981E-03
F:/Desktop/DeepOnet_Abaqus/StaticElasticJob.odb,Step-1,Increment      1: Step Time =    1.000,"PLATE-1",          1480,             1,   700.327E-03,      -1.04978,            0.,"ASSEMBLY_PLATE-1__PICKEDSET2","ROCK","",  -976.755E-03,      -1.81381,      -1.81260,  -977.966E-03,  -31.8256E-03
F:/Desktop/DeepOnet_Abaqus/StaticElasticJob.odb,Step-1,Increment      1: Step Time =    1.000,"PLATE-1",          1481,             1,  -883.760E-03,   857.153E-03,            0.,"ASSEMBLY_PLATE-1__PICKEDSET2","ROCK","",  -991.167E-03,      -1.80315,      -1.80260,  -991.717E-03,   21.1326E-03
F:/Desktop/DeepOnet_Abaqus/StaticElasticJob.odb,Step-1,Increment      1: Step Time =    1.000,"PLATE-1",          1482,             1,  -418.903E-03,       1.22896,            0.,"ASSEMBLY_PLATE-1__PICKEDSET2","ROCK","",  -957.634E-03,      -1.76761,      -1.63641,      -1.08883,   298.417E-03
F:/Desktop/DeepOnet_Abaqus/StaticElasticJob.odb,Step-1,Increment      1: Step Time =    1.000,"PLATE-1",          1483,             1,   538.403E-03,      -1.07839,            0.,"ASSEMBLY_PLATE-1__PICKEDSET2","ROCK","",  -973.858E-03,      -1.82445,      -1.82368,  -974.629E-03,  -25.6003E-03
F:/Desktop/DeepOnet_Abaqus/StaticElasticJob.odb,Step-1,Increment      1: Step Time =    1.000,"PLATE-1",          1484,             1,   392.141E-03,      -1.05650,            0.,"ASSEMBLY_PLATE-1__PICKEDSET2","ROCK","",  -969.554E-03,      -1.83620,      -1.83569,  -970.063E-03,  -20.9918E-03
F:/Desktop/DeepOnet_Abaqus/StaticElasticJob.odb,Step-1,Increment      1: Step Time =    1.000,"PLATE-1",          1485,             1,       1.22974,  -720.628E-03,            0.,"ASSEMBLY_PLATE-1__PICKEDSET2","ROCK","",  -991.360E-03,      -1.77277,      -1.77000,  -994.130E-03,  -46.4388E-03
F:/Desktop/DeepOnet_Abaqus/StaticElasticJob.odb,Step-1,Increment      1: Step Time =    1.000,"PLATE-1",          1486,             1,   234.635E-03,  -824.052E-03,            0.,"ASSEMBLY_PLATE-1__PICKEDSET2","ROCK","",  -940.652E-03,      -1.88574,      -1.88471,  -941.675E-03,  -31.0717E-03
F:/Desktop/DeepOnet_Abaqus/StaticElasticJob.odb,Step-1,Increment      1: Step Time =    1.000,"PLATE-1",          1487,             1,  -934.217E-03,   126.652E-03,            0.,"ASSEMBLY_PLATE-1__PICKEDSET2","ROCK","",      -1.09312,      -1.66503,      -1.66435,      -1.09381,  -19.8197E-03
F:/Desktop/DeepOnet_Abaqus/StaticElasticJob.odb,Step-1,Increment      1: Step Time =    1.000,"PLATE-1",          1488,             1,   179.790E-03,  -838.685E-03,            0.,"ASSEMBLY_PLATE-1__PICKEDSET2","ROCK","",  -938.677E-03,      -1.88959,      -1.88911,  -939.158E-03,  -21.3869E-03
F:/Desktop/DeepOnet_Abaqus/StaticElasticJob.odb,Step-1,Increment      1: Step Time =    1.000,"PLATE-1",          1489,             1,  -974.150E-03,   891.735E-03,            0.,"ASSEMBLY_PLATE-1__PICKEDSET2","ROCK","",      -1.00032,      -1.78120,      -1.78036,      -1.00116,   25.5932E-03
F:/Desktop/DeepOnet_Abaqus/StaticElasticJob.odb,Step-1,Increment      1: Step Time =    1.000,"PLATE-1",          1490,             1,   693.200E-03,      -1.19185,            0.,"ASSEMBLY_PLATE-1__PICKEDSET2","ROCK","",  -979.919E-03,      -1.80998,      -1.80934,  -980.558E-03,  -23.0051E-03
F:/Desktop/DeepOnet_Abaqus/StaticElasticJob.odb,Step-1,Increment      1: Step Time =    1.000,"PLATE-1",          1491,             1,   833.228E-03,  -748.354E-03,            0.,"ASSEMBLY_PLATE-1__PICKEDSET2","ROCK","",  -978.329E-03,      -1.80239,      -1.79833,  -982.390E-03,  -57.7085E-03
F:/Desktop/DeepOnet_Abaqus/StaticElasticJob.odb,Step-1,Increment      1: Step Time =    1.000,"PLATE-1",          1492,             1,   918.480E-03,  -869.518E-03,            0.,"ASSEMBLY_PLATE-1__PICKEDSET2","ROCK","",  -980.369E-03,      -1.79869,      -1.79608,  -982.978E-03,  -46.1347E-03
F:/Desktop/DeepOnet_Abaqus/StaticElasticJob.odb,Step-1,Increment      1: Step Time =    1.000,"PLATE-1",          1493,             1,   334.523E-03,      -1.04500,            0.,"ASSEMBLY_PLATE-1__PICKEDSET2","ROCK","",  -966.641E-03,      -1.84289,      -1.84250,  -967.028E-03,  -18.4088E-03
F:/Desktop/DeepOnet_Abaqus/StaticElasticJob.odb,Step-1,Increment      1: Step Time =    1.000,"PLATE-1",          1494,             1,   460.080E-03,      -1.14502,            0.,"ASSEMBLY_PLATE-1__PICKEDSET2","ROCK","",  -974.582E-03,      -1.82617,      -1.82576,  -974.993E-03,  -18.7201E-03
F:/Desktop/DeepOnet_Abaqus/StaticElasticJob.odb,Step-1,Increment      1: Step Time =    1.000,"PLATE-1",          1495,             1,   816.175E-03,  -967.452E-03,            0.,"ASSEMBLY_PLATE-1__PICKEDSET2","ROCK","",  -978.242E-03,      -1.80644,      -1.80460,  -980.081E-03,  -38.9796E-03
F:/Desktop/DeepOnet_Abaqus/StaticElasticJob.odb,Step-1,Increment      1: Step Time =    1.000,"PLATE-1",          1496,             1,   787.997E-03,  -917.570E-03,            0.,"ASSEMBLY_PLATE-1__PICKEDSET2","ROCK","",  -976.587E-03,      -1.80970,      -1.80747,  -978.813E-03,  -43.0039E-03
F:/Desktop/DeepOnet_Abaqus/StaticElasticJob.odb,Step-1,Increment      1: Step Time =    1.000,"PLATE-1",          1497,             1,  -822.015E-03,   985.281E-03,            0.,"ASSEMBLY_PLATE-1__PICKEDSET2","ROCK","",  -989.918E-03,      -1.79515,      -1.79064,  -994.426E-03,   60.0847E-03
F:/Desktop/DeepOnet_Abaqus/StaticElasticJob.odb,Step-1,Increment      1: Step Time =    1.000,"PLATE-1",          1498,             1,  -825.185E-03,   917.764E-03,            0.,"ASSEMBLY_PLATE-1__PICKEDSET2","ROCK","",  -985.835E-03,      -1.81434,      -1.81235,  -987.825E-03,   40.5471E-03
F:/Desktop/DeepOnet_Abaqus/StaticElasticJob.odb,Step-1,Increment      1: Step Time =    1.000,"PLATE-1",          1499,             1,  -354.257E-03,       1.20789,            0.,"ASSEMBLY_PLATE-1__PICKEDSET2","ROCK","",  -928.218E-03,      -1.87365,      -1.71150,      -1.09037,   356.381E-03
F:/Desktop/DeepOnet_Abaqus/StaticElasticJob.odb,Step-1,Increment      1: Step Time =    1.000,"PLATE-1",          1500,             1,   270.835E-03,      -1.04670,            0.,"ASSEMBLY_PLATE-1__PICKEDSET2","ROCK","",  -965.724E-03,      -1.84613,      -1.84589,  -965.960E-03,  -14.4204E-03
F:/Desktop/DeepOnet_Abaqus/StaticElasticJob.odb,Step-1,Increment      1: Step Time =    1.000,"PLATE-1",          1501,             1,   210.103E-03,  -774.195E-03,            0.,"ASSEMBLY_PLATE-1__PICKEDSET2","ROCK","",  -930.293E-03,      -1.90108,      -1.89969,  -931.688E-03,  -36.7673E-03
F:/Desktop/DeepOnet_Abaqus/StaticElasticJob.odb,Step-1,Increment      1: Step Time =    1.000,"PLATE-1",          1502,             1,       1.28503,  -664.124E-03,            0.,"ASSEMBLY_PLATE-1__PICKEDSET2","ROCK","",  -993.578E-03,      -1.76761,      -1.76478,  -996.405E-03,  -46.6853E-03
F:/Desktop/DeepOnet_Abaqus/StaticElasticJob.odb,Step-1,Increment      1: Step Time =    1.000,"PLATE-1",          1503,             1,       1.23182,  -608.156E-03,            0.,"ASSEMBLY_PLATE-1__PICKEDSET2","ROCK","",  -994.923E-03,      -1.76476,      -1.76148,  -998.200E-03,  -50.1230E-03
F:/Desktop/DeepOnet_Abaqus/StaticElasticJob.odb,Step-1,Increment      1: Step Time =    1.000,"PLATE-1",          1504,             1,  -993.614E-03,   817.227E-03,            0.,"ASSEMBLY_PLATE-1__PICKEDSET2","ROCK","",  -999.320E-03,      -1.78558,      -1.78539,  -999.517E-03,   12.4449E-03
F:/Desktop/DeepOnet_Abaqus/StaticElasticJob.odb,Step-1,Increment      1: Step Time =    1.000,"PLATE-1",          1505,             1,   941.654E-03,  -935.956E-03,            0.,"ASSEMBLY_PLATE-1__PICKEDSET2","ROCK","",  -980.947E-03,      -1.79806,      -1.79593,  -983.077E-03,  -41.6640E-03
F:/Desktop/DeepOnet_Abaqus/StaticElasticJob.odb,Step-1,Increment      1: Step Time =    1.000,"PLATE-1",          1506,             1,       1.04978,  -886.836E-03,            0.,"ASSEMBLY_PLATE-1__PICKEDSET2","ROCK","",  -983.788E-03,      -1.79090,      -1.78860,  -986.090E-03,  -43.0423E-03
F:/Desktop/DeepOnet_Abaqus/StaticElasticJob.odb,Step-1,Increment      1: Step Time =    1.000,"PLATE-1",          1507,             1,   745.175E-03,  -793.422E-03,            0.,"ASSEMBLY_PLATE-1__PICKEDSET2","ROCK","",  -975.013E-03,      -1.81139,      -1.80776,  -978.644E-03,  -54.9881E-03
F:/Desktop/DeepOnet_Abaqus/StaticElasticJob.odb,Step-1,Increment      1: Step Time =    1.000,"PLATE-1",          1508,             1,  -750.077E-03,       1.03972,            0.,"ASSEMBLY_PLATE-1__PICKEDSET2","ROCK","",  -988.690E-03,      -1.79499,      -1.78577,  -997.913E-03,   85.7379E-03
F:/Desktop/DeepOnet_Abaqus/StaticElasticJob.odb,Step-1,Increment      1: Step Time =    1.000,"PLATE-1",          1509,             1,   392.182E-03,      -1.17349,            0.,"ASSEMBLY_PLATE-1__PICKEDSET2","ROCK","",  -975.233E-03,      -1.82714,      -1.82690,  -975.466E-03,  -14.0897E-03
F:/Desktop/DeepOnet_Abaqus/StaticElasticJob.odb,Step-1,Increment      1: Step Time =    1.000,"PLATE-1",          1510,             1,   826.270E-03,      -1.05894,            0.,"ASSEMBLY_PLATE-1__PICKEDSET2","ROCK","",  -979.171E-03,      -1.80628,      -1.80497,  -980.474E-03,  -32.8069E-03
F:/Desktop/DeepOnet_Abaqus/StaticElasticJob.odb,Step-1,Increment      1: Step Time =    1.000,"PLATE-1",          1511,             1,       1.04917,  -769.823E-03,            0.,"ASSEMBLY_PLATE-1__PICKEDSET2","ROCK","",  -985.802E-03,      -1.78508,      -1.78196,  -988.921E-03,  -49.8337E-03
F:/Desktop/DeepOnet_Abaqus/StaticElasticJob.odb,Step-1,Increment      1: Step Time =    1.000,"PLATE-1",          1512,             1,  -657.022E-03,       1.15468,            0.,"ASSEMBLY_PLATE-1__PICKEDSET2","ROCK","",      -1.00940,      -1.75855,      -1.73544,      -1.03251,   129.526E-03
F:/Desktop/DeepOnet_Abaqus/StaticElasticJob.odb,Step-1,Increment      1: Step Time =    1.000,"PLATE-1",          1513,             1,  -671.978E-03,       1.08860,            0.,"ASSEMBLY_PLATE-1__PICKEDSET2","ROCK","",  -987.476E-03,      -1.79339,      -1.77579,      -1.00508,   117.794E-03
F:/Desktop/DeepOnet_Abaqus/StaticElasticJob.odb,Step-1,Increment      1: Step Time =    1.000,"PLATE-1",          1514,             1,   490.343E-03,      -1.20256,            0.,"ASSEMBLY_PLATE-1__PICKEDSET2","ROCK","",  -977.833E-03,      -1.81997,      -1.81966,  -978.137E-03,  -15.9928E-03
F:/Desktop/DeepOnet_Abaqus/StaticElasticJob.odb,Step-1,Increment      1: Step Time =    1.000,"PLATE-1",          1515,             1,   992.085E-03,      -1.15415,            0.,"ASSEMBLY_PLATE-1__PICKEDSET2","ROCK","",  -983.439E-03,      -1.79639,      -1.79533,  -984.491E-03,  -29.2279E-03
F:/Desktop/DeepOnet_Abaqus/StaticElasticJob.odb,Step-1,Increment      1: Step Time =    1.000,"PLATE-1",          1516,             1,   847.697E-03,  -893.535E-03,            0.,"ASSEMBLY_PLATE-1__PICKEDSET2","ROCK","",  -978.195E-03,      -1.80435,      -1.80193,  -980.607E-03,  -44.5686E-03
F:/Desktop/DeepOnet_Abaqus/StaticElasticJob.odb,Step-1,Increment      1: Step Time =    1.000,"PLATE-1",          1517,             1,      -1.00393,   941.723E-03,            0.,"ASSEMBLY_PLATE-1__PICKEDSET2","ROCK","",      -1.00223,      -1.77031,      -1.76887,      -1.00367,   33.2272E-03
F:/Desktop/DeepOnet_Abaqus/StaticElasticJob.odb,Step-1,Increment      1: Step Time =    1.000,"PLATE-1",          1518,             1,  -979.465E-03,   746.291E-03,            0.,"ASSEMBLY_PLATE-1__PICKEDSET2","ROCK","",  -997.010E-03,      -1.78992,      -1.78992,  -997.013E-03,  -1.46378E-03
F:/Desktop/DeepOnet_Abaqus/StaticElasticJob.odb,Step-1,Increment      1: Step Time =    1.000,"PLATE-1",          1519,             1,  -909.488E-03,   764.896E-03,            0.,"ASSEMBLY_PLATE-1__PICKEDSET2","ROCK","",  -992.071E-03,      -1.80419,      -1.80419,  -992.072E-03,  -850.566E-06
F:/Desktop/DeepOnet_Abaqus/StaticElasticJob.odb,Step-1,Increment      1: Step Time =    1.000,"PLATE-1",          1520,             1,  -982.437E-03,   669.098E-03,            0.,"ASSEMBLY_PLATE-1__PICKEDSET2","ROCK","",      -1.00172,      -1.78646,      -1.78618,      -1.00200,  -14.8582E-03
F:/Desktop/DeepOnet_Abaqus/StaticElasticJob.odb,Step-1,Increment      1: Step Time =    1.000,"PLATE-1",          1521,             1,  -816.610E-03,       1.05435,            0.,"ASSEMBLY_PLATE-1__PICKEDSET2","ROCK","",      -1.00142,      -1.77647,      -1.76983,      -1.00805,   71.3888E-03
F:/Desktop/DeepOnet_Abaqus/StaticElasticJob.odb,Step-1,Increment      1: Step Time =    1.000,"PLATE-1",          1522,             1,  -739.336E-03,       1.10714,            0.,"ASSEMBLY_PLATE-1__PICKEDSET2","ROCK","",      -1.00497,      -1.76908,      -1.75649,      -1.01757,   97.2778E-03
F:/Desktop/DeepOnet_Abaqus/StaticElasticJob.odb,Step-1,Increment      1: Step Time =    1.000,"PLATE-1",          1523,             1,       1.06625,      -1.01454,            0.,"ASSEMBLY_PLATE-1__PICKEDSET2","ROCK","",  -983.961E-03,      -1.79225,      -1.79066,  -985.556E-03,  -35.8739E-03
F:/Desktop/DeepOnet_Abaqus/StaticElasticJob.odb,Step-1,Increment      1: Step Time =    1.000,"PLATE-1",          1524,             1,   886.670E-03,  -962.776E-03,            0.,"ASSEMBLY_PLATE-1__PICKEDSET2","ROCK","",  -979.682E-03,      -1.80215,      -1.80016,  -981.665E-03,  -40.3413E-03
F:/Desktop/DeepOnet_Abaqus/StaticElasticJob.odb,Step-1,Increment      1: Step Time =    1.000,"PLATE-1",          1525,             1,   988.606E-03,      -1.06290,            0.,"ASSEMBLY_PLATE-1__PICKEDSET2","ROCK","",  -982.631E-03,      -1.79650,      -1.79513,  -984.002E-03,  -33.3732E-03
F:/Desktop/DeepOnet_Abaqus/StaticElasticJob.odb,Step-1,Increment      1: Step Time =    1.000,"PLATE-1",          1526,             1,      -1.08246,   997.915E-03,            0.,"ASSEMBLY_PLATE-1__PICKEDSET2","ROCK","",      -1.01119,      -1.75356,      -1.75212,      -1.01263,   32.6881E-03
F:/Desktop/DeepOnet_Abaqus/StaticElasticJob.odb,Step-1,Increment      1: Step Time =    1.000,"PLATE-1",          1527,             1,      -1.04840,   874.789E-03,            0.,"ASSEMBLY_PLATE-1__PICKEDSET2","ROCK","",      -1.00287,      -1.77469,      -1.77408,      -1.00348,   21.6766E-03
F:/Desktop/DeepOnet_Abaqus/StaticElasticJob.odb,Step-1,Increment      1: Step Time =    1.000,"PLATE-1",          1528,             1,      -1.11645,   833.121E-03,            0.,"ASSEMBLY_PLATE-1__PICKEDSET2","ROCK","",      -1.00787,      -1.76670,      -1.76646,      -1.00811,   13.4151E-03
F:/Desktop/DeepOnet_Abaqus/StaticElasticJob.odb,Step-1,Increment      1: Step Time =    1.000,"PLATE-1",          1529,             1,      -1.13543,   698.252E-03,            0.,"ASSEMBLY_PLATE-1__PICKEDSET2","ROCK","",      -1.01132,      -1.76572,      -1.76571,      -1.01132,  -2.13847E-03
F:/Desktop/DeepOnet_Abaqus/StaticElasticJob.odb,Step-1,Increment      1: Step Time =    1.000,"PLATE-1",          1530,             1,  -949.711E-03,   937.904E-03,            0.,"ASSEMBLY_PLATE-1__PICKEDSET2","ROCK","",  -999.879E-03,      -1.78037,      -1.77895,      -1.00131,   33.3534E-03
F:/Desktop/DeepOnet_Abaqus/StaticElasticJob.odb,Step-1,Increment      1: Step Time =    1.000,"PLATE-1",          1531,             1,  -950.143E-03,       1.00436,            0.,"ASSEMBLY_PLATE-1__PICKEDSET2","ROCK","",      -1.00257,      -1.76833,      -1.76545,      -1.00545,   46.8551E-03
F:/Desktop/DeepOnet_Abaqus/StaticElasticJob.odb,Step-1,Increment      1: Step Time =    1.000,"PLATE-1",          1532,             1,  -724.978E-03,       1.17488,            0.,"ASSEMBLY_PLATE-1__PICKEDSET2","ROCK","",      -1.01592,      -1.72979,      -1.71217,      -1.03354,   110.762E-03
F:/Desktop/DeepOnet_Abaqus/StaticElasticJob.odb,Step-1,Increment      1: Step Time =    1.000,"PLATE-1",          1533,             1,   737.956E-03,      -1.24400,            0.,"ASSEMBLY_PLATE-1__PICKEDSET2","ROCK","",  -981.458E-03,      -1.80688,      -1.80632,  -982.014E-03,  -21.4171E-03
F:/Desktop/DeepOnet_Abaqus/StaticElasticJob.odb,Step-1,Increment      1: Step Time =    1.000,"PLATE-1",          1534,             1,      -1.16048,   923.667E-03,            0.,"ASSEMBLY_PLATE-1__PICKEDSET2","ROCK","",      -1.01229,      -1.75568,      -1.75504,      -1.01293,   21.7752E-03
F:/Desktop/DeepOnet_Abaqus/StaticElasticJob.odb,Step-1,Increment      1: Step Time =    1.000,"PLATE-1",          1535,             1,       1.29911,  -815.575E-03,            0.,"ASSEMBLY_PLATE-1__PICKEDSET2","ROCK","",  -990.658E-03,      -1.77545,      -1.77325,  -992.857E-03,  -41.4873E-03
F:/Desktop/DeepOnet_Abaqus/StaticElasticJob.odb,Step-1,Increment      1: Step Time =    1.000,"PLATE-1",          1536,             1,  -639.985E-03,       1.22301,            0.,"ASSEMBLY_PLATE-1__PICKEDSET2","ROCK","",      -1.02469,      -1.70294,      -1.67267,      -1.05496,   140.044E-03
F:/Desktop/DeepOnet_Abaqus/StaticElasticJob.odb,Step-1,Increment      1: Step Time =    1.000,"PLATE-1",          1537,             1,      -1.07802,   613.625E-03,            0.,"ASSEMBLY_PLATE-1__PICKEDSET2","ROCK","",      -1.01237,      -1.76808,      -1.76780,      -1.01265,  -14.6134E-03
F:/Desktop/DeepOnet_Abaqus/StaticElasticJob.odb,Step-1,Increment      1: Step Time =    1.000,"PLATE-1",          1538,             1,      -1.25004,   724.912E-03,            0.,"ASSEMBLY_PLATE-1__PICKEDSET2","ROCK","",      -1.01589,      -1.75563,      -1.75560,      -1.01591,   4.12506E-03
F:/Desktop/DeepOnet_Abaqus/StaticElasticJob.odb,Step-1,Increment      1: Step Time =    1.000,"PLATE-1",          1539,             1,      -1.15046,   991.285E-03,            0.,"ASSEMBLY_PLATE-1__PICKEDSET2","ROCK","",      -1.01511,      -1.74853,      -1.74759,      -1.01605,   26.3180E-03
F:/Desktop/DeepOnet_Abaqus/StaticElasticJob.odb,Step-1,Increment      1: Step Time =    1.000,"PLATE-1",          1540,             1,      -1.00291,   281.833E-03,            0.,"ASSEMBLY_PLATE-1__PICKEDSET2","ROCK","",      -1.05745,      -1.71158,      -1.70972,      -1.05930,  -34.8095E-03
F:/Desktop/DeepOnet_Abaqus/StaticElasticJob.odb,Step-1,Increment      1: Step Time =    1.000,"PLATE-1",          1541,             1,  -279.347E-03,   973.302E-03,            0.,"ASSEMBLY_PLATE-1__PICKEDSET2","ROCK","",      -1.00145,      -2.05350,      -2.04303,      -1.01192,   104.430E-03
F:/Desktop/DeepOnet_Abaqus/StaticElasticJob.odb,Step-1,Increment      1: Step Time =    1.000,"PLATE-1",          1542,             1,       1.00658,  -952.011E-03,            0.,"ASSEMBLY_PLATE-1__PICKEDSET2","ROCK","",  -982.188E-03,      -1.79480,      -1.79280,  -984.187E-03,  -40.2454E-03
F:/Desktop/DeepOnet_Abaqus/StaticElasticJob.odb,Step-1,Increment      1: Step Time =    1.000,"PLATE-1",          1543,             1,  -798.152E-03,  -67.0508E-03,            0.,"ASSEMBLY_PLATE-1__PICKEDSET2","ROCK","",      -1.12861,      -1.61930,      -1.61549,      -1.13243,   43.0806E-03
F:/Desktop/DeepOnet_Abaqus/StaticElasticJob.odb,Step-1,Increment      1: Step Time =    1.000,"PLATE-1",          1544,             1,  -531.834E-03,       1.34822,            0.,"ASSEMBLY_PLATE-1__PICKEDSET2","ROCK","",      -1.10121,      -1.54667,      -1.50480,      -1.14308,   129.994E-03
F:/Desktop/DeepOnet_Abaqus/StaticElasticJob.odb,Step-1,Increment      1: Step Time =    1.000,"PLATE-1",          1545,             1,  -879.059E-03,       1.13979,            0.,"ASSEMBLY_PLATE-1__PICKEDSET2","ROCK","",      -1.02049,      -1.73453,      -1.72808,      -1.02694,   67.5475E-03
F:/Desktop/DeepOnet_Abaqus/StaticElasticJob.odb,Step-1,Increment      1: Step Time =    1.000,"PLATE-1",          1546,             1,   307.948E-03,   912.854E-03,            0.,"ASSEMBLY_PLATE-1__PICKEDSET2","ROCK","",  -747.934E-03,      -2.14485,      -2.14481,  -747.982E-03,  -8.16398E-03
F:/Desktop/DeepOnet_Abaqus/StaticElasticJob.odb,Step-1,Increment      1: Step Time =    1.000,"PLATE-1",          1547,             1,      -1.25478,   788.301E-03,            0.,"ASSEMBLY_PLATE-1__PICKEDSET2","ROCK","",      -1.01493,      -1.75459,      -1.75451,      -1.01501,   7.82924E-03
F:/Desktop/DeepOnet_Abaqus/StaticElasticJob.odb,Step-1,Increment      1: Step Time =    1.000,"PLATE-1",          1548,             1,  -935.054E-03,   326.767E-03,            0.,"ASSEMBLY_PLATE-1__PICKEDSET2","ROCK","",      -1.05049,      -1.72026,      -1.71603,      -1.05473,  -53.0908E-03
F:/Desktop/DeepOnet_Abaqus/StaticElasticJob.odb,Step-1,Increment      1: Step Time =    1.000,"PLATE-1",          1549,             1,   98.5924E-03,   798.749E-03,            0.,"ASSEMBLY_PLATE-1__PICKEDSET2","ROCK","",  -971.075E-03,      -2.14139,      -2.13163,  -980.833E-03,   106.420E-03
F:/Desktop/DeepOnet_Abaqus/StaticElasticJob.odb,Step-1,Increment      1: Step Time =    1.000,"PLATE-1",          1550,             1,  -379.421E-03,   662.343E-03,            0.,"ASSEMBLY_PLATE-1__PICKEDSET2","ROCK","",  -954.566E-03,      -2.00298,      -2.00156,  -955.990E-03,  -38.6099E-03
F:/Desktop/DeepOnet_Abaqus/StaticElasticJob.odb,Step-1,Increment      1: Step Time =    1.000,"PLATE-1",          1551,             1,  -248.288E-03,   729.183E-03,            0.,"ASSEMBLY_PLATE-1__PICKEDSET2","ROCK","",  -997.145E-03,      -2.04412,      -2.04412,  -997.146E-03,  -1.10084E-03
F:/Desktop/DeepOnet_Abaqus/StaticElasticJob.odb,Step-1,Increment      1: Step Time =    1.000,"PLATE-1",          1552,             1,   915.075E-03,   573.096E-03,            0.,"ASSEMBLY_PLATE-1__PICKEDSET2","ROCK","",  -923.820E-03,      -1.77856,      -1.77855,  -923.829E-03,  -2.79498E-03
F:/Desktop/DeepOnet_Abaqus/StaticElasticJob.odb,Step-1,Increment      1: Step Time =    1.000,"PLATE-1",          1553,             1,       1.23891,  -271.744E-03,            0.,"ASSEMBLY_PLATE-1__PICKEDSET2","ROCK","",      -1.01081,      -1.73217,      -1.72910,      -1.01388,  -46.9588E-03
F:/Desktop/DeepOnet_Abaqus/StaticElasticJob.odb,Step-1,Increment      1: Step Time =    1.000,"PLATE-1",          1554,             1,   954.508E-03,   515.127E-03,            0.,"ASSEMBLY_PLATE-1__PICKEDSET2","ROCK","",  -941.439E-03,      -1.76211,      -1.76209,  -941.453E-03,   3.39672E-03
F:/Desktop/DeepOnet_Abaqus/StaticElasticJob.odb,Step-1,Increment      1: Step Time =    1.000,"PLATE-1",          1555,             1,   437.595E-03,      -1.24431,            0.,"ASSEMBLY_PLATE-1__PICKEDSET2","ROCK","",  -979.115E-03,      -1.81926,      -1.81907,  -979.305E-03,  -12.6422E-03
F:/Desktop/DeepOnet_Abaqus/StaticElasticJob.odb,Step-1,Increment      1: Step Time =    1.000,"PLATE-1",          1556,             1,   730.647E-03,   585.398E-03,            0.,"ASSEMBLY_PLATE-1__PICKEDSET2","ROCK","",  -874.079E-03,      -1.84517,      -1.84436,  -874.884E-03,   27.9487E-03
F:/Desktop/DeepOnet_Abaqus/StaticElasticJob.odb,Step-1,Increment      1: Step Time =    1.000,"PLATE-1",          1557,             1,  -945.994E-03,  -528.706E-03,            0.,"ASSEMBLY_PLATE-1__PICKEDSET2","ROCK","",      -1.02557,      -1.76650,      -1.75921,      -1.03286,   73.1245E-03
F:/Desktop/DeepOnet_Abaqus/StaticElasticJob.odb,Step-1,Increment      1: Step Time =    1.000,"PLATE-1",          1558,             1,  -861.814E-03,  -669.168E-03,            0.,"ASSEMBLY_PLATE-1__PICKEDSET2","ROCK","",      -1.01181,      -1.78913,      -1.78307,      -1.01788,   68.4087E-03
F:/Desktop/DeepOnet_Abaqus/StaticElasticJob.odb,Step-1,Increment      1: Step Time =    1.000,"PLATE-1",          1559,             1,      -1.01500,       1.00640,            0.,"ASSEMBLY_PLATE-1__PICKEDSET2","ROCK","",      -1.01022,      -1.75756,      -1.75568,      -1.01210,   37.4322E-03
F:/Desktop/DeepOnet_Abaqus/StaticElasticJob.odb,Step-1,Increment      1: Step Time =    1.000,"PLATE-1",          1560,             1,   164.215E-03,   893.405E-03,            0.,"ASSEMBLY_PLATE-1__PICKEDSET2","ROCK","",  -874.996E-03,      -2.22876,      -2.22216,  -881.589E-03,   94.2442E-03
F:/Desktop/DeepOnet_Abaqus/StaticElasticJob.odb,Step-1,Increment      1: Step Time =    1.000,"PLATE-1",          1561,             1,      -1.00560,  -632.160E-03,            0.,"ASSEMBLY_PLATE-1__PICKEDSET2","ROCK","",      -1.01853,      -1.77427,      -1.76920,      -1.02359,   61.6389E-03
F:/Desktop/DeepOnet_Abaqus/StaticElasticJob.odb,Step-1,Increment      1: Step Time =    1.000,"PLATE-1",          1562,             1,  -744.357E-03,  -597.598E-03,            0.,"ASSEMBLY_PLATE-1__PICKEDSET2","ROCK","",      -1.00911,      -1.80057,      -1.79056,      -1.01911,   88.4436E-03
F:/Desktop/DeepOnet_Abaqus/StaticElasticJob.odb,Step-1,Increment      1: Step Time =    1.000,"PLATE-1",          1563,             1,  -45.9988E-03,       1.18196,            0.,"ASSEMBLY_PLATE-1__PICKEDSET2","ROCK","",  -775.921E-03,      -3.99373,      -3.43763,      -1.33203,       1.21663
F:/Desktop/DeepOnet_Abaqus/StaticElasticJob.odb,Step-1,Increment      1: Step Time =    1.000,"PLATE-1",          1564,             1,      -1.06978,  -192.519E-03,            0.,"ASSEMBLY_PLATE-1__PICKEDSET2","ROCK","",      -1.06374,      -1.70883,      -1.70522,      -1.06735,   48.0927E-03
F:/Desktop/DeepOnet_Abaqus/StaticElasticJob.odb,Step-1,Increment      1: Step Time =    1.000,"PLATE-1",          1565,             1,  -899.333E-03,   473.874E-03,            0.,"ASSEMBLY_PLATE-1__PICKEDSET2","ROCK","",      -1.01939,      -1.76466,      -1.76047,      -1.02357,  -55.6870E-03
F:/Desktop/DeepOnet_Abaqus/StaticElasticJob.odb,Step-1,Increment      1: Step Time =    1.000,"PLATE-1",          1566,             1,   689.682E-03,      -1.28541,            0.,"ASSEMBLY_PLATE-1__PICKEDSET2","ROCK","",  -981.822E-03,      -1.80789,      -1.80747,  -982.239E-03,  -18.5542E-03
F:/Desktop/DeepOnet_Abaqus/StaticElasticJob.odb,Step-1,Increment      1: Step Time =    1.000,"PLATE-1",          1567,             1,   588.296E-03,      -1.19179,            0.,"ASSEMBLY_PLATE-1__PICKEDSET2","ROCK","",  -978.152E-03,      -1.81622,      -1.81571,  -978.663E-03,  -20.6988E-03
F:/Desktop/DeepOnet_Abaqus/StaticElasticJob.odb,Step-1,Increment      1: Step Time =    1.000,"PLATE-1",          1568,             1,  -523.877E-03,  -733.748E-03,            0.,"ASSEMBLY_PLATE-1__PICKEDSET2","ROCK","",  -987.602E-03,      -1.84215,      -1.83438,  -995.371E-03,   81.1081E-03
F:/Desktop/DeepOnet_Abaqus/StaticElasticJob.odb,Step-1,Increment      1: Step Time =    1.000,"PLATE-1",          1569,             1,  -426.820E-03,  -747.638E-03,            0.,"ASSEMBLY_PLATE-1__PICKEDSET2","ROCK","",  -976.170E-03,      -1.86091,      -1.85353,  -983.547E-03,   80.4475E-03
F:/Desktop/DeepOnet_Abaqus/StaticElasticJob.odb,Step-1,Increment      1: Step Time =    1.000,"PLATE-1",          1570,             1,  -225.664E-03,       1.32314,            0.,"ASSEMBLY_PLATE-1__PICKEDSET2","ROCK","",  -737.237E-03,      -1.60906,      -1.00775,      -1.33854,   403.312E-03
F:/Desktop/DeepOnet_Abaqus/StaticElasticJob.odb,Step-1,Increment      1: Step Time =    1.000,"PLATE-1",          1571,             1,  -205.085E-03,       1.21580,            0.,"ASSEMBLY_PLATE-1__PICKEDSET2","ROCK","",  -705.606E-03,      -2.33648,      -1.84882,      -1.19327,   746.659E-03
F:/Desktop/DeepOnet_Abaqus/StaticElasticJob.odb,Step-1,Increment      1: Step Time =    1.000,"PLATE-1",          1572,             1,  -645.333E-03,  -630.181E-03,            0.,"ASSEMBLY_PLATE-1__PICKEDSET2","ROCK","",      -1.00102,      -1.81770,      -1.80728,      -1.01145,   91.6828E-03
F:/Desktop/DeepOnet_Abaqus/StaticElasticJob.odb,Step-1,Increment      1: Step Time =    1.000,"PLATE-1",          1573,             1,  -857.988E-03,   441.346E-03,            0.,"ASSEMBLY_PLATE-1__PICKEDSET2","ROCK","",      -1.02125,      -1.76229,      -1.75602,      -1.02752,  -67.8825E-03
F:/Desktop/DeepOnet_Abaqus/StaticElasticJob.odb,Step-1,Increment      1: Step Time =    1.000,"PLATE-1",          1574,             1,  -586.963E-03,  -775.302E-03,            0.,"ASSEMBLY_PLATE-1__PICKEDSET2","ROCK","",  -993.014E-03,      -1.82826,      -1.82204,  -999.236E-03,   71.8204E-03
F:/Desktop/DeepOnet_Abaqus/StaticElasticJob.odb,Step-1,Increment      1: Step Time =    1.000,"PLATE-1",          1575,             1,      -1.00392,   595.499E-03,            0.,"ASSEMBLY_PLATE-1__PICKEDSET2","ROCK","",      -1.00975,      -1.77493,      -1.77412,      -1.01056,  -24.8868E-03
F:/Desktop/DeepOnet_Abaqus/StaticElasticJob.odb,Step-1,Increment      1: Step Time =    1.000,"PLATE-1",          1576,             1,       1.10454,   302.346E-03,            0.,"ASSEMBLY_PLATE-1__PICKEDSET2","ROCK","",  -993.736E-03,      -1.71815,      -1.71815,  -993.736E-03,  -492.288E-06
F:/Desktop/DeepOnet_Abaqus/StaticElasticJob.odb,Step-1,Increment      1: Step Time =    1.000,"PLATE-1",          1577,             1,       1.16138,   343.318E-03,            0.,"ASSEMBLY_PLATE-1__PICKEDSET2","ROCK","",  -990.371E-03,      -1.72214,      -1.72204,  -990.475E-03,  -8.71329E-03
F:/Desktop/DeepOnet_Abaqus/StaticElasticJob.odb,Step-1,Increment      1: Step Time =    1.000,"PLATE-1",          1578,             1,  -620.199E-03,       1.00685,            0.,"ASSEMBLY_PLATE-1__PICKEDSET2","ROCK","",  -967.474E-03,      -1.85120,      -1.83886,  -979.821E-03,   103.727E-03
F:/Desktop/DeepOnet_Abaqus/StaticElasticJob.odb,Step-1,Increment      1: Step Time =    1.000,"PLATE-1",          1579,             1,   997.223E-03,  -156.003E-03,            0.,"ASSEMBLY_PLATE-1__PICKEDSET2","ROCK","",      -1.03298,      -1.69634,      -1.69292,      -1.03640,  -47.4941E-03
F:/Desktop/DeepOnet_Abaqus/StaticElasticJob.odb,Step-1,Increment      1: Step Time =    1.000,"PLATE-1",          1580,             1,   404.016E-03,   967.889E-03,            0.,"ASSEMBLY_PLATE-1__PICKEDSET2","ROCK","",  -618.992E-03,      -2.10422,      -2.08624,  -636.979E-03,  -162.453E-03
F:/Desktop/DeepOnet_Abaqus/StaticElasticJob.odb,Step-1,Increment      1: Step Time =    1.000,"PLATE-1",          1581,             1,       1.16930,   204.824E-03,            0.,"ASSEMBLY_PLATE-1__PICKEDSET2","ROCK","",      -1.00678,      -1.71134,      -1.71115,      -1.00696,  -11.3864E-03
F:/Desktop/DeepOnet_Abaqus/StaticElasticJob.odb,Step-1,Increment      1: Step Time =    1.000,"PLATE-1",          1582,             1,  -790.729E-03,   661.012E-03,            0.,"ASSEMBLY_PLATE-1__PICKEDSET2","ROCK","",  -982.687E-03,      -1.83114,      -1.82956,  -984.264E-03,  -36.5429E-03
F:/Desktop/DeepOnet_Abaqus/StaticElasticJob.odb,Step-1,Increment      1: Step Time =    1.000,"PLATE-1",          1583,             1,   624.655E-03,       1.49639,            0.,"ASSEMBLY_PLATE-1__PICKEDSET2","ROCK","",  -788.623E-03,      -1.49085,  -816.145E-03,      -1.46333,   136.269E-03
F:/Desktop/DeepOnet_Abaqus/StaticElasticJob.odb,Step-1,Increment      1: Step Time =    1.000,"PLATE-1",          1584,             1,       1.32564,       1.44968,            0.,"ASSEMBLY_PLATE-1__PICKEDSET2","ROCK","",      -1.05449,      -1.64498,      -1.63994,      -1.05952,   54.2836E-03
F:/Desktop/DeepOnet_Abaqus/StaticElasticJob.odb,Step-1,Increment      1: Step Time =    1.000,"PLATE-1",          1585,             1,       1.13971,       1.45410,            0.,"ASSEMBLY_PLATE-1__PICKEDSET2","ROCK","",      -1.07217,      -1.59081,      -1.58283,      -1.08015,   63.8484E-03
F:/Desktop/DeepOnet_Abaqus/StaticElasticJob.odb,Step-1,Increment      1: Step Time =    1.000,"PLATE-1",          1586,             1,   960.707E-03,       1.46838,            0.,"ASSEMBLY_PLATE-1__PICKEDSET2","ROCK","",      -1.10337,      -1.49856,      -1.48073,      -1.12120,   82.0262E-03
F:/Desktop/DeepOnet_Abaqus/StaticElasticJob.odb,Step-1,Increment      1: Step Time =    1.000,"PLATE-1",          1587,             1,   780.760E-03,       1.46377,            0.,"ASSEMBLY_PLATE-1__PICKEDSET2","ROCK","",      -1.15407,      -1.31559,      -1.24751,      -1.22215,   79.7572E-03
F:/Desktop/DeepOnet_Abaqus/StaticElasticJob.odb,Step-1,Increment      1: Step Time =    1.000,"PLATE-1",          1588,             1,       1.08915,  -454.617E-03,            0.,"ASSEMBLY_PLATE-1__PICKEDSET2","ROCK","",      -1.00072,      -1.75342,      -1.74841,      -1.00574,  -61.2577E-03
F:/Desktop/DeepOnet_Abaqus/StaticElasticJob.odb,Step-1,Increment      1: Step Time =    1.000,"PLATE-1",          1589,             1,   537.274E-03,   493.069E-03,            0.,"ASSEMBLY_PLATE-1__PICKEDSET2","ROCK","",  -839.459E-03,      -1.93666,      -1.92066,  -855.462E-03,   131.539E-03
F:/Desktop/DeepOnet_Abaqus/StaticElasticJob.odb,Step-1,Increment      1: Step Time =    1.000,"PLATE-1",          1590,             1,      -1.07695,       1.44205,            0.,"ASSEMBLY_PLATE-1__PICKEDSET2","ROCK","",      -1.05326,      -1.66643,      -1.66619,      -1.05350,   12.0490E-03
F:/Desktop/DeepOnet_Abaqus/StaticElasticJob.odb,Step-1,Increment      1: Step Time =    1.000,"PLATE-1",          1591,             1,  -841.917E-03,       1.45154,            0.,"ASSEMBLY_PLATE-1__PICKEDSET2","ROCK","",      -1.07795,      -1.61355,      -1.61263,      -1.07887,   22.1918E-03
F:/Desktop/DeepOnet_Abaqus/StaticElasticJob.odb,Step-1,Increment      1: Step Time =    1.000,"PLATE-1",          1592,             1,  -362.976E-03,       1.49164,            0.,"ASSEMBLY_PLATE-1__PICKEDSET2","ROCK","",      -1.12615,      -1.26820,      -1.19145,      -1.20289,  -70.7940E-03
F:/Desktop/DeepOnet_Abaqus/StaticElasticJob.odb,Step-1,Increment      1: Step Time =    1.000,"PLATE-1",          1593,             1,  -275.347E-03,       1.49329,            0.,"ASSEMBLY_PLATE-1__PICKEDSET2","ROCK","",  -921.118E-03,      -1.31461,  -968.679E-03,      -1.26705,  -128.268E-03
F:/Desktop/DeepOnet_Abaqus/StaticElasticJob.odb,Step-1,Increment      1: Step Time =    1.000,"PLATE-1",          1594,             1,  -444.458E-03,       1.47525,            0.,"ASSEMBLY_PLATE-1__PICKEDSET2","ROCK","",      -1.20405,      -1.31947,      -1.31884,      -1.20468,   8.54112E-03
F:/Desktop/DeepOnet_Abaqus/StaticElasticJob.odb,Step-1,Increment      1: Step Time =    1.000,"PLATE-1",          1595,             1,  -669.469E-03,       1.46940,            0.,"ASSEMBLY_PLATE-1__PICKEDSET2","ROCK","",      -1.11142,      -1.53032,      -1.52953,      -1.11221,   18.1386E-03
F:/Desktop/DeepOnet_Abaqus/StaticElasticJob.odb,Step-1,Increment      1: Step Time =    1.000,"PLATE-1",          1596,             1,      -1.26498,       1.45033,            0.,"ASSEMBLY_PLATE-1__PICKEDSET2","ROCK","",      -1.04423,      -1.68863,      -1.68858,      -1.04428,   5.63307E-03
F:/Desktop/DeepOnet_Abaqus/StaticElasticJob.odb,Step-1,Increment      1: Step Time =    1.000,"PLATE-1",          1597,             1,      -1.17053,       1.44799,            0.,"ASSEMBLY_PLATE-1__PICKEDSET2","ROCK","",      -1.04774,      -1.68125,      -1.68109,      -1.04789,   9.86103E-03
F:/Desktop/DeepOnet_Abaqus/StaticElasticJob.odb,Step-1,Increment      1: Step Time =    1.000,"PLATE-1",          1598,             1,   573.935E-03,   553.559E-03,            0.,"ASSEMBLY_PLATE-1__PICKEDSET2","ROCK","",  -843.754E-03,      -1.92598,      -1.91894,  -850.790E-03,   86.9770E-03
F:/Desktop/DeepOnet_Abaqus/StaticElasticJob.odb,Step-1,Increment      1: Step Time =    1.000,"PLATE-1",          1599,             1,   125.814E-03,      -1.04457,            0.,"ASSEMBLY_PLATE-1__PICKEDSET2","ROCK","",  -963.683E-03,      -1.85343,      -1.85343,  -963.686E-03,  -1.56559E-03
F:/Desktop/DeepOnet_Abaqus/StaticElasticJob.odb,Step-1,Increment      1: Step Time =    1.000,"PLATE-1",          1600,             1,   204.396E-03,      -1.11693,            0.,"ASSEMBLY_PLATE-1__PICKEDSET2","ROCK","",  -970.235E-03,      -1.84066,      -1.84062,  -970.273E-03,  -5.76590E-03
F:/Desktop/DeepOnet_Abaqus/StaticElasticJob.odb,Step-1,Increment      1: Step Time =    1.000,"PLATE-1",          1601,             1,      -1.47902,   430.538E-03,            0.,"ASSEMBLY_PLATE-1__PICKEDSET2","ROCK","",      -1.02965,      -1.74019,      -1.74018,      -1.02966,   3.00066E-03
F:/Desktop/DeepOnet_Abaqus/StaticElasticJob.odb,Step-1,Increment      1: Step Time =    1.000,"PLATE-1",          1602,             1,      -1.42084,  -649.386E-03,            0.,"ASSEMBLY_PLATE-1__PICKEDSET2","ROCK","",      -1.02050,      -1.76108,      -1.75914,      -1.02243,   37.7986E-03
F:/Desktop/DeepOnet_Abaqus/StaticElasticJob.odb,Step-1,Increment      1: Step Time =    1.000,"PLATE-1",          1603,             1,  -845.181E-03,      -1.53987,            0.,"ASSEMBLY_PLATE-1__PICKEDSET2","ROCK","",      -1.00257,      -1.78943,      -1.78894,      -1.00306,   19.6386E-03
F:/Desktop/DeepOnet_Abaqus/StaticElasticJob.odb,Step-1,Increment      1: Step Time =    1.000,"PLATE-1",          1604,             1,  -328.639E-03,      -1.45694,            0.,"ASSEMBLY_PLATE-1__PICKEDSET2","ROCK","",  -995.031E-03,      -1.80569,      -1.80535,  -995.370E-03,   16.5655E-03
F:/Desktop/DeepOnet_Abaqus/StaticElasticJob.odb,Step-1,Increment      1: Step Time =    1.000,"PLATE-1",          1605,             1,   582.205E-03,      -1.49885,            0.,"ASSEMBLY_PLATE-1__PICKEDSET2","ROCK","",  -987.014E-03,      -1.80293,      -1.80283,  -987.114E-03,  -9.05274E-03
F:/Desktop/DeepOnet_Abaqus/StaticElasticJob.odb,Step-1,Increment      1: Step Time =    1.000,"PLATE-1",          1606,             1,       1.44152,   711.759E-03,            0.,"ASSEMBLY_PLATE-1__PICKEDSET2","ROCK","",      -1.00790,      -1.70051,      -1.69921,      -1.00921,  -30.0200E-03
F:/Desktop/DeepOnet_Abaqus/StaticElasticJob.odb,Step-1,Increment      1: Step Time =    1.000,"PLATE-1",          1607,             1,       1.45544,   617.882E-03,            0.,"ASSEMBLY_PLATE-1__PICKEDSET2","ROCK","",      -1.00522,      -1.70763,      -1.70649,      -1.00637,  -28.3486E-03
F:/Desktop/DeepOnet_Abaqus/StaticElasticJob.odb,Step-1,Increment      1: Step Time =    1.000,"PLATE-1",          1608,             1,       1.55194,  -351.390E-03,            0.,"ASSEMBLY_PLATE-1__PICKEDSET2","ROCK","",      -1.00489,      -1.74496,      -1.74284,      -1.00701,  -39.5285E-03
F:/Desktop/DeepOnet_Abaqus/StaticElasticJob.odb,Step-1,Increment      1: Step Time =    1.000,"PLATE-1",          1609,             1,      -1.37718,   687.485E-03,            0.,"ASSEMBLY_PLATE-1__PICKEDSET2","ROCK","",      -1.02034,      -1.74866,      -1.74863,      -1.02036,   4.55862E-03
F:/Desktop/DeepOnet_Abaqus/StaticElasticJob.odb,Step-1,Increment      1: Step Time =    1.000,"PLATE-1",          1610,             1,      -1.47318,   758.442E-03,            0.,"ASSEMBLY_PLATE-1__PICKEDSET2","ROCK","",      -1.02137,      -1.74477,      -1.74467,      -1.02147,   8.37973E-03
F:/Desktop/DeepOnet_Abaqus/StaticElasticJob.odb,Step-1,Increment      1: Step Time =    1.000,"PLATE-1",          1611,             1,      -1.47260,      -1.04721,            0.,"ASSEMBLY_PLATE-1__PICKEDSET2","ROCK","",      -1.01012,      -1.77274,      -1.77162,      -1.01124,   29.2483E-03
F:/Desktop/DeepOnet_Abaqus/StaticElasticJob.odb,Step-1,Increment      1: Step Time =    1.000,"PLATE-1",          1612,             1,      -1.45232,  -956.347E-03,            0.,"ASSEMBLY_PLATE-1__PICKEDSET2","ROCK","",      -1.01177,      -1.77122,      -1.76992,      -1.01307,   31.4202E-03
F:/Desktop/DeepOnet_Abaqus/StaticElasticJob.odb,Step-1,Increment      1: Step Time =    1.000,"PLATE-1",          1613,             1,  -632.590E-03,      -1.46044,            0.,"ASSEMBLY_PLATE-1__PICKEDSET2","ROCK","",  -999.727E-03,      -1.79740,      -1.79687,      -1.00026,   20.5339E-03
F:/Desktop/DeepOnet_Abaqus/StaticElasticJob.odb,Step-1,Increment      1: Step Time =    1.000,"PLATE-1",          1614,             1,   954.136E-03,      -1.46202,            0.,"ASSEMBLY_PLATE-1__PICKEDSET2","ROCK","",  -987.302E-03,      -1.79426,      -1.79391,  -987.655E-03,  -16.8875E-03
F:/Desktop/DeepOnet_Abaqus/StaticElasticJob.odb,Step-1,Increment      1: Step Time =    1.000,"PLATE-1",          1615,             1,       1.46253,  -549.846E-03,            0.,"ASSEMBLY_PLATE-1__PICKEDSET2","ROCK","",  -999.160E-03,      -1.75715,      -1.75473,      -1.00157,  -42.7185E-03
F:/Desktop/DeepOnet_Abaqus/StaticElasticJob.odb,Step-1,Increment      1: Step Time =    1.000,"PLATE-1",          1616,             1,       1.46648,  -640.246E-03,            0.,"ASSEMBLY_PLATE-1__PICKEDSET2","ROCK","",  -997.070E-03,      -1.76209,      -1.75980,  -999.357E-03,  -41.7611E-03
F:/Desktop/DeepOnet_Abaqus/StaticElasticJob.odb,Step-1,Increment      1: Step Time =    1.000,"PLATE-1",          1617,             1,       1.55497,  -150.712E-03,            0.,"ASSEMBLY_PLATE-1__PICKEDSET2","ROCK","",      -1.00885,      -1.73431,      -1.73254,      -1.01063,  -35.8459E-03
F:/Desktop/DeepOnet_Abaqus/StaticElasticJob.odb,Step-1,Increment      1: Step Time =    1.000,"PLATE-1",          1618,             1,       1.42624,   967.636E-03,            0.,"ASSEMBLY_PLATE-1__PICKEDSET2","ROCK","",      -1.02836,      -1.66983,      -1.66876,      -1.02943,  -26.1315E-03
F:/Desktop/DeepOnet_Abaqus/StaticElasticJob.odb,Step-1,Increment      1: Step Time =    1.000,"PLATE-1",          1619,             1,      -1.39063,  -44.9828E-03,            0.,"ASSEMBLY_PLATE-1__PICKEDSET2","ROCK","",      -1.04499,      -1.72744,      -1.72683,      -1.04560,   20.3614E-03
F:/Desktop/DeepOnet_Abaqus/StaticElasticJob.odb,Step-1,Increment      1: Step Time =    1.000,"PLATE-1",          1620,             1,       1.48296,   142.817E-03,            0.,"ASSEMBLY_PLATE-1__PICKEDSET2","ROCK","",      -1.00941,      -1.72193,      -1.72086,      -1.01048,  -27.5390E-03
F:/Desktop/DeepOnet_Abaqus/StaticElasticJob.odb,Step-1,Increment      1: Step Time =    1.000,"PLATE-1",          1621,             1,   236.144E-03,      -1.48231,            0.,"ASSEMBLY_PLATE-1__PICKEDSET2","ROCK","",  -987.690E-03,      -1.80968,      -1.80968,  -987.690E-03,   103.402E-06
F:/Desktop/DeepOnet_Abaqus/StaticElasticJob.odb,Step-1,Increment      1: Step Time =    1.000,"PLATE-1",          1622,             1,   244.568E-03,      -1.56141,            0.,"ASSEMBLY_PLATE-1__PICKEDSET2","ROCK","",  -989.800E-03,      -1.80522,      -1.80522,  -989.800E-03,   314.782E-06
F:/Desktop/DeepOnet_Abaqus/StaticElasticJob.odb,Step-1,Increment      1: Step Time =    1.000,"PLATE-1",          1623,             1,      -1.47494,   147.341E-03,            0.,"ASSEMBLY_PLATE-1__PICKEDSET2","ROCK","",      -1.03886,      -1.73218,      -1.73203,      -1.03901,   10.1034E-03
F:/Desktop/DeepOnet_Abaqus/StaticElasticJob.odb,Step-1,Increment      1: Step Time =    1.000,"PLATE-1",          1624,             1,  -152.256E-03,      -1.47695,            0.,"ASSEMBLY_PLATE-1__PICKEDSET2","ROCK","",  -992.305E-03,      -1.80877,      -1.80859,  -992.492E-03,   12.3729E-03
F:/Desktop/DeepOnet_Abaqus/StaticElasticJob.odb,Step-1,Increment      1: Step Time =    1.000,"PLATE-1",          1625,             1,   41.7552E-03,      -1.46804,            0.,"ASSEMBLY_PLATE-1__PICKEDSET2","ROCK","",  -989.169E-03,      -1.81126,      -1.81121,  -989.221E-03,   6.50806E-03
F:/Desktop/DeepOnet_Abaqus/StaticElasticJob.odb,Step-1,Increment      1: Step Time =    1.000,"PLATE-1",          1626,             1,  -57.6435E-03,      -1.46985,            0.,"ASSEMBLY_PLATE-1__PICKEDSET2","ROCK","",  -990.348E-03,      -1.81066,      -1.81055,  -990.453E-03,   9.29218E-03
F:/Desktop/DeepOnet_Abaqus/StaticElasticJob.odb,Step-1,Increment      1: Step Time =    1.000,"PLATE-1",          1627,             1,       1.48084,   46.9565E-03,            0.,"ASSEMBLY_PLATE-1__PICKEDSET2","ROCK","",      -1.01048,      -1.72409,      -1.72280,      -1.01177,  -30.3683E-03
F:/Desktop/DeepOnet_Abaqus/StaticElasticJob.odb,Step-1,Increment      1: Step Time =    1.000,"PLATE-1",          1628,             1,       1.47552,  -49.6748E-03,            0.,"ASSEMBLY_PLATE-1__PICKEDSET2","ROCK","",      -1.01044,      -1.72735,      -1.72580,      -1.01200,  -33.3503E-03
F:/Desktop/DeepOnet_Abaqus/StaticElasticJob.odb,Step-1,Increment      1: Step Time =    1.000,"PLATE-1",          1629,             1,       1.56067,   245.989E-03,            0.,"ASSEMBLY_PLATE-1__PICKEDSET2","ROCK","",      -1.00961,      -1.72101,      -1.72002,      -1.01060,  -26.5065E-03
F:/Desktop/DeepOnet_Abaqus/StaticElasticJob.odb,Step-1,Increment      1: Step Time =    1.000,"PLATE-1",          1630,             1,       1.47927,   333.652E-03,            0.,"ASSEMBLY_PLATE-1__PICKEDSET2","ROCK","",      -1.00646,      -1.71822,      -1.71735,      -1.00734,  -24.9255E-03
F:/Desktop/DeepOnet_Abaqus/StaticElasticJob.odb,Step-1,Increment      1: Step Time =    1.000,"PLATE-1",          1631,             1,      -1.48003,   337.920E-03,            0.,"ASSEMBLY_PLATE-1__PICKEDSET2","ROCK","",      -1.03339,      -1.73697,      -1.73695,      -1.03341,   3.78335E-03
F:/Desktop/DeepOnet_Abaqus/StaticElasticJob.odb,Step-1,Increment      1: Step Time =    1.000,"PLATE-1",          1632,             1,      -1.47494,  -406.686E-03,            0.,"ASSEMBLY_PLATE-1__PICKEDSET2","ROCK","",      -1.02947,      -1.74790,      -1.74627,      -1.03110,   34.1345E-03
F:/Desktop/DeepOnet_Abaqus/StaticElasticJob.odb,Step-1,Increment      1: Step Time =    1.000,"PLATE-1",          1633,             1,      -1.40204,  -361.089E-03,            0.,"ASSEMBLY_PLATE-1__PICKEDSET2","ROCK","",      -1.03390,      -1.74361,      -1.74171,      -1.03580,   36.6736E-03
F:/Desktop/DeepOnet_Abaqus/StaticElasticJob.odb,Step-1,Increment      1: Step Time =    1.000,"PLATE-1",          1634,             1,   434.253E-03,      -1.56016,            0.,"ASSEMBLY_PLATE-1__PICKEDSET2","ROCK","",  -988.901E-03,      -1.80298,      -1.80296,  -988.922E-03,  -4.15516E-03
F:/Desktop/DeepOnet_Abaqus/StaticElasticJob.odb,Step-1,Increment      1: Step Time =    1.000,"PLATE-1",          1635,             1,       1.55778,   443.311E-03,            0.,"ASSEMBLY_PLATE-1__PICKEDSET2","ROCK","",      -1.00923,      -1.71518,      -1.71426,      -1.01015,  -25.4582E-03
F:/Desktop/DeepOnet_Abaqus/StaticElasticJob.odb,Step-1,Increment      1: Step Time =    1.000,"PLATE-1",          1636,             1,       1.24704,      -1.54383,            0.,"ASSEMBLY_PLATE-1__PICKEDSET2","ROCK","",  -990.146E-03,      -1.78575,      -1.78534,  -990.558E-03,  -18.1047E-03
F:/Desktop/DeepOnet_Abaqus/StaticElasticJob.odb,Step-1,Increment      1: Step Time =    1.000,"PLATE-1",          1637,             1,       1.55672,      -1.35108,            0.,"ASSEMBLY_PLATE-1__PICKEDSET2","ROCK","",  -992.011E-03,      -1.77887,      -1.77814,  -992.744E-03,  -24.0006E-03
F:/Desktop/DeepOnet_Abaqus/StaticElasticJob.odb,Step-1,Increment      1: Step Time =    1.000,"PLATE-1",          1638,             1,      -1.55253,       1.34987,            0.,"ASSEMBLY_PLATE-1__PICKEDSET2","ROCK","",      -1.03366,      -1.71485,      -1.71480,      -1.03371,   5.63752E-03
F:/Desktop/DeepOnet_Abaqus/StaticElasticJob.odb,Step-1,Increment      1: Step Time =    1.000,"PLATE-1",          1639,             1,      -1.34427,      -1.46154,            0.,"ASSEMBLY_PLATE-1__PICKEDSET2","ROCK","",      -1.00589,      -1.77782,      -1.77726,      -1.00645,   20.7816E-03
F:/Desktop/DeepOnet_Abaqus/StaticElasticJob.odb,Step-1,Increment      1: Step Time =    1.000,"PLATE-1",          1640,             1,      -1.46188,       1.14679,            0.,"ASSEMBLY_PLATE-1__PICKEDSET2","ROCK","",      -1.02790,      -1.72633,      -1.72604,      -1.02818,   14.1156E-03
F:/Desktop/DeepOnet_Abaqus/StaticElasticJob.odb,Step-1,Increment      1: Step Time =    1.000,"PLATE-1",          1641,             1,      -1.43178,      -1.35251,            0.,"ASSEMBLY_PLATE-1__PICKEDSET2","ROCK","",      -1.00674,      -1.77608,      -1.77541,      -1.00741,   22.7087E-03
F:/Desktop/DeepOnet_Abaqus/StaticElasticJob.odb,Step-1,Increment      1: Step Time =    1.000,"PLATE-1",          1642,             1,      -1.54708,      -1.45008,            0.,"ASSEMBLY_PLATE-1__PICKEDSET2","ROCK","",      -1.00649,      -1.77397,      -1.77345,      -1.00701,   19.9683E-03
F:/Desktop/DeepOnet_Abaqus/StaticElasticJob.odb,Step-1,Increment      1: Step Time =    1.000,"PLATE-1",          1643,             1,      -1.15580,      -1.46982,            0.,"ASSEMBLY_PLATE-1__PICKEDSET2","ROCK","",      -1.00484,      -1.78223,      -1.78165,      -1.00541,   21.1769E-03
F:/Desktop/DeepOnet_Abaqus/StaticElasticJob.odb,Step-1,Increment      1: Step Time =    1.000,"PLATE-1",          1644,             1,       1.36644,      -1.43097,            0.,"ASSEMBLY_PLATE-1__PICKEDSET2","ROCK","",  -990.151E-03,      -1.78342,      -1.78282,  -990.752E-03,  -21.8103E-03
F:/Desktop/DeepOnet_Abaqus/StaticElasticJob.odb,Step-1,Increment      1: Step Time =    1.000,"PLATE-1",          1645,             1,       1.47425,      -1.26114,            0.,"ASSEMBLY_PLATE-1__PICKEDSET2","ROCK","",  -990.846E-03,      -1.78027,      -1.77940,  -991.714E-03,  -26.1653E-03
F:/Desktop/DeepOnet_Abaqus/StaticElasticJob.odb,Step-1,Increment      1: Step Time =    1.000,"PLATE-1",          1646,             1,  -29.8331E-03,      -1.09786,            0.,"ASSEMBLY_PLATE-1__PICKEDSET2","ROCK","",  -970.921E-03,      -1.84604,      -1.84585,  -971.118E-03,   13.1091E-03
F:/Desktop/DeepOnet_Abaqus/StaticElasticJob.odb,Step-1,Increment      1: Step Time =    1.000,"PLATE-1",          1647,             1,  -484.955E-03,  -934.089E-03,            0.,"ASSEMBLY_PLATE-1__PICKEDSET2","ROCK","",  -986.729E-03,      -1.83322,      -1.83008,  -989.865E-03,   51.4289E-03
F:/Desktop/DeepOnet_Abaqus/StaticElasticJob.odb,Step-1,Increment      1: Step Time =    1.000,"PLATE-1",          1648,             1,  -19.9726E-03,      -1.02565,            0.,"ASSEMBLY_PLATE-1__PICKEDSET2","ROCK","",  -963.789E-03,      -1.85745,      -1.85725,  -963.988E-03,   13.3132E-03
F:/Desktop/DeepOnet_Abaqus/StaticElasticJob.odb,Step-1,Increment      1: Step Time =    1.000,"PLATE-1",          1649,             1,   241.586E-03,       1.01012,            0.,"ASSEMBLY_PLATE-1__PICKEDSET2","ROCK","",  -712.942E-03,      -2.24888,      -2.24863,  -713.197E-03,  -19.7713E-03
F:/Desktop/DeepOnet_Abaqus/StaticElasticJob.odb,Step-1,Increment      1: Step Time =    1.000,"PLATE-1",          1650,             1,   98.8363E-03,       1.15965,            0.,"ASSEMBLY_PLATE-1__PICKEDSET2","ROCK","",  -432.824E-03,      -3.57129,      -3.55660,  -447.516E-03,  -214.228E-03
F:/Desktop/DeepOnet_Abaqus/StaticElasticJob.odb,Step-1,Increment      1: Step Time =    1.000,"PLATE-1",          1651,             1,   202.294E-03,       1.19120,            0.,"ASSEMBLY_PLATE-1__PICKEDSET2","ROCK","",  -148.374E-03,      -2.65746,      -2.35218,  -453.662E-03,  -820.240E-03
F:/Desktop/DeepOnet_Abaqus/StaticElasticJob.odb,Step-1,Increment      1: Step Time =    1.000,"PLATE-1",          1652,             1,  -411.316E-03,      -1.21069,            0.,"ASSEMBLY_PLATE-1__PICKEDSET2","ROCK","",  -990.799E-03,      -1.81824,      -1.81728,  -991.752E-03,   28.0629E-03
F:/Desktop/DeepOnet_Abaqus/StaticElasticJob.odb,Step-1,Increment      1: Step Time =    1.000,"PLATE-1",          1653,             1,  -467.396E-03,      -1.09546,            0.,"ASSEMBLY_PLATE-1__PICKEDSET2","ROCK","",  -989.600E-03,      -1.82341,      -1.82178,  -991.228E-03,   36.8042E-03
F:/Desktop/DeepOnet_Abaqus/StaticElasticJob.odb,Step-1,Increment      1: Step Time =    1.000,"PLATE-1",          1654,             1,       1.25165,   54.5222E-03,            0.,"ASSEMBLY_PLATE-1__PICKEDSET2","ROCK","",      -1.01390,      -1.71307,      -1.71217,      -1.01479,  -25.0484E-03
F:/Desktop/DeepOnet_Abaqus/StaticElasticJob.odb,Step-1,Increment      1: Step Time =    1.000,"PLATE-1",          1655,             1,       1.17177,  -8.70377E-03,            0.,"ASSEMBLY_PLATE-1__PICKEDSET2","ROCK","",      -1.01915,      -1.70774,      -1.70661,      -1.02028,  -27.9075E-03
F:/Desktop/DeepOnet_Abaqus/StaticElasticJob.odb,Step-1,Increment      1: Step Time =    1.000,"PLATE-1",          1656,             1,      -1.32777,   340.033E-03,            0.,"ASSEMBLY_PLATE-1__PICKEDSET2","ROCK","",      -1.03706,      -1.73414,      -1.73412,      -1.03708,  -3.69780E-03
F:/Desktop/DeepOnet_Abaqus/StaticElasticJob.odb,Step-1,Increment      1: Step Time =    1.000,"PLATE-1",          1657,             1,      -1.22128,  -38.0278E-03,            0.,"ASSEMBLY_PLATE-1__PICKEDSET2","ROCK","",      -1.05806,      -1.71282,      -1.71209,      -1.05880,   21.9690E-03
F:/Desktop/DeepOnet_Abaqus/StaticElasticJob.odb,Step-1,Increment      1: Step Time =    1.000,"PLATE-1",          1658,             1,  -111.982E-03,       1.38490,            0.,"ASSEMBLY_PLATE-1__PICKEDSET2","ROCK","",  -203.962E-03,      -1.28556,  -207.539E-03,      -1.28198,  -62.0957E-03
F:/Desktop/DeepOnet_Abaqus/StaticElasticJob.odb,Step-1,Increment      1: Step Time =    1.000,"PLATE-1",          1659,             1,  -677.582E-03,  -708.164E-03,            0.,"ASSEMBLY_PLATE-1__PICKEDSET2","ROCK","",      -1.00007,      -1.81534,      -1.80796,      -1.00745,   77.2052E-03
F:/Desktop/DeepOnet_Abaqus/StaticElasticJob.odb,Step-1,Increment      1: Step Time =    1.000,"PLATE-1",          1660,             1,   219.445E-03,      -1.25282,            0.,"ASSEMBLY_PLATE-1__PICKEDSET2","ROCK","",  -978.918E-03,      -1.82568,      -1.82567,  -978.925E-03,  -2.46118E-03
F:/Desktop/DeepOnet_Abaqus/StaticElasticJob.odb,Step-1,Increment      1: Step Time =    1.000,"PLATE-1",          1661,             1,   386.162E-03,   880.652E-03,            0.,"ASSEMBLY_PLATE-1__PICKEDSET2","ROCK","",  -728.371E-03,      -2.09810,      -2.09754,  -728.936E-03,  -27.8067E-03
F:/Desktop/DeepOnet_Abaqus/StaticElasticJob.odb,Step-1,Increment      1: Step Time =    1.000,"PLATE-1",          1662,             1,  -372.113E-03,       1.36210,            0.,"ASSEMBLY_PLATE-1__PICKEDSET2","ROCK","",      -1.06656,      -1.44787,      -1.29772,      -1.21672,   186.306E-03
F:/Desktop/DeepOnet_Abaqus/StaticElasticJob.odb,Step-1,Increment      1: Step Time =    1.000,"PLATE-1",          1663,             1,   428.328E-03,       1.04917,            0.,"ASSEMBLY_PLATE-1__PICKEDSET2","ROCK","",  -547.221E-03,      -2.01594,      -1.94932,  -613.839E-03,  -305.622E-03
F:/Desktop/DeepOnet_Abaqus/StaticElasticJob.odb,Step-1,Increment      1: Step Time =    1.000,"PLATE-1",          1664,             1,      -1.14265,  -194.990E-03,            0.,"ASSEMBLY_PLATE-1__PICKEDSET2","ROCK","",      -1.05768,      -1.71577,      -1.71305,      -1.06041,   42.2699E-03
F:/Desktop/DeepOnet_Abaqus/StaticElasticJob.odb,Step-1,Increment      1: Step Time =    1.000,"PLATE-1",          1665,             1,  -563.125E-03,  -981.748E-03,            0.,"ASSEMBLY_PLATE-1__PICKEDSET2","ROCK","",  -991.867E-03,      -1.82244,      -1.81984,  -994.465E-03,   46.3762E-03
F:/Desktop/DeepOnet_Abaqus/StaticElasticJob.odb,Step-1,Increment      1: Step Time =    1.000,"PLATE-1",          1666,             1,  -549.596E-03,      -1.08255,            0.,"ASSEMBLY_PLATE-1__PICKEDSET2","ROCK","",  -992.737E-03,      -1.81830,      -1.81649,  -994.545E-03,   38.5973E-03
F:/Desktop/DeepOnet_Abaqus/StaticElasticJob.odb,Step-1,Increment      1: Step Time =    1.000,"PLATE-1",          1667,             1,   533.481E-03,   866.285E-03,            0.,"ASSEMBLY_PLATE-1__PICKEDSET2","ROCK","",  -743.229E-03,      -1.96509,      -1.95470,  -753.617E-03,  -112.179E-03
F:/Desktop/DeepOnet_Abaqus/StaticElasticJob.odb,Step-1,Increment      1: Step Time =    1.000,"PLATE-1",          1668,             1,   47.4322E-03,      -1.11623,            0.,"ASSEMBLY_PLATE-1__PICKEDSET2","ROCK","",  -970.876E-03,      -1.84382,      -1.84378,  -970.922E-03,   6.33917E-03
F:/Desktop/DeepOnet_Abaqus/StaticElasticJob.odb,Step-1,Increment      1: Step Time =    1.000,"PLATE-1",          1669,             1,   142.310E-03,      -1.19038,            0.,"ASSEMBLY_PLATE-1__PICKEDSET2","ROCK","",  -975.210E-03,      -1.83407,      -1.83407,  -975.210E-03,   662.345E-06
F:/Desktop/DeepOnet_Abaqus/StaticElasticJob.odb,Step-1,Increment      1: Step Time =    1.000,"PLATE-1",          1670,             1,  -841.907E-03,   318.328E-03,            0.,"ASSEMBLY_PLATE-1__PICKEDSET2","ROCK","",      -1.05158,      -1.71703,      -1.70817,      -1.06043,  -76.2375E-03
F:/Desktop/DeepOnet_Abaqus/StaticElasticJob.odb,Step-1,Increment      1: Step Time =    1.000,"PLATE-1",          1671,             1,      -1.05028,   414.038E-03,            0.,"ASSEMBLY_PLATE-1__PICKEDSET2","ROCK","",      -1.03497,      -1.74011,      -1.73853,      -1.03656,  -33.4182E-03
F:/Desktop/DeepOnet_Abaqus/StaticElasticJob.odb,Step-1,Increment      1: Step Time =    1.000,"PLATE-1",          1672,             1,      -1.21655,  -201.099E-03,            0.,"ASSEMBLY_PLATE-1__PICKEDSET2","ROCK","",      -1.05143,      -1.72293,      -1.72076,      -1.05360,   38.1309E-03
F:/Desktop/DeepOnet_Abaqus/StaticElasticJob.odb,Step-1,Increment      1: Step Time =    1.000,"PLATE-1",          1673,             1,   671.746E-03,   549.163E-03,            0.,"ASSEMBLY_PLATE-1__PICKEDSET2","ROCK","",  -867.609E-03,      -1.87022,      -1.86667,  -871.152E-03,   59.4959E-03
F:/Desktop/DeepOnet_Abaqus/StaticElasticJob.odb,Step-1,Increment      1: Step Time =    1.000,"PLATE-1",          1674,             1,  -961.686E-03,   500.308E-03,            0.,"ASSEMBLY_PLATE-1__PICKEDSET2","ROCK","",      -1.01904,      -1.76415,      -1.76181,      -1.02138,  -41.7056E-03
F:/Desktop/DeepOnet_Abaqus/StaticElasticJob.odb,Step-1,Increment      1: Step Time =    1.000,"PLATE-1",          1675,             1,  -965.498E-03,   388.125E-03,            0.,"ASSEMBLY_PLATE-1__PICKEDSET2","ROCK","",      -1.03805,      -1.73736,      -1.73416,      -1.04125,  -47.2153E-03
F:/Desktop/DeepOnet_Abaqus/StaticElasticJob.odb,Step-1,Increment      1: Step Time =    1.000,"PLATE-1",          1676,             1,      -1.11142,   477.375E-03,            0.,"ASSEMBLY_PLATE-1__PICKEDSET2","ROCK","",      -1.02673,      -1.74958,      -1.74883,      -1.02748,  -23.2778E-03
F:/Desktop/DeepOnet_Abaqus/StaticElasticJob.odb,Step-1,Increment      1: Step Time =    1.000,"PLATE-1",          1677,             1,   711.078E-03,   825.312E-03,            0.,"ASSEMBLY_PLATE-1__PICKEDSET2","ROCK","",  -826.315E-03,      -1.84970,      -1.83816,  -837.848E-03,  -108.026E-03
F:/Desktop/DeepOnet_Abaqus/StaticElasticJob.odb,Step-1,Increment      1: Step Time =    1.000,"PLATE-1",          1678,             1,   591.363E-03,   748.513E-03,            0.,"ASSEMBLY_PLATE-1__PICKEDSET2","ROCK","",  -796.624E-03,      -1.94142,      -1.94026,  -797.789E-03,  -36.5004E-03
F:/Desktop/DeepOnet_Abaqus/StaticElasticJob.odb,Step-1,Increment      1: Step Time =    1.000,"PLATE-1",          1679,             1,  -901.044E-03,   640.539E-03,            0.,"ASSEMBLY_PLATE-1__PICKEDSET2","ROCK","",  -996.946E-03,      -1.79858,      -1.79767,  -997.854E-03,  -26.9761E-03
F:/Desktop/DeepOnet_Abaqus/StaticElasticJob.odb,Step-1,Increment      1: Step Time =    1.000,"PLATE-1",          1680,             1,  -901.801E-03,  -805.275E-03,            0.,"ASSEMBLY_PLATE-1__PICKEDSET2","ROCK","",      -1.00694,      -1.79382,      -1.78980,      -1.01096,   56.0883E-03
F:/Desktop/DeepOnet_Abaqus/StaticElasticJob.odb,Step-1,Increment      1: Step Time =    1.000,"PLATE-1",          1681,             1,   63.3720E-03,       1.04448,            0.,"ASSEMBLY_PLATE-1__PICKEDSET2","ROCK","",  -984.326E-03,      -2.53504,      -2.52358,  -995.792E-03,   132.848E-03
F:/Desktop/DeepOnet_Abaqus/StaticElasticJob.odb,Step-1,Increment      1: Step Time =    1.000,"PLATE-1",          1682,             1,   164.656E-03,       1.00433,            0.,"ASSEMBLY_PLATE-1__PICKEDSET2","ROCK","",  -795.636E-03,      -2.37410,      -2.37343,  -796.311E-03,   32.6394E-03
F:/Desktop/DeepOnet_Abaqus/StaticElasticJob.odb,Step-1,Increment      1: Step Time =    1.000,"PLATE-1",          1683,             1,   625.906E-03,   599.360E-03,            0.,"ASSEMBLY_PLATE-1__PICKEDSET2","ROCK","",  -841.538E-03,      -1.90185,      -1.89992,  -843.473E-03,   45.2539E-03
F:/Desktop/DeepOnet_Abaqus/StaticElasticJob.odb,Step-1,Increment      1: Step Time =    1.000,"PLATE-1",          1684,             1,       1.04292,   426.797E-03,            0.,"ASSEMBLY_PLATE-1__PICKEDSET2","ROCK","",  -971.420E-03,      -1.73520,      -1.73519,  -971.429E-03,   2.53089E-03
F:/Desktop/DeepOnet_Abaqus/StaticElasticJob.odb,Step-1,Increment      1: Step Time =    1.000,"PLATE-1",          1685,             1,       1.24263,  -22.2830E-03,            0.,"ASSEMBLY_PLATE-1__PICKEDSET2","ROCK","",      -1.01614,      -1.71429,      -1.71294,      -1.01749,  -30.5903E-03
F:/Desktop/DeepOnet_Abaqus/StaticElasticJob.odb,Step-1,Increment      1: Step Time =    1.000,"PLATE-1",          1686,             1,       1.15511,  -76.9735E-03,            0.,"ASSEMBLY_PLATE-1__PICKEDSET2","ROCK","",      -1.02120,      -1.70909,      -1.70737,      -1.02292,  -34.3429E-03
F:/Desktop/DeepOnet_Abaqus/StaticElasticJob.odb,Step-1,Increment      1: Step Time =    1.000,"PLATE-1",          1687,             1,   285.007E-03,      -1.24763,            0.,"ASSEMBLY_PLATE-1__PICKEDSET2","ROCK","",  -978.273E-03,      -1.82511,      -1.82508,  -978.311E-03,  -5.64324E-03
F:/Desktop/DeepOnet_Abaqus/StaticElasticJob.odb,Step-1,Increment      1: Step Time =    1.000,"PLATE-1",          1688,             1,   52.3168E-03,      -1.03856,            0.,"ASSEMBLY_PLATE-1__PICKEDSET2","ROCK","",  -963.380E-03,      -1.85587,      -1.85584,  -963.414E-03,   5.53353E-03
F:/Desktop/DeepOnet_Abaqus/StaticElasticJob.odb,Step-1,Increment      1: Step Time =    1.000,"PLATE-1",          1689,             1,  -998.884E-03,  -718.056E-03,            0.,"ASSEMBLY_PLATE-1__PICKEDSET2","ROCK","",      -1.01347,      -1.78122,      -1.77702,      -1.01768,   56.6370E-03
F:/Desktop/DeepOnet_Abaqus/StaticElasticJob.odb,Step-1,Increment      1: Step Time =    1.000,"PLATE-1",          1690,             1,  -913.748E-03,  -631.108E-03,            0.,"ASSEMBLY_PLATE-1__PICKEDSET2","ROCK","",      -1.01575,      -1.78163,      -1.77545,      -1.02193,   68.4987E-03
F:/Desktop/DeepOnet_Abaqus/StaticElasticJob.odb,Step-1,Increment      1: Step Time =    1.000,"PLATE-1",          1691,             1,       1.25173,  -382.847E-03,            0.,"ASSEMBLY_PLATE-1__PICKEDSET2","ROCK","",      -1.00491,      -1.74458,      -1.74115,      -1.00834,  -50.2590E-03
F:/Desktop/DeepOnet_Abaqus/StaticElasticJob.odb,Step-1,Increment      1: Step Time =    1.000,"PLATE-1",          1692,             1,       1.13134,  -297.791E-03,            0.,"ASSEMBLY_PLATE-1__PICKEDSET2","ROCK","",      -1.01226,      -1.73122,      -1.72714,      -1.01634,  -53.9697E-03
F:/Desktop/DeepOnet_Abaqus/StaticElasticJob.odb,Step-1,Increment      1: Step Time =    1.000,"PLATE-1",          1693,             1,  -201.537E-03,      -1.19619,            0.,"ASSEMBLY_PLATE-1__PICKEDSET2","ROCK","",  -982.872E-03,      -1.82899,      -1.82850,  -983.358E-03,   20.2732E-03
F:/Desktop/DeepOnet_Abaqus/StaticElasticJob.odb,Step-1,Increment      1: Step Time =    1.000,"PLATE-1",          1694,             1,       1.09737,   187.129E-03,            0.,"ASSEMBLY_PLATE-1__PICKEDSET2","ROCK","",      -1.00960,      -1.70596,      -1.70593,      -1.00963,  -4.59618E-03
F:/Desktop/DeepOnet_Abaqus/StaticElasticJob.odb,Step-1,Increment      1: Step Time =    1.000,"PLATE-1",          1695,             1,       1.32585,   50.5706E-03,            0.,"ASSEMBLY_PLATE-1__PICKEDSET2","ROCK","",      -1.01211,      -1.71764,      -1.71655,      -1.01320,  -27.6878E-03
F:/Desktop/DeepOnet_Abaqus/StaticElasticJob.odb,Step-1,Increment      1: Step Time =    1.000,"PLATE-1",          1696,             1,      -1.45420,       1.55018,            0.,"ASSEMBLY_PLATE-1__PICKEDSET2","ROCK","",      -1.03837,      -1.70184,      -1.70181,      -1.03841,  -4.77777E-03
F:/Desktop/DeepOnet_Abaqus/StaticElasticJob.odb,Step-1,Increment      1: Step Time =    1.000,"PLATE-1",          1697,             1,      -1.54773,  -850.690E-03,            0.,"ASSEMBLY_PLATE-1__PICKEDSET2","ROCK","",      -1.01437,      -1.76645,      -1.76516,      -1.01566,   31.0923E-03
F:/Desktop/DeepOnet_Abaqus/StaticElasticJob.odb,Step-1,Increment      1: Step Time =    1.000,"PLATE-1",          1698,             1,       1.46059,      -1.44572,            0.,"ASSEMBLY_PLATE-1__PICKEDSET2","ROCK","",  -991.311E-03,      -1.78119,      -1.78060,  -991.910E-03,  -21.7397E-03
F:/Desktop/DeepOnet_Abaqus/StaticElasticJob.odb,Step-1,Increment      1: Step Time =    1.000,"PLATE-1",          1699,             1,      -1.05315,      -1.55283,            0.,"ASSEMBLY_PLATE-1__PICKEDSET2","ROCK","",      -1.00420,      -1.78390,      -1.78341,      -1.00469,   19.4283E-03
F:/Desktop/DeepOnet_Abaqus/StaticElasticJob.odb,Step-1,Increment      1: Step Time =    1.000,"PLATE-1",          1700,             1,       1.54689,      -1.05649,            0.,"ASSEMBLY_PLATE-1__PICKEDSET2","ROCK","",  -992.163E-03,      -1.77545,      -1.77420,  -993.417E-03,  -31.3108E-03
F:/Desktop/DeepOnet_Abaqus/StaticElasticJob.odb,Step-1,Increment      1: Step Time =    1.000,"PLATE-1",          1701,             1,      -1.44345,      -1.45371,            0.,"ASSEMBLY_PLATE-1__PICKEDSET2","ROCK","",      -1.00635,      -1.77558,      -1.77504,      -1.00690,   20.4737E-03
F:/Desktop/DeepOnet_Abaqus/StaticElasticJob.odb,Step-1,Increment      1: Step Time =    1.000,"PLATE-1",          1702,             1,  -743.502E-03,      -1.54882,            0.,"ASSEMBLY_PLATE-1__PICKEDSET2","ROCK","",      -1.00166,      -1.79189,      -1.79143,      -1.00211,   18.9348E-03
F:/Desktop/DeepOnet_Abaqus/StaticElasticJob.odb,Step-1,Increment      1: Step Time =    1.000,"PLATE-1",          1703,             1,      -1.38091,  -554.993E-03,            0.,"ASSEMBLY_PLATE-1__PICKEDSET2","ROCK","",      -1.02497,      -1.75589,      -1.75369,      -1.02717,   40.0611E-03
F:/Desktop/DeepOnet_Abaqus/StaticElasticJob.odb,Step-1,Increment      1: Step Time =    1.000,"PLATE-1",          1704,             1,      -1.44345,  -491.579E-03,            0.,"ASSEMBLY_PLATE-1__PICKEDSET2","ROCK","",      -1.02657,      -1.75264,      -1.75077,      -1.02844,   36.8011E-03
F:/Desktop/DeepOnet_Abaqus/StaticElasticJob.odb,Step-1,Increment      1: Step Time =    1.000,"PLATE-1",          1705,             1,      -1.46910,       1.04719,            0.,"ASSEMBLY_PLATE-1__PICKEDSET2","ROCK","",      -1.02526,      -1.73186,      -1.73156,      -1.02556,   14.5710E-03
F:/Desktop/DeepOnet_Abaqus/StaticElasticJob.odb,Step-1,Increment      1: Step Time =    1.000,"PLATE-1",          1706,             1,       1.25230,  -496.500E-03,            0.,"ASSEMBLY_PLATE-1__PICKEDSET2","ROCK","",  -999.597E-03,      -1.75513,      -1.75177,      -1.00296,  -50.3252E-03
F:/Desktop/DeepOnet_Abaqus/StaticElasticJob.odb,Step-1,Increment      1: Step Time =    1.000,"PLATE-1",          1707,             1,       1.44611,       1.07375,            0.,"ASSEMBLY_PLATE-1__PICKEDSET2","ROCK","",      -1.03912,      -1.65974,      -1.65950,      -1.03936,  -12.1112E-03
F:/Desktop/DeepOnet_Abaqus/StaticElasticJob.odb,Step-1,Increment      1: Step Time =    1.000,"PLATE-1",          1708,             1,   645.630E-03,      -1.14228,            0.,"ASSEMBLY_PLATE-1__PICKEDSET2","ROCK","",  -977.395E-03,      -1.81563,      -1.81488,  -978.138E-03,  -24.9436E-03
F:/Desktop/DeepOnet_Abaqus/StaticElasticJob.odb,Step-1,Increment      1: Step Time =    1.000,"PLATE-1",          1709,             1,       1.45223,       1.54144,            0.,"ASSEMBLY_PLATE-1__PICKEDSET2","ROCK","",      -1.03995,      -1.68411,      -1.67837,      -1.04569,   60.5433E-03
F:/Desktop/DeepOnet_Abaqus/StaticElasticJob.odb,Step-1,Increment      1: Step Time =    1.000,"PLATE-1",          1710,             1,      -1.20746,  -275.149E-03,            0.,"ASSEMBLY_PLATE-1__PICKEDSET2","ROCK","",      -1.04712,      -1.72913,      -1.72628,      -1.04998,   44.0205E-03
F:/Desktop/DeepOnet_Abaqus/StaticElasticJob.odb,Step-1,Increment      1: Step Time =    1.000,"PLATE-1",          1711,             1,      -1.19748,  -422.193E-03,            0.,"ASSEMBLY_PLATE-1__PICKEDSET2","ROCK","",      -1.03554,      -1.74528,      -1.74175,      -1.03908,   49.9514E-03
F:/Desktop/DeepOnet_Abaqus/StaticElasticJob.odb,Step-1,Increment      1: Step Time =    1.000,"PLATE-1",          1712,             1,      -1.14407,  -120.466E-03,            0.,"ASSEMBLY_PLATE-1__PICKEDSET2","ROCK","",      -1.06268,      -1.70858,      -1.70680,      -1.06446,   33.9166E-03
F:/Desktop/DeepOnet_Abaqus/StaticElasticJob.odb,Step-1,Increment      1: Step Time =    1.000,"PLATE-1",          1713,             1,   439.582E-03,      -1.35896,            0.,"ASSEMBLY_PLATE-1__PICKEDSET2","ROCK","",  -982.935E-03,      -1.81316,      -1.81308,  -983.023E-03,  -8.54084E-03
F:/Desktop/DeepOnet_Abaqus/StaticElasticJob.odb,Step-1,Increment      1: Step Time =    1.000,"PLATE-1",          1714,             1,   596.856E-03,      -1.30249,            0.,"ASSEMBLY_PLATE-1__PICKEDSET2","ROCK","",  -981.633E-03,      -1.81078,      -1.81049,  -981.925E-03,  -15.5391E-03
F:/Desktop/DeepOnet_Abaqus/StaticElasticJob.odb,Step-1,Increment      1: Step Time =    1.000,"PLATE-1",          1715,             1,   656.278E-03,      -1.34539,            0.,"ASSEMBLY_PLATE-1__PICKEDSET2","ROCK","",  -983.322E-03,      -1.80670,      -1.80641,  -983.607E-03,  -15.3074E-03
F:/Desktop/DeepOnet_Abaqus/StaticElasticJob.odb,Step-1,Increment      1: Step Time =    1.000,"PLATE-1",          1716,             1,  -957.239E-03,      -1.31375,            0.,"ASSEMBLY_PLATE-1__PICKEDSET2","ROCK","",      -1.00334,      -1.78978,      -1.78887,      -1.00424,   26.6858E-03
F:/Desktop/DeepOnet_Abaqus/StaticElasticJob.odb,Step-1,Increment      1: Step Time =    1.000,"PLATE-1",          1717,             1,      -1.31295,      -1.28077,            0.,"ASSEMBLY_PLATE-1__PICKEDSET2","ROCK","",      -1.00644,      -1.77909,      -1.77827,      -1.00726,   25.2605E-03
F:/Desktop/DeepOnet_Abaqus/StaticElasticJob.odb,Step-1,Increment      1: Step Time =    1.000,"PLATE-1",          1718,             1,       1.31467,       1.28788,            0.,"ASSEMBLY_PLATE-1__PICKEDSET2","ROCK","",      -1.06497,      -1.61929,      -1.61914,      -1.06513,   9.36233E-03
F:/Desktop/DeepOnet_Abaqus/StaticElasticJob.odb,Step-1,Increment      1: Step Time =    1.000,"PLATE-1",          1719,             1,  -610.131E-03,      -1.37074,            0.,"ASSEMBLY_PLATE-1__PICKEDSET2","ROCK","",  -998.266E-03,      -1.80164,      -1.80095,  -998.956E-03,   23.5371E-03
F:/Desktop/DeepOnet_Abaqus/StaticElasticJob.odb,Step-1,Increment      1: Step Time =    1.000,"PLATE-1",          1720,             1,      -1.14769,      -1.30529,            0.,"ASSEMBLY_PLATE-1__PICKEDSET2","ROCK","",      -1.00525,      -1.78366,      -1.78278,      -1.00612,   26.0526E-03
F:/Desktop/DeepOnet_Abaqus/StaticElasticJob.odb,Step-1,Increment      1: Step Time =    1.000,"PLATE-1",          1721,             1,       1.21028,      -1.36723,            0.,"ASSEMBLY_PLATE-1__PICKEDSET2","ROCK","",  -987.994E-03,      -1.78797,      -1.78732,  -988.649E-03,  -22.8701E-03
F:/Desktop/DeepOnet_Abaqus/StaticElasticJob.odb,Step-1,Increment      1: Step Time =    1.000,"PLATE-1",          1722,             1,      -1.38387,      -1.15391,            0.,"ASSEMBLY_PLATE-1__PICKEDSET2","ROCK","",      -1.00814,      -1.77658,      -1.77556,      -1.00916,   27.9461E-03
F:/Desktop/DeepOnet_Abaqus/StaticElasticJob.odb,Step-1,Increment      1: Step Time =    1.000,"PLATE-1",          1723,             1,  -467.152E-03,      -1.44761,            0.,"ASSEMBLY_PLATE-1__PICKEDSET2","ROCK","",  -996.877E-03,      -1.80325,      -1.80278,  -997.344E-03,   19.4067E-03
F:/Desktop/DeepOnet_Abaqus/StaticElasticJob.odb,Step-1,Increment      1: Step Time =    1.000,"PLATE-1",          1724,             1,       1.46388,  -454.082E-03,            0.,"ASSEMBLY_PLATE-1__PICKEDSET2","ROCK","",      -1.00183,      -1.75129,      -1.74884,      -1.00429,  -42.8403E-03
F:/Desktop/DeepOnet_Abaqus/StaticElasticJob.odb,Step-1,Increment      1: Step Time =    1.000,"PLATE-1",          1725,             1,  -704.290E-03,  -762.405E-03,            0.,"ASSEMBLY_PLATE-1__PICKEDSET2","ROCK","",  -999.997E-03,      -1.81309,      -1.80718,      -1.00590,   69.0304E-03
F:/Desktop/DeepOnet_Abaqus/StaticElasticJob.odb,Step-1,Increment      1: Step Time =    1.000,"PLATE-1",          1726,             1,      -1.11399,   408.175E-03,            0.,"ASSEMBLY_PLATE-1__PICKEDSET2","ROCK","",      -1.03573,      -1.73846,      -1.73758,      -1.03661,  -24.7701E-03
F:/Desktop/DeepOnet_Abaqus/StaticElasticJob.odb,Step-1,Increment      1: Step Time =    1.000,"PLATE-1",          1727,             1,      -1.04806,   468.607E-03,            0.,"ASSEMBLY_PLATE-1__PICKEDSET2","ROCK","",      -1.02583,      -1.75250,      -1.75115,      -1.02718,  -31.3036E-03
F:/Desktop/DeepOnet_Abaqus/StaticElasticJob.odb,Step-1,Increment      1: Step Time =    1.000,"PLATE-1",          1728,             1,      -1.47543,  -48.7166E-03,            0.,"ASSEMBLY_PLATE-1__PICKEDSET2","ROCK","",      -1.04019,      -1.73234,      -1.73173,      -1.04080,   20.5403E-03
F:/Desktop/DeepOnet_Abaqus/StaticElasticJob.odb,Step-1,Increment      1: Step Time =    1.000,"PLATE-1",          1729,             1,      -1.00967,  -810.499E-03,            0.,"ASSEMBLY_PLATE-1__PICKEDSET2","ROCK","",      -1.01037,      -1.78481,      -1.78143,      -1.01376,   51.0991E-03
F:/Desktop/DeepOnet_Abaqus/StaticElasticJob.odb,Step-1,Increment      1: Step Time =    1.000,"PLATE-1",          1730,             1,  -905.180E-03,  -708.859E-03,            0.,"ASSEMBLY_PLATE-1__PICKEDSET2","ROCK","",      -1.01123,      -1.78798,      -1.78282,      -1.01639,   63.0915E-03
F:/Desktop/DeepOnet_Abaqus/StaticElasticJob.odb,Step-1,Increment      1: Step Time =    1.000,"PLATE-1",          1731,             1,       1.01506,   661.234E-03,            0.,"ASSEMBLY_PLATE-1__PICKEDSET2","ROCK","",  -940.700E-03,      -1.74979,      -1.74804,  -942.450E-03,  -37.5918E-03
F:/Desktop/DeepOnet_Abaqus/StaticElasticJob.odb,Step-1,Increment      1: Step Time =    1.000,"PLATE-1",          1732,             1,  -774.249E-03,       1.26388,            0.,"ASSEMBLY_PLATE-1__PICKEDSET2","ROCK","",      -1.04342,      -1.67341,      -1.66089,      -1.05594,   87.9076E-03
F:/Desktop/DeepOnet_Abaqus/StaticElasticJob.odb,Step-1,Increment      1: Step Time =    1.000,"PLATE-1",          1733,             1,  -945.780E-03,       1.22902,            0.,"ASSEMBLY_PLATE-1__PICKEDSET2","ROCK","",      -1.03637,      -1.70066,      -1.69634,      -1.04069,   53.3966E-03
F:/Desktop/DeepOnet_Abaqus/StaticElasticJob.odb,Step-1,Increment      1: Step Time =    1.000,"PLATE-1",          1734,             1,  -851.732E-03,  -828.725E-03,            0.,"ASSEMBLY_PLATE-1__PICKEDSET2","ROCK","",      -1.00472,      -1.79812,      -1.79423,      -1.00862,   55.4203E-03
F:/Desktop/DeepOnet_Abaqus/StaticElasticJob.odb,Step-1,Increment      1: Step Time =    1.000,"PLATE-1",          1735,             1,       1.17919,   127.902E-03,            0.,"ASSEMBLY_PLATE-1__PICKEDSET2","ROCK","",      -1.01263,      -1.70865,      -1.70829,      -1.01299,  -15.9318E-03
F:/Desktop/DeepOnet_Abaqus/StaticElasticJob.odb,Step-1,Increment      1: Step Time =    1.000,"PLATE-1",          1736,             1,   403.464E-03,      -1.41781,            0.,"ASSEMBLY_PLATE-1__PICKEDSET2","ROCK","",  -984.713E-03,      -1.81102,      -1.81098,  -984.760E-03,  -6.22147E-03
F:/Desktop/DeepOnet_Abaqus/StaticElasticJob.odb,Step-1,Increment      1: Step Time =    1.000,"PLATE-1",          1737,             1,   690.037E-03,   732.814E-03,            0.,"ASSEMBLY_PLATE-1__PICKEDSET2","ROCK","",  -830.574E-03,      -1.87787,      -1.87557,  -832.878E-03,  -49.0750E-03
F:/Desktop/DeepOnet_Abaqus/StaticElasticJob.odb,Step-1,Increment      1: Step Time =    1.000,"PLATE-1",          1738,             1,   890.144E-03,   695.914E-03,            0.,"ASSEMBLY_PLATE-1__PICKEDSET2","ROCK","",  -898.266E-03,      -1.78871,      -1.78656,  -900.415E-03,  -43.6987E-03
F:/Desktop/DeepOnet_Abaqus/StaticElasticJob.odb,Step-1,Increment      1: Step Time =    1.000,"PLATE-1",          1739,             1,   785.835E-03,   726.807E-03,            0.,"ASSEMBLY_PLATE-1__PICKEDSET2","ROCK","",  -869.264E-03,      -1.82330,      -1.82067,  -871.896E-03,  -50.0407E-03
F:/Desktop/DeepOnet_Abaqus/StaticElasticJob.odb,Step-1,Increment      1: Step Time =    1.000,"PLATE-1",          1740,             1,   615.612E-03,   838.565E-03,            0.,"ASSEMBLY_PLATE-1__PICKEDSET2","ROCK","",  -786.141E-03,      -1.90456,      -1.89357,  -797.136E-03,  -110.345E-03
F:/Desktop/DeepOnet_Abaqus/StaticElasticJob.odb,Step-1,Increment      1: Step Time =    1.000,"PLATE-1",          1741,             1,   465.855E-03,   862.878E-03,            0.,"ASSEMBLY_PLATE-1__PICKEDSET2","ROCK","",  -718.913E-03,      -2.02895,      -2.02455,  -723.312E-03,  -75.7865E-03
F:/Desktop/DeepOnet_Abaqus/StaticElasticJob.odb,Step-1,Increment      1: Step Time =    1.000,"PLATE-1",          1742,             1,      -1.03267,   351.205E-03,            0.,"ASSEMBLY_PLATE-1__PICKEDSET2","ROCK","",      -1.04414,      -1.72862,      -1.72695,      -1.04582,  -33.8391E-03
F:/Desktop/DeepOnet_Abaqus/StaticElasticJob.odb,Step-1,Increment      1: Step Time =    1.000,"PLATE-1",          1743,             1,  -934.439E-03,       1.30952,            0.,"ASSEMBLY_PLATE-1__PICKEDSET2","ROCK","",      -1.04976,      -1.67702,      -1.67347,      -1.05331,   47.0792E-03
F:/Desktop/DeepOnet_Abaqus/StaticElasticJob.odb,Step-1,Increment      1: Step Time =    1.000,"PLATE-1",          1744,             1,      -1.02074,       1.24087,            0.,"ASSEMBLY_PLATE-1__PICKEDSET2","ROCK","",      -1.03638,      -1.70352,      -1.70069,      -1.03922,   43.3707E-03
F:/Desktop/DeepOnet_Abaqus/StaticElasticJob.odb,Step-1,Increment      1: Step Time =    1.000,"PLATE-1",          1745,             1,      -1.18655,   405.527E-03,            0.,"ASSEMBLY_PLATE-1__PICKEDSET2","ROCK","",      -1.03590,      -1.73683,      -1.73644,      -1.03629,  -16.4116E-03
F:/Desktop/DeepOnet_Abaqus/StaticElasticJob.odb,Step-1,Increment      1: Step Time =    1.000,"PLATE-1",          1746,             1,      -1.18522,   485.735E-03,            0.,"ASSEMBLY_PLATE-1__PICKEDSET2","ROCK","",      -1.02728,      -1.74720,      -1.74691,      -1.02757,  -14.5933E-03
F:/Desktop/DeepOnet_Abaqus/StaticElasticJob.odb,Step-1,Increment      1: Step Time =    1.000,"PLATE-1",          1747,             1,      -1.09970,       1.24819,            0.,"ASSEMBLY_PLATE-1__PICKEDSET2","ROCK","",      -1.03626,      -1.70371,      -1.70202,      -1.03795,   33.5930E-03
F:/Desktop/DeepOnet_Abaqus/StaticElasticJob.odb,Step-1,Increment      1: Step Time =    1.000,"PLATE-1",          1748,             1,       1.01636,   566.332E-03,            0.,"ASSEMBLY_PLATE-1__PICKEDSET2","ROCK","",  -947.180E-03,      -1.75253,      -1.75216,  -947.544E-03,  -17.1196E-03
F:/Desktop/DeepOnet_Abaqus/StaticElasticJob.odb,Step-1,Increment      1: Step Time =    1.000,"PLATE-1",          1749,             1,  -499.624E-03,      -1.30070,            0.,"ASSEMBLY_PLATE-1__PICKEDSET2","ROCK","",  -995.264E-03,      -1.80862,      -1.80784,  -996.039E-03,   25.1013E-03
F:/Desktop/DeepOnet_Abaqus/StaticElasticJob.odb,Step-1,Increment      1: Step Time =    1.000,"PLATE-1",          1750,             1,      -1.11087,  -631.514E-03,            0.,"ASSEMBLY_PLATE-1__PICKEDSET2","ROCK","",      -1.02068,      -1.76800,      -1.76403,      -1.02466,   54.3787E-03
F:/Desktop/DeepOnet_Abaqus/StaticElasticJob.odb,Step-1,Increment      1: Step Time =    1.000,"PLATE-1",          1751,             1,       1.20974,   442.987E-03,            0.,"ASSEMBLY_PLATE-1__PICKEDSET2","ROCK","",  -986.392E-03,      -1.72351,      -1.72310,  -986.809E-03,  -17.5132E-03
F:/Desktop/DeepOnet_Abaqus/StaticElasticJob.odb,Step-1,Increment      1: Step Time =    1.000,"PLATE-1",          1752,             1,  -24.0821E-03,      -1.34206,            0.,"ASSEMBLY_PLATE-1__PICKEDSET2","ROCK","",  -985.652E-03,      -1.81947,      -1.81936,  -985.765E-03,   9.69907E-03
F:/Desktop/DeepOnet_Abaqus/StaticElasticJob.odb,Step-1,Increment      1: Step Time =    1.000,"PLATE-1",          1753,             1,      -1.16883,       1.06978,            0.,"ASSEMBLY_PLATE-1__PICKEDSET2","ROCK","",      -1.02013,      -1.73710,      -1.73587,      -1.02136,   29.7036E-03
F:/Desktop/DeepOnet_Abaqus/StaticElasticJob.odb,Step-1,Increment      1: Step Time =    1.000,"PLATE-1",          1754,             1,  -619.192E-03,  -699.419E-03,            0.,"ASSEMBLY_PLATE-1__PICKEDSET2","ROCK","",  -996.450E-03,      -1.82551,      -1.81734,      -1.00463,   81.9209E-03
F:/Desktop/DeepOnet_Abaqus/StaticElasticJob.odb,Step-1,Increment      1: Step Time =    1.000,"PLATE-1",          1755,             1,       1.13168,      -1.37092,            0.,"ASSEMBLY_PLATE-1__PICKEDSET2","ROCK","",  -987.312E-03,      -1.79038,      -1.78978,  -987.910E-03,  -21.9141E-03
F:/Desktop/DeepOnet_Abaqus/StaticElasticJob.odb,Step-1,Increment      1: Step Time =    1.000,"PLATE-1",          1756,             1,      -1.23987,  -871.711E-03,            0.,"ASSEMBLY_PLATE-1__PICKEDSET2","ROCK","",      -1.01237,      -1.77526,      -1.77323,      -1.01440,   39.2691E-03
F:/Desktop/DeepOnet_Abaqus/StaticElasticJob.odb,Step-1,Increment      1: Step Time =    1.000,"PLATE-1",          1757,             1,       1.19884,       1.22088,            0.,"ASSEMBLY_PLATE-1__PICKEDSET2","ROCK","",      -1.05908,      -1.60040,      -1.59921,      -1.06027,  -25.3122E-03
F:/Desktop/DeepOnet_Abaqus/StaticElasticJob.odb,Step-1,Increment      1: Step Time =    1.000,"PLATE-1",          1758,             1,       1.37720,   501.298E-03,            0.,"ASSEMBLY_PLATE-1__PICKEDSET2","ROCK","",  -998.143E-03,      -1.71531,      -1.71434,  -999.113E-03,  -26.3513E-03
F:/Desktop/DeepOnet_Abaqus/StaticElasticJob.odb,Step-1,Increment      1: Step Time =    1.000,"PLATE-1",          1759,             1,      -1.31323,      -1.12084,            0.,"ASSEMBLY_PLATE-1__PICKEDSET2","ROCK","",      -1.00781,      -1.77855,      -1.77740,      -1.00896,   29.7593E-03
F:/Desktop/DeepOnet_Abaqus/StaticElasticJob.odb,Step-1,Increment      1: Step Time =    1.000,"PLATE-1",          1760,             1,      -1.12788,      -1.22684,            0.,"ASSEMBLY_PLATE-1__PICKEDSET2","ROCK","",      -1.00558,      -1.78434,      -1.78327,      -1.00665,   28.8309E-03
F:/Desktop/DeepOnet_Abaqus/StaticElasticJob.odb,Step-1,Increment      1: Step Time =    1.000,"PLATE-1",          1761,             1,  -738.386E-03,      -1.24545,            0.,"ASSEMBLY_PLATE-1__PICKEDSET2","ROCK","",  -999.716E-03,      -1.80047,      -1.79937,      -1.00082,   29.6906E-03
F:/Desktop/DeepOnet_Abaqus/StaticElasticJob.odb,Step-1,Increment      1: Step Time =    1.000,"PLATE-1",          1762,             1,       1.31672,   760.483E-03,            0.,"ASSEMBLY_PLATE-1__PICKEDSET2","ROCK","",  -997.372E-03,      -1.69889,      -1.69670,  -999.566E-03,  -39.1712E-03
F:/Desktop/DeepOnet_Abaqus/StaticElasticJob.odb,Step-1,Increment      1: Step Time =    1.000,"PLATE-1",          1763,             1,  -778.145E-03,  -937.769E-03,            0.,"ASSEMBLY_PLATE-1__PICKEDSET2","ROCK","",      -1.00091,      -1.80443,      -1.80144,      -1.00390,   48.9114E-03
F:/Desktop/DeepOnet_Abaqus/StaticElasticJob.odb,Step-1,Increment      1: Step Time =    1.000,"PLATE-1",          1764,             1,  -639.209E-03,      -1.00558,            0.,"ASSEMBLY_PLATE-1__PICKEDSET2","ROCK","",  -995.666E-03,      -1.81420,      -1.81178,  -998.082E-03,   44.4065E-03
F:/Desktop/DeepOnet_Abaqus/StaticElasticJob.odb,Step-1,Increment      1: Step Time =    1.000,"PLATE-1",          1765,             1,  -757.898E-03,  -809.421E-03,            0.,"ASSEMBLY_PLATE-1__PICKEDSET2","ROCK","",      -1.00179,      -1.80675,      -1.80202,      -1.00652,   61.5132E-03
F:/Desktop/DeepOnet_Abaqus/StaticElasticJob.odb,Step-1,Increment      1: Step Time =    1.000,"PLATE-1",          1766,             1,  -732.619E-03,  -709.397E-03,            0.,"ASSEMBLY_PLATE-1__PICKEDSET2","ROCK","",      -1.00437,      -1.80567,      -1.79907,      -1.01096,   72.4029E-03
F:/Desktop/DeepOnet_Abaqus/StaticElasticJob.odb,Step-1,Increment      1: Step Time =    1.000,"PLATE-1",          1767,             1,       1.10512,   466.912E-03,            0.,"ASSEMBLY_PLATE-1__PICKEDSET2","ROCK","",  -973.223E-03,      -1.73301,      -1.73290,  -973.342E-03,  -9.49952E-03
F:/Desktop/DeepOnet_Abaqus/StaticElasticJob.odb,Step-1,Increment      1: Step Time =    1.000,"PLATE-1",          1768,             1,   956.583E-03,   687.346E-03,            0.,"ASSEMBLY_PLATE-1__PICKEDSET2","ROCK","",  -924.712E-03,      -1.76304,      -1.76056,  -927.191E-03,  -45.5223E-03
F:/Desktop/DeepOnet_Abaqus/StaticElasticJob.odb,Step-1,Increment      1: Step Time =    1.000,"PLATE-1",          1769,             1,  -935.643E-03,  -845.963E-03,            0.,"ASSEMBLY_PLATE-1__PICKEDSET2","ROCK","",      -1.00707,      -1.79137,      -1.78808,      -1.01037,   50.6997E-03
F:/Desktop/DeepOnet_Abaqus/StaticElasticJob.odb,Step-1,Increment      1: Step Time =    1.000,"PLATE-1",          1770,             1,       1.32836,   135.959E-03,            0.,"ASSEMBLY_PLATE-1__PICKEDSET2","ROCK","",      -1.00939,      -1.71698,      -1.71618,      -1.01018,  -23.7491E-03
F:/Desktop/DeepOnet_Abaqus/StaticElasticJob.odb,Step-1,Increment      1: Step Time =    1.000,"PLATE-1",          1771,             1,   864.954E-03,      -1.37073,            0.,"ASSEMBLY_PLATE-1__PICKEDSET2","ROCK","",  -985.187E-03,      -1.79866,      -1.79824,  -985.608E-03,  -18.5141E-03
F:/Desktop/DeepOnet_Abaqus/StaticElasticJob.odb,Step-1,Increment      1: Step Time =    1.000,"PLATE-1",          1772,             1,  -651.251E-03,  -819.829E-03,            0.,"ASSEMBLY_PLATE-1__PICKEDSET2","ROCK","",  -996.532E-03,      -1.81886,      -1.81393,      -1.00147,   63.5168E-03
F:/Desktop/DeepOnet_Abaqus/StaticElasticJob.odb,Step-1,Increment      1: Step Time =    1.000,"PLATE-1",          1773,             1,      -1.18417,       1.25014,            0.,"ASSEMBLY_PLATE-1__PICKEDSET2","ROCK","",      -1.03477,      -1.70869,      -1.70762,      -1.03585,   26.9334E-03
F:/Desktop/DeepOnet_Abaqus/StaticElasticJob.odb,Step-1,Increment      1: Step Time =    1.000,"PLATE-1",          1774,             1,      -1.24659,       1.05051,            0.,"ASSEMBLY_PLATE-1__PICKEDSET2","ROCK","",      -1.02208,      -1.73565,      -1.73488,      -1.02285,   23.4537E-03
F:/Desktop/DeepOnet_Abaqus/StaticElasticJob.odb,Step-1,Increment      1: Step Time =    1.000,"PLATE-1",          1775,             1,  -701.575E-03,      -1.08931,            0.,"ASSEMBLY_PLATE-1__PICKEDSET2","ROCK","",  -998.286E-03,      -1.80686,      -1.80501,      -1.00014,   38.6262E-03
F:/Desktop/DeepOnet_Abaqus/StaticElasticJob.odb,Step-1,Increment      1: Step Time =    1.000,"PLATE-1",          1776,             1,  -714.360E-03,      -1.16472,            0.,"ASSEMBLY_PLATE-1__PICKEDSET2","ROCK","",  -998.789E-03,      -1.80402,      -1.80258,      -1.00022,   33.9440E-03
F:/Desktop/DeepOnet_Abaqus/StaticElasticJob.odb,Step-1,Increment      1: Step Time =    1.000,"PLATE-1",          1777,             1,   573.873E-03,   974.792E-03,            0.,"ASSEMBLY_PLATE-1__PICKEDSET2","ROCK","",  -704.688E-03,      -1.89587,      -1.85642,  -744.141E-03,  -213.167E-03
F:/Desktop/DeepOnet_Abaqus/StaticElasticJob.odb,Step-1,Increment      1: Step Time =    1.000,"PLATE-1",          1778,             1,   541.514E-03,       1.07422,            0.,"ASSEMBLY_PLATE-1__PICKEDSET2","ROCK","",  -631.541E-03,      -1.85558,      -1.76112,  -725.995E-03,  -326.638E-03
F:/Desktop/DeepOnet_Abaqus/StaticElasticJob.odb,Step-1,Increment      1: Step Time =    1.000,"PLATE-1",          1779,             1,   231.694E-03,      -1.40303,            0.,"ASSEMBLY_PLATE-1__PICKEDSET2","ROCK","",  -984.934E-03,      -1.81474,      -1.81474,  -984.934E-03,  -643.618E-06
F:/Desktop/DeepOnet_Abaqus/StaticElasticJob.odb,Step-1,Increment      1: Step Time =    1.000,"PLATE-1",          1780,             1,   321.278E-03,      -1.40312,            0.,"ASSEMBLY_PLATE-1__PICKEDSET2","ROCK","",  -984.519E-03,      -1.81330,      -1.81328,  -984.538E-03,  -3.98935E-03
F:/Desktop/DeepOnet_Abaqus/StaticElasticJob.odb,Step-1,Increment      1: Step Time =    1.000,"PLATE-1",          1781,             1,  -199.383E-03,      -1.31623,            0.,"ASSEMBLY_PLATE-1__PICKEDSET2","ROCK","",  -987.582E-03,      -1.81942,      -1.81908,  -987.921E-03,   16.7885E-03
F:/Desktop/DeepOnet_Abaqus/StaticElasticJob.odb,Step-1,Increment      1: Step Time =    1.000,"PLATE-1",          1782,             1,       1.32007,   305.941E-03,            0.,"ASSEMBLY_PLATE-1__PICKEDSET2","ROCK","",      -1.00176,      -1.71786,      -1.71731,      -1.00231,  -19.9070E-03
F:/Desktop/DeepOnet_Abaqus/StaticElasticJob.odb,Step-1,Increment      1: Step Time =    1.000,"PLATE-1",          1783,             1,       1.30856,   390.678E-03,            0.,"ASSEMBLY_PLATE-1__PICKEDSET2","ROCK","",  -996.852E-03,      -1.71881,      -1.71822,  -997.442E-03,  -20.6285E-03
F:/Desktop/DeepOnet_Abaqus/StaticElasticJob.odb,Step-1,Increment      1: Step Time =    1.000,"PLATE-1",          1784,             1,       1.38163,  -136.547E-03,            0.,"ASSEMBLY_PLATE-1__PICKEDSET2","ROCK","",      -1.01092,      -1.72810,      -1.72617,      -1.01285,  -37.1350E-03
F:/Desktop/DeepOnet_Abaqus/StaticElasticJob.odb,Step-1,Increment      1: Step Time =    1.000,"PLATE-1",          1785,             1,  -701.535E-03,      -1.02262,            0.,"ASSEMBLY_PLATE-1__PICKEDSET2","ROCK","",  -997.983E-03,      -1.80896,      -1.80667,      -1.00028,   43.0567E-03
F:/Desktop/DeepOnet_Abaqus/StaticElasticJob.odb,Step-1,Increment      1: Step Time =    1.000,"PLATE-1",          1786,             1,      -1.26714,   940.219E-03,            0.,"ASSEMBLY_PLATE-1__PICKEDSET2","ROCK","",      -1.01767,      -1.74561,      -1.74514,      -1.01814,   18.5444E-03
F:/Desktop/DeepOnet_Abaqus/StaticElasticJob.odb,Step-1,Increment      1: Step Time =    1.000,"PLATE-1",          1787,             1,      -1.33060,   414.793E-03,            0.,"ASSEMBLY_PLATE-1__PICKEDSET2","ROCK","",      -1.03184,      -1.73939,      -1.73937,      -1.03186,  -3.80641E-03
F:/Desktop/DeepOnet_Abaqus/StaticElasticJob.odb,Step-1,Increment      1: Step Time =    1.000,"PLATE-1",          1788,             1,      -1.25807,   484.290E-03,            0.,"ASSEMBLY_PLATE-1__PICKEDSET2","ROCK","",      -1.02789,      -1.74476,      -1.74463,      -1.02801,  -9.32422E-03
F:/Desktop/DeepOnet_Abaqus/StaticElasticJob.odb,Step-1,Increment      1: Step Time =    1.000,"PLATE-1",          1789,             1,       1.31212,  -315.462E-03,            0.,"ASSEMBLY_PLATE-1__PICKEDSET2","ROCK","",      -1.00712,      -1.73906,      -1.73622,      -1.00997,  -45.5323E-03
F:/Desktop/DeepOnet_Abaqus/StaticElasticJob.odb,Step-1,Increment      1: Step Time =    1.000,"PLATE-1",          1790,             1,   73.7385E-03,      -1.30038,            0.,"ASSEMBLY_PLATE-1__PICKEDSET2","ROCK","",  -981.958E-03,      -1.82418,      -1.82414,  -981.995E-03,   5.58933E-03
F:/Desktop/DeepOnet_Abaqus/StaticElasticJob.odb,Step-1,Increment      1: Step Time =    1.000,"PLATE-1",          1791,             1,  -44.2173E-03,      -1.17011,            0.,"ASSEMBLY_PLATE-1__PICKEDSET2","ROCK","",  -976.521E-03,      -1.83675,      -1.83656,  -976.712E-03,   12.8330E-03
F:/Desktop/DeepOnet_Abaqus/StaticElasticJob.odb,Step-1,Increment      1: Step Time =    1.000,"PLATE-1",          1792,             1,      -1.29113,  -214.486E-03,            0.,"ASSEMBLY_PLATE-1__PICKEDSET2","ROCK","",      -1.04621,      -1.72851,      -1.72668,      -1.04804,   35.2359E-03
F:/Desktop/DeepOnet_Abaqus/StaticElasticJob.odb,Step-1,Increment      1: Step Time =    1.000,"PLATE-1",          1793,             1,   465.310E-03,      -1.46718,            0.,"ASSEMBLY_PLATE-1__PICKEDSET2","ROCK","",  -985.937E-03,      -1.80719,      -1.80713,  -986.000E-03,  -7.23492E-03
F:/Desktop/DeepOnet_Abaqus/StaticElasticJob.odb,Step-1,Increment      1: Step Time =    1.000,"PLATE-1",          1794,             1,      -1.32993,   934.893E-03,            0.,"ASSEMBLY_PLATE-1__PICKEDSET2","ROCK","",      -1.01934,      -1.74357,      -1.74322,      -1.01968,   15.7786E-03
F:/Desktop/DeepOnet_Abaqus/StaticElasticJob.odb,Step-1,Increment      1: Step Time =    1.000,"PLATE-1",          1795,             1,       1.17257,       1.08595,            0.,"ASSEMBLY_PLATE-1__PICKEDSET2","ROCK","",      -1.03712,      -1.62257,      -1.61810,      -1.04159,  -50.9543E-03
F:/Desktop/DeepOnet_Abaqus/StaticElasticJob.odb,Step-1,Increment      1: Step Time =    1.000,"PLATE-1",          1796,             1,       1.25608,       1.08700,            0.,"ASSEMBLY_PLATE-1__PICKEDSET2","ROCK","",      -1.03481,      -1.63613,      -1.63414,      -1.03679,  -34.5186E-03
F:/Desktop/DeepOnet_Abaqus/StaticElasticJob.odb,Step-1,Increment      1: Step Time =    1.000,"PLATE-1",          1797,             1,   824.337E-03,   679.355E-03,            0.,"ASSEMBLY_PLATE-1__PICKEDSET2","ROCK","",  -885.541E-03,      -1.81008,      -1.80872,  -886.900E-03,  -35.4193E-03
F:/Desktop/DeepOnet_Abaqus/StaticElasticJob.odb,Step-1,Increment      1: Step Time =    1.000,"PLATE-1",          1798,             1,   854.354E-03,      -1.55538,            0.,"ASSEMBLY_PLATE-1__PICKEDSET2","ROCK","",  -988.288E-03,      -1.79507,      -1.79486,  -988.500E-03,  -13.0919E-03
F:/Desktop/DeepOnet_Abaqus/StaticElasticJob.odb,Step-1,Increment      1: Step Time =    1.000,"PLATE-1",          1799,             1,  -889.660E-03,  -882.181E-03,            0.,"ASSEMBLY_PLATE-1__PICKEDSET2","ROCK","",      -1.00518,      -1.79517,      -1.79203,      -1.00831,   49.6594E-03
F:/Desktop/DeepOnet_Abaqus/StaticElasticJob.odb,Step-1,Increment      1: Step Time =    1.000,"PLATE-1",          1800,             1,  -865.394E-03,       1.28931,            0.,"ASSEMBLY_PLATE-1__PICKEDSET2","ROCK","",      -1.04898,      -1.66928,      -1.66327,      -1.05499,   60.7607E-03
F:/Desktop/DeepOnet_Abaqus/StaticElasticJob.odb,Step-1,Increment      1: Step Time =    1.000,"PLATE-1",          1801,             1,      -1.40237,   856.250E-03,            0.,"ASSEMBLY_PLATE-1__PICKEDSET2","ROCK","",      -1.02001,      -1.74462,      -1.74443,      -1.02020,   11.6793E-03
F:/Desktop/DeepOnet_Abaqus/StaticElasticJob.odb,Step-1,Increment      1: Step Time =    1.000,"PLATE-1",          1802,             1,       1.30868,  -434.188E-03,            0.,"ASSEMBLY_PLATE-1__PICKEDSET2","ROCK","",      -1.00225,      -1.74942,      -1.74631,      -1.00535,  -48.0587E-03
F:/Desktop/DeepOnet_Abaqus/StaticElasticJob.odb,Step-1,Increment      1: Step Time =    1.000,"PLATE-1",          1803,             1,   140.556E-03,       1.07769,            0.,"ASSEMBLY_PLATE-1__PICKEDSET2","ROCK","",  -739.108E-03,      -2.56509,      -2.56373,  -740.464E-03,   49.7515E-03
F:/Desktop/DeepOnet_Abaqus/StaticElasticJob.odb,Step-1,Increment      1: Step Time =    1.000,"PLATE-1",          1804,             1,      -1.04973,      -1.25311,            0.,"ASSEMBLY_PLATE-1__PICKEDSET2","ROCK","",      -1.00447,      -1.78732,      -1.78628,      -1.00551,   28.4708E-03
F:/Desktop/DeepOnet_Abaqus/StaticElasticJob.odb,Step-1,Increment      1: Step Time =    1.000,"PLATE-1",          1805,             1,      -1.25842,      -1.06337,            0.,"ASSEMBLY_PLATE-1__PICKEDSET2","ROCK","",      -1.00867,      -1.77885,      -1.77747,      -1.01005,   32.5779E-03
F:/Desktop/DeepOnet_Abaqus/StaticElasticJob.odb,Step-1,Increment      1: Step Time =    1.000,"PLATE-1",          1806,             1,  -866.874E-03,  -966.403E-03,            0.,"ASSEMBLY_PLATE-1__PICKEDSET2","ROCK","",      -1.00329,      -1.79743,      -1.79491,      -1.00581,   44.7039E-03
F:/Desktop/DeepOnet_Abaqus/StaticElasticJob.odb,Step-1,Increment      1: Step Time =    1.000,"PLATE-1",          1807,             1,  -799.489E-03,  -860.326E-03,            0.,"ASSEMBLY_PLATE-1__PICKEDSET2","ROCK","",      -1.00250,      -1.80259,      -1.79892,      -1.00617,   54.0745E-03
F:/Desktop/DeepOnet_Abaqus/StaticElasticJob.odb,Step-1,Increment      1: Step Time =    1.000,"PLATE-1",          1808,             1,   52.1435E-03,      -1.37987,            0.,"ASSEMBLY_PLATE-1__PICKEDSET2","ROCK","",  -985.903E-03,      -1.81730,      -1.81725,  -985.951E-03,   6.32457E-03
F:/Desktop/DeepOnet_Abaqus/StaticElasticJob.odb,Step-1,Increment      1: Step Time =    1.000,"PLATE-1",          1809,             1,      -1.29528,  -585.601E-03,            0.,"ASSEMBLY_PLATE-1__PICKEDSET2","ROCK","",      -1.02412,      -1.75890,      -1.75620,      -1.02682,   44.4748E-03
F:/Desktop/DeepOnet_Abaqus/StaticElasticJob.odb,Step-1,Increment      1: Step Time =    1.000,"PLATE-1",          1810,             1,       1.11805,   689.317E-03,            0.,"ASSEMBLY_PLATE-1__PICKEDSET2","ROCK","",  -962.804E-03,      -1.72813,      -1.72579,  -965.145E-03,  -42.2624E-03
F:/Desktop/DeepOnet_Abaqus/StaticElasticJob.odb,Step-1,Increment      1: Step Time =    1.000,"PLATE-1",          1811,             1,      -1.34260,   609.467E-03,            0.,"ASSEMBLY_PLATE-1__PICKEDSET2","ROCK","",      -1.02203,      -1.74844,      -1.74844,      -1.02203,   337.579E-06
F:/Desktop/DeepOnet_Abaqus/StaticElasticJob.odb,Step-1,Increment      1: Step Time =    1.000,"PLATE-1",          1812,             1,      -1.27323,       1.24812,            0.,"ASSEMBLY_PLATE-1__PICKEDSET2","ROCK","",      -1.03432,      -1.71044,      -1.70984,      -1.03493,   20.1955E-03
F:/Desktop/DeepOnet_Abaqus/StaticElasticJob.odb,Step-1,Increment      1: Step Time =    1.000,"PLATE-1",          1813,             1,       1.29095,   475.041E-03,            0.,"ASSEMBLY_PLATE-1__PICKEDSET2","ROCK","",  -991.780E-03,      -1.71953,      -1.71881,  -992.500E-03,  -22.8796E-03
F:/Desktop/DeepOnet_Abaqus/StaticElasticJob.odb,Step-1,Increment      1: Step Time =    1.000,"PLATE-1",          1814,             1,       1.05099,   724.751E-03,            0.,"ASSEMBLY_PLATE-1__PICKEDSET2","ROCK","",  -947.634E-03,      -1.73644,      -1.73302,  -951.056E-03,  -51.8412E-03
F:/Desktop/DeepOnet_Abaqus/StaticElasticJob.odb,Step-1,Increment      1: Step Time =    1.000,"PLATE-1",          1815,             1,   579.339E-03,       1.13125,            0.,"ASSEMBLY_PLATE-1__PICKEDSET2","ROCK","",  -679.064E-03,      -1.78358,      -1.64631,  -816.333E-03,  -364.381E-03
F:/Desktop/DeepOnet_Abaqus/StaticElasticJob.odb,Step-1,Increment      1: Step Time =    1.000,"PLATE-1",          1816,             1,      -1.45711,   661.525E-03,            0.,"ASSEMBLY_PLATE-1__PICKEDSET2","ROCK","",      -1.02249,      -1.74543,      -1.74539,      -1.02253,   5.29482E-03
F:/Desktop/DeepOnet_Abaqus/StaticElasticJob.odb,Step-1,Increment      1: Step Time =    1.000,"PLATE-1",          1817,             1,      -1.28024,   645.525E-03,            0.,"ASSEMBLY_PLATE-1__PICKEDSET2","ROCK","",      -1.01928,      -1.75252,      -1.75252,      -1.01928,  -660.115E-06
F:/Desktop/DeepOnet_Abaqus/StaticElasticJob.odb,Step-1,Increment      1: Step Time =    1.000,"PLATE-1",          1818,             1,      -1.15861,  -573.632E-03,            0.,"ASSEMBLY_PLATE-1__PICKEDSET2","ROCK","",      -1.02453,      -1.76156,      -1.75775,      -1.02834,   52.8120E-03
F:/Desktop/DeepOnet_Abaqus/StaticElasticJob.odb,Step-1,Increment      1: Step Time =    1.000,"PLATE-1",          1819,             1,      -1.27268,  -288.986E-03,            0.,"ASSEMBLY_PLATE-1__PICKEDSET2","ROCK","",      -1.04218,      -1.73469,      -1.73230,      -1.04457,   40.6200E-03
F:/Desktop/DeepOnet_Abaqus/StaticElasticJob.odb,Step-1,Increment      1: Step Time =    1.000,"PLATE-1",          1820,             1,  -80.1060E-03,      -1.39046,            0.,"ASSEMBLY_PLATE-1__PICKEDSET2","ROCK","",  -988.449E-03,      -1.81522,      -1.81508,  -988.594E-03,   10.9548E-03
F:/Desktop/DeepOnet_Abaqus/StaticElasticJob.odb,Step-1,Increment      1: Step Time =    1.000,"PLATE-1",          1821,             1,   142.046E-03,      -1.39623,            0.,"ASSEMBLY_PLATE-1__PICKEDSET2","ROCK","",  -985.549E-03,      -1.81577,      -1.81576,  -985.559E-03,   2.81658E-03
F:/Desktop/DeepOnet_Abaqus/StaticElasticJob.odb,Step-1,Increment      1: Step Time =    1.000,"PLATE-1",          1822,             1,      -1.26337,  -511.018E-03,            0.,"ASSEMBLY_PLATE-1__PICKEDSET2","ROCK","",      -1.02825,      -1.75387,      -1.75090,      -1.03122,   46.3055E-03
F:/Desktop/DeepOnet_Abaqus/StaticElasticJob.odb,Step-1,Increment      1: Step Time =    1.000,"PLATE-1",          1823,             1,  -813.999E-03,  -998.908E-03,            0.,"ASSEMBLY_PLATE-1__PICKEDSET2","ROCK","",      -1.00146,      -1.80086,      -1.79855,      -1.00378,   42.9484E-03
F:/Desktop/DeepOnet_Abaqus/StaticElasticJob.odb,Step-1,Increment      1: Step Time =    1.000,"PLATE-1",          1824,             1,   807.310E-03,   863.726E-03,            0.,"ASSEMBLY_PLATE-1__PICKEDSET2","ROCK","",  -870.006E-03,      -1.78839,      -1.77256,  -885.841E-03,  -119.550E-03
F:/Desktop/DeepOnet_Abaqus/StaticElasticJob.odb,Step-1,Increment      1: Step Time =    1.000,"PLATE-1",          1825,             1,      -1.36802,  -429.751E-03,            0.,"ASSEMBLY_PLATE-1__PICKEDSET2","ROCK","",      -1.03110,      -1.74800,      -1.74575,      -1.03335,   40.0909E-03
F:/Desktop/DeepOnet_Abaqus/StaticElasticJob.odb,Step-1,Increment      1: Step Time =    1.000,"PLATE-1",          1826,             1,      -1.30112,  -381.330E-03,            0.,"ASSEMBLY_PLATE-1__PICKEDSET2","ROCK","",      -1.03603,      -1.74270,      -1.74013,      -1.03861,   42.5521E-03
F:/Desktop/DeepOnet_Abaqus/StaticElasticJob.odb,Step-1,Increment      1: Step Time =    1.000,"PLATE-1",          1827,             1,      -1.40119,   334.587E-03,            0.,"ASSEMBLY_PLATE-1__PICKEDSET2","ROCK","",      -1.03513,      -1.73553,      -1.73553,      -1.03513,   644.068E-06
F:/Desktop/DeepOnet_Abaqus/StaticElasticJob.odb,Step-1,Increment      1: Step Time =    1.000,"PLATE-1",          1828,             1,      -1.22181,  -776.773E-03,            0.,"ASSEMBLY_PLATE-1__PICKEDSET2","ROCK","",      -1.01534,      -1.77207,      -1.76956,      -1.01785,   43.4825E-03
F:/Desktop/DeepOnet_Abaqus/StaticElasticJob.odb,Step-1,Increment      1: Step Time =    1.000,"PLATE-1",          1829,             1,       1.25462,   642.090E-03,            0.,"ASSEMBLY_PLATE-1__PICKEDSET2","ROCK","",  -985.738E-03,      -1.71493,      -1.71335,  -987.320E-03,  -33.9269E-03
F:/Desktop/DeepOnet_Abaqus/StaticElasticJob.odb,Step-1,Increment      1: Step Time =    1.000,"PLATE-1",          1830,             1,      -1.06879,  -816.914E-03,            0.,"ASSEMBLY_PLATE-1__PICKEDSET2","ROCK","",      -1.01133,      -1.78147,      -1.77849,      -1.01431,   47.8479E-03
F:/Desktop/DeepOnet_Abaqus/StaticElasticJob.odb,Step-1,Increment      1: Step Time =    1.000,"PLATE-1",          1831,             1,  -835.595E-03,      -1.06548,            0.,"ASSEMBLY_PLATE-1__PICKEDSET2","ROCK","",      -1.00194,      -1.79856,      -1.79663,      -1.00388,   39.2088E-03
F:/Desktop/DeepOnet_Abaqus/StaticElasticJob.odb,Step-1,Increment      1: Step Time =    1.000,"PLATE-1",          1832,             1,       1.00481,   820.499E-03,            0.,"ASSEMBLY_PLATE-1__PICKEDSET2","ROCK","",  -936.752E-03,      -1.73209,      -1.72476,  -944.083E-03,  -76.0067E-03
F:/Desktop/DeepOnet_Abaqus/StaticElasticJob.odb,Step-1,Increment      1: Step Time =    1.000,"PLATE-1",          1833,             1,  -807.727E-03,      -1.22188,            0.,"ASSEMBLY_PLATE-1__PICKEDSET2","ROCK","",      -1.00090,      -1.79776,      -1.79658,      -1.00208,   30.6682E-03
F:/Desktop/DeepOnet_Abaqus/StaticElasticJob.odb,Step-1,Increment      1: Step Time =    1.000,"PLATE-1",          1834,             1,      -1.09111,       1.34241,            0.,"ASSEMBLY_PLATE-1__PICKEDSET2","ROCK","",      -1.04589,      -1.68560,      -1.68441,      -1.04707,   27.5249E-03
F:/Desktop/DeepOnet_Abaqus/StaticElasticJob.odb,Step-1,Increment      1: Step Time =    1.000,"PLATE-1",          1835,             1,      -1.26867,  -441.665E-03,            0.,"ASSEMBLY_PLATE-1__PICKEDSET2","ROCK","",      -1.03309,      -1.74736,      -1.74437,      -1.03608,   46.0974E-03
F:/Desktop/DeepOnet_Abaqus/StaticElasticJob.odb,Step-1,Increment      1: Step Time =    1.000,"PLATE-1",          1836,             1,  -806.513E-03,       1.33407,            0.,"ASSEMBLY_PLATE-1__PICKEDSET2","ROCK","",      -1.05918,      -1.64413,      -1.63693,      -1.06639,   64.5199E-03
F:/Desktop/DeepOnet_Abaqus/StaticElasticJob.odb,Step-1,Increment      1: Step Time =    1.000,"PLATE-1",          1837,             1,  -753.173E-03,       1.32612,            0.,"ASSEMBLY_PLATE-1__PICKEDSET2","ROCK","",      -1.06919,      -1.63649,      -1.62548,      -1.08021,   78.2730E-03
F:/Desktop/DeepOnet_Abaqus/StaticElasticJob.odb,Step-1,Increment      1: Step Time =    1.000,"PLATE-1",          1838,             1,      -1.55742,  -439.027E-03,            0.,"ASSEMBLY_PLATE-1__PICKEDSET2","ROCK","",      -1.02669,      -1.75044,      -1.74902,      -1.02810,   31.9340E-03
F:/Desktop/DeepOnet_Abaqus/StaticElasticJob.odb,Step-1,Increment      1: Step Time =    1.000,"PLATE-1",          1839,             1,  -755.851E-03,       1.46955,            0.,"ASSEMBLY_PLATE-1__PICKEDSET2","ROCK","",      -1.09197,      -1.57694,      -1.57612,      -1.09280,   19.9697E-03
F:/Desktop/DeepOnet_Abaqus/StaticElasticJob.odb,Step-1,Increment      1: Step Time =    1.000,"PLATE-1",          1840,             1,      -1.41824,   576.860E-03,            0.,"ASSEMBLY_PLATE-1__PICKEDSET2","ROCK","",      -1.02435,      -1.74533,      -1.74532,      -1.02436,   1.81024E-03
F:/Desktop/DeepOnet_Abaqus/StaticElasticJob.odb,Step-1,Increment      1: Step Time =    1.000,"PLATE-1",          1841,             1,  -726.798E-03,  -970.198E-03,            0.,"ASSEMBLY_PLATE-1__PICKEDSET2","ROCK","",  -998.927E-03,      -1.80802,      -1.80528,      -1.00166,   46.9545E-03
F:/Desktop/DeepOnet_Abaqus/StaticElasticJob.odb,Step-1,Increment      1: Step Time =    1.000,"PLATE-1",          1842,             1,   927.136E-03,   840.282E-03,            0.,"ASSEMBLY_PLATE-1__PICKEDSET2","ROCK","",  -914.349E-03,      -1.74687,      -1.73661,  -924.610E-03,  -91.8559E-03
F:/Desktop/DeepOnet_Abaqus/StaticElasticJob.odb,Step-1,Increment      1: Step Time =    1.000,"PLATE-1",          1843,             1,   681.118E-03,   978.929E-03,            0.,"ASSEMBLY_PLATE-1__PICKEDSET2","ROCK","",  -785.644E-03,      -1.79723,      -1.75764,  -825.235E-03,  -196.171E-03
F:/Desktop/DeepOnet_Abaqus/StaticElasticJob.odb,Step-1,Increment      1: Step Time =    1.000,"PLATE-1",          1844,             1,       1.29748,  -557.531E-03,            0.,"ASSEMBLY_PLATE-1__PICKEDSET2","ROCK","",  -997.679E-03,      -1.75896,      -1.75589,      -1.00075,  -48.2672E-03
F:/Desktop/DeepOnet_Abaqus/StaticElasticJob.odb,Step-1,Increment      1: Step Time =    1.000,"PLATE-1",          1845,             1,   945.702E-03,   903.752E-03,            0.,"ASSEMBLY_PLATE-1__PICKEDSET2","ROCK","",  -927.234E-03,      -1.71726,      -1.70188,  -942.614E-03,  -109.153E-03
F:/Desktop/DeepOnet_Abaqus/StaticElasticJob.odb,Step-1,Increment      1: Step Time =    1.000,"PLATE-1",          1846,             1,  -848.130E-03,      -1.13065,            0.,"ASSEMBLY_PLATE-1__PICKEDSET2","ROCK","",      -1.00204,      -1.79664,      -1.79510,      -1.00358,   34.9328E-03
F:/Desktop/DeepOnet_Abaqus/StaticElasticJob.odb,Step-1,Increment      1: Step Time =    1.000,"PLATE-1",          1847,             1,  -909.165E-03,      -1.06485,            0.,"ASSEMBLY_PLATE-1__PICKEDSET2","ROCK","",      -1.00360,      -1.79400,      -1.79218,      -1.00542,   37.8619E-03
F:/Desktop/DeepOnet_Abaqus/StaticElasticJob.odb,Step-1,Increment      1: Step Time =    1.000,"PLATE-1",          1848,             1,  -919.119E-03,  -937.836E-03,            0.,"ASSEMBLY_PLATE-1__PICKEDSET2","ROCK","",      -1.00528,      -1.79339,      -1.79072,      -1.00795,   45.8124E-03
F:/Desktop/DeepOnet_Abaqus/StaticElasticJob.odb,Step-1,Increment      1: Step Time =    1.000,"PLATE-1",          1849,             1,      -1.14883,  -964.014E-03,            0.,"ASSEMBLY_PLATE-1__PICKEDSET2","ROCK","",      -1.00908,      -1.78133,      -1.77942,      -1.01098,   38.3166E-03
F:/Desktop/DeepOnet_Abaqus/StaticElasticJob.odb,Step-1,Increment      1: Step Time =    1.000,"PLATE-1",          1850,             1,      -1.06441,  -943.871E-03,            0.,"ASSEMBLY_PLATE-1__PICKEDSET2","ROCK","",      -1.00806,      -1.78527,      -1.78304,      -1.01029,   41.5738E-03
F:/Desktop/DeepOnet_Abaqus/StaticElasticJob.odb,Step-1,Increment      1: Step Time =    1.000,"PLATE-1",          1851,             1,       1.02596,   898.545E-03,            0.,"ASSEMBLY_PLATE-1__PICKEDSET2","ROCK","",  -956.168E-03,      -1.70045,      -1.68974,  -966.872E-03,  -88.6126E-03
F:/Desktop/DeepOnet_Abaqus/StaticElasticJob.odb,Step-1,Increment      1: Step Time =    1.000,"PLATE-1",          1852,             1,   617.519E-03,       1.03249,            0.,"ASSEMBLY_PLATE-1__PICKEDSET2","ROCK","",  -749.305E-03,      -1.82614,      -1.75786,  -817.592E-03,  -262.433E-03
F:/Desktop/DeepOnet_Abaqus/StaticElasticJob.odb,Step-1,Increment      1: Step Time =    1.000,"PLATE-1",          1853,             1,  -991.722E-03,      -1.12683,            0.,"ASSEMBLY_PLATE-1__PICKEDSET2","ROCK","",      -1.00455,      -1.78987,      -1.78839,      -1.00603,   34.0790E-03
F:/Desktop/DeepOnet_Abaqus/StaticElasticJob.odb,Step-1,Increment      1: Step Time =    1.000,"PLATE-1",          1854,             1,   937.449E-03,   977.611E-03,            0.,"ASSEMBLY_PLATE-1__PICKEDSET2","ROCK","",  -939.077E-03,      -1.68826,      -1.66795,  -959.390E-03,  -121.679E-03
F:/Desktop/DeepOnet_Abaqus/StaticElasticJob.odb,Step-1,Increment      1: Step Time =    1.000,"PLATE-1",          1855,             1,  -872.100E-03,      -1.19342,            0.,"ASSEMBLY_PLATE-1__PICKEDSET2","ROCK","",      -1.00197,      -1.79523,      -1.79397,      -1.00323,   31.6248E-03
F:/Desktop/DeepOnet_Abaqus/StaticElasticJob.odb,Step-1,Increment      1: Step Time =    1.000,"PLATE-1",          1856,             1,  -965.135E-03,      -1.21827,            0.,"ASSEMBLY_PLATE-1__PICKEDSET2","ROCK","",      -1.00367,      -1.79033,      -1.78918,      -1.00482,   30.0842E-03
F:/Desktop/DeepOnet_Abaqus/StaticElasticJob.odb,Step-1,Increment      1: Step Time =    1.000,"PLATE-1",          1857,             1,  -231.587E-03,      -1.38698,            0.,"ASSEMBLY_PLATE-1__PICKEDSET2","ROCK","",  -991.142E-03,      -1.81305,      -1.81272,  -991.473E-03,   16.5050E-03
F:/Desktop/DeepOnet_Abaqus/StaticElasticJob.odb,Step-1,Increment      1: Step Time =    1.000,"PLATE-1",          1858,             1,  -326.958E-03,      -1.29124,            0.,"ASSEMBLY_PLATE-1__PICKEDSET2","ROCK","",  -990.482E-03,      -1.81639,      -1.81582,  -991.048E-03,   21.6097E-03
F:/Desktop/DeepOnet_Abaqus/StaticElasticJob.odb,Step-1,Increment      1: Step Time =    1.000,"PLATE-1",          1859,             1,   784.972E-03,   939.749E-03,            0.,"ASSEMBLY_PLATE-1__PICKEDSET2","ROCK","",  -855.140E-03,      -1.75916,      -1.73348,  -880.816E-03,  -150.176E-03
F:/Desktop/DeepOnet_Abaqus/StaticElasticJob.odb,Step-1,Increment      1: Step Time =    1.000,"PLATE-1",          1860,             1,       1.22694,   927.659E-03,            0.,"ASSEMBLY_PLATE-1__PICKEDSET2","ROCK","",      -1.00330,      -1.67268,      -1.66832,      -1.00766,  -53.7908E-03
F:/Desktop/DeepOnet_Abaqus/StaticElasticJob.odb,Step-1,Increment      1: Step Time =    1.000,"PLATE-1",          1861,             1,       1.33632,  -719.022E-03,            0.,"ASSEMBLY_PLATE-1__PICKEDSET2","ROCK","",  -993.059E-03,      -1.76972,      -1.76722,  -995.553E-03,  -43.9418E-03
F:/Desktop/DeepOnet_Abaqus/StaticElasticJob.odb,Step-1,Increment      1: Step Time =    1.000,"PLATE-1",          1862,             1,   478.354E-03,   941.901E-03,            0.,"ASSEMBLY_PLATE-1__PICKEDSET2","ROCK","",  -670.862E-03,      -2.00833,      -1.98645,  -692.739E-03,  -169.652E-03
F:/Desktop/DeepOnet_Abaqus/StaticElasticJob.odb,Step-1,Increment      1: Step Time =    1.000,"PLATE-1",          1863,             1,       1.00763,       1.07419,            0.,"ASSEMBLY_PLATE-1__PICKEDSET2","ROCK","",  -999.598E-03,      -1.62453,      -1.60768,      -1.01644,  -101.211E-03
F:/Desktop/DeepOnet_Abaqus/StaticElasticJob.odb,Step-1,Increment      1: Step Time =    1.000,"PLATE-1",          1864,             1,   858.100E-03,   961.216E-03,            0.,"ASSEMBLY_PLATE-1__PICKEDSET2","ROCK","",  -894.425E-03,      -1.72866,      -1.70098,  -922.099E-03,  -149.401E-03
F:/Desktop/DeepOnet_Abaqus/StaticElasticJob.odb,Step-1,Increment      1: Step Time =    1.000,"PLATE-1",          1865,             1,   835.861E-03,       1.03957,            0.,"ASSEMBLY_PLATE-1__PICKEDSET2","ROCK","",  -902.319E-03,      -1.68081,      -1.64090,  -942.224E-03,  -171.679E-03
F:/Desktop/DeepOnet_Abaqus/StaticElasticJob.odb,Step-1,Increment      1: Step Time =    1.000,"PLATE-1",          1866,             1,       1.17134,       1.01446,            0.,"ASSEMBLY_PLATE-1__PICKEDSET2","ROCK","",      -1.01398,      -1.64554,      -1.63952,      -1.02000,  -61.3640E-03
F:/Desktop/DeepOnet_Abaqus/StaticElasticJob.odb,Step-1,Increment      1: Step Time =    1.000,"PLATE-1",          1867,             1,       1.38792,  -783.612E-03,            0.,"ASSEMBLY_PLATE-1__PICKEDSET2","ROCK","",  -992.687E-03,      -1.77097,      -1.76885,  -994.803E-03,  -40.5277E-03
F:/Desktop/DeepOnet_Abaqus/StaticElasticJob.odb,Step-1,Increment      1: Step Time =    1.000,"PLATE-1",          1868,             1,       1.45235,  -722.026E-03,            0.,"ASSEMBLY_PLATE-1__PICKEDSET2","ROCK","",  -994.611E-03,      -1.76732,      -1.76520,  -996.731E-03,  -40.4193E-03
F:/Desktop/DeepOnet_Abaqus/StaticElasticJob.odb,Step-1,Increment      1: Step Time =    1.000,"PLATE-1",          1869,             1,   994.734E-03,       1.16588,            0.,"ASSEMBLY_PLATE-1__PICKEDSET2","ROCK","",      -1.02649,      -1.57493,      -1.55871,      -1.04271,  -92.9196E-03
F:/Desktop/DeepOnet_Abaqus/StaticElasticJob.odb,Step-1,Increment      1: Step Time =    1.000,"PLATE-1",          1870,             1,   921.351E-03,       1.05832,            0.,"ASSEMBLY_PLATE-1__PICKEDSET2","ROCK","",  -954.254E-03,      -1.64678,      -1.61647,  -984.567E-03,  -141.682E-03
F:/Desktop/DeepOnet_Abaqus/StaticElasticJob.odb,Step-1,Increment      1: Step Time =    1.000,"PLATE-1",          1871,             1,   901.844E-03,       1.14021,            0.,"ASSEMBLY_PLATE-1__PICKEDSET2","ROCK","",  -994.122E-03,      -1.57943,      -1.54516,      -1.02840,  -137.425E-03
F:/Desktop/DeepOnet_Abaqus/StaticElasticJob.odb,Step-1,Increment      1: Step Time =    1.000,"PLATE-1",          1872,             1,      -1.05512,      -1.09258,            0.,"ASSEMBLY_PLATE-1__PICKEDSET2","ROCK","",      -1.00582,      -1.78680,      -1.78529,      -1.00733,   34.3486E-03
F:/Desktop/DeepOnet_Abaqus/StaticElasticJob.odb,Step-1,Increment      1: Step Time =    1.000,"PLATE-1",          1873,             1,      -1.00798,      -1.04569,            0.,"ASSEMBLY_PLATE-1__PICKEDSET2","ROCK","",      -1.00553,      -1.78909,      -1.78731,      -1.00731,   37.3283E-03
F:/Desktop/DeepOnet_Abaqus/StaticElasticJob.odb,Step-1,Increment      1: Step Time =    1.000,"PLATE-1",          1874,             1,  -987.644E-03,  -933.071E-03,            0.,"ASSEMBLY_PLATE-1__PICKEDSET2","ROCK","",      -1.00651,      -1.78994,      -1.78741,      -1.00904,   44.4444E-03
F:/Desktop/DeepOnet_Abaqus/StaticElasticJob.odb,Step-1,Increment      1: Step Time =    1.000,"PLATE-1",          1875,             1,   824.753E-03,       1.27487,            0.,"ASSEMBLY_PLATE-1__PICKEDSET2","ROCK","",      -1.01911,      -1.45844,      -1.39332,      -1.08422,  -156.100E-03
F:/Desktop/DeepOnet_Abaqus/StaticElasticJob.odb,Step-1,Increment      1: Step Time =    1.000,"PLATE-1",          1876,             1,   709.688E-03,       1.19519,            0.,"ASSEMBLY_PLATE-1__PICKEDSET2","ROCK","",  -842.945E-03,      -1.59844,      -1.46570,  -975.678E-03,  -287.509E-03
F:/Desktop/DeepOnet_Abaqus/StaticElasticJob.odb,Step-1,Increment      1: Step Time =    1.000,"PLATE-1",          1877,             1,  -43.9142E-03,  -209.923E-03,            0.,"ASSEMBLY_PLATE-1__PICKEDSET2","ROCK","",  -25.0938E-03,      -2.63392,      -2.62474,  -34.2758E-03,   154.499E-03
F:/Desktop/DeepOnet_Abaqus/StaticElasticJob.odb,Step-1,Increment      1: Step Time =    1.000,"PLATE-1",          1878,             1,  -96.7603E-03,  -236.337E-03,            0.,"ASSEMBLY_PLATE-1__PICKEDSET2","ROCK","",  -162.580E-03,      -2.65130,      -2.59377,  -220.114E-03,   373.999E-03
F:/Desktop/DeepOnet_Abaqus/StaticElasticJob.odb,Step-1,Increment      1: Step Time =    1.000,"PLATE-1",          1879,             1,  -49.9082E-03,  -230.299E-03,            0.,"ASSEMBLY_PLATE-1__PICKEDSET2","ROCK","",  -110.758E-03,      -2.63965,      -2.62528,  -125.131E-03,   190.112E-03
F:/Desktop/DeepOnet_Abaqus/StaticElasticJob.odb,Step-1,Increment      1: Step Time =    1.000,"PLATE-1",          1880,             1,  -10.5573E-03,  -213.722E-03,            0.,"ASSEMBLY_PLATE-1__PICKEDSET2","ROCK","",  -53.9166E-03,      -2.65192,      -2.65115,  -54.6880E-03,   44.7590E-03
F:/Desktop/DeepOnet_Abaqus/StaticElasticJob.odb,Step-1,Increment      1: Step Time =    1.000,"PLATE-1",          1881,             1,   8.23360E-03,  -214.265E-03,            0.,"ASSEMBLY_PLATE-1__PICKEDSET2","ROCK","",  -44.8877E-03,      -2.64177,      -2.64157,  -45.0862E-03,  -22.6998E-03
F:/Desktop/DeepOnet_Abaqus/StaticElasticJob.odb,Step-1,Increment      1: Step Time =    1.000,"PLATE-1",          1882,             1,   38.6130E-03,  -248.211E-03,            0.,"ASSEMBLY_PLATE-1__PICKEDSET2","ROCK","",  -185.946E-03,      -2.56859,      -2.56201,  -192.534E-03,  -125.110E-03
F:/Desktop/DeepOnet_Abaqus/StaticElasticJob.odb,Step-1,Increment      1: Step Time =    1.000,"PLATE-1",          1883,             1,   54.8528E-03,  -267.969E-03,            0.,"ASSEMBLY_PLATE-1__PICKEDSET2","ROCK","",  -253.265E-03,      -2.52985,      -2.51633,  -266.785E-03,  -174.920E-03
F:/Desktop/DeepOnet_Abaqus/StaticElasticJob.odb,Step-1,Increment      1: Step Time =    1.000,"PLATE-1",          1884,             1,  -93.7506E-03,  -209.197E-03,            0.,"ASSEMBLY_PLATE-1__PICKEDSET2","ROCK","",  -72.8750E-03,      -2.68727,      -2.63643,  -123.722E-03,   361.039E-03
F:/Desktop/DeepOnet_Abaqus/StaticElasticJob.odb,Step-1,Increment      1: Step Time =    1.000,"PLATE-1",          1885,             1,  -113.474E-03,  -240.662E-03,            0.,"ASSEMBLY_PLATE-1__PICKEDSET2","ROCK","",  -204.131E-03,      -2.64946,      -2.57009,  -283.504E-03,   433.352E-03
F:/Desktop/DeepOnet_Abaqus/StaticElasticJob.odb,Step-1,Increment      1: Step Time =    1.000,"PLATE-1",          1886,             1,  -132.883E-03,  -219.573E-03,            0.,"ASSEMBLY_PLATE-1__PICKEDSET2","ROCK","",  -122.855E-03,      -2.73766,      -2.62935,  -231.161E-03,   521.026E-03
F:/Desktop/DeepOnet_Abaqus/StaticElasticJob.odb,Step-1,Increment      1: Step Time =    1.000,"PLATE-1",          1887,             1,  -163.019E-03,  -216.987E-03,            0.,"ASSEMBLY_PLATE-1__PICKEDSET2","ROCK","",  -178.368E-03,      -2.82548,      -2.63181,  -372.040E-03,   689.321E-03
F:/Desktop/DeepOnet_Abaqus/StaticElasticJob.odb,Step-1,Increment      1: Step Time =    1.000,"PLATE-1",          1888,             1,  -173.884E-03,  -189.691E-03,            0.,"ASSEMBLY_PLATE-1__PICKEDSET2","ROCK","",  -57.7211E-03,      -2.94467,      -2.74741,  -254.979E-03,   728.398E-03
F:/Desktop/DeepOnet_Abaqus/StaticElasticJob.odb,Step-1,Increment      1: Step Time =    1.000,"PLATE-1",          1889,             1,  -199.908E-03,  -215.665E-03,            0.,"ASSEMBLY_PLATE-1__PICKEDSET2","ROCK","",  -367.864E-03,      -2.93888,      -2.54173,  -765.017E-03,   929.170E-03
F:/Desktop/DeepOnet_Abaqus/StaticElasticJob.odb,Step-1,Increment      1: Step Time =    1.000,"PLATE-1",          1890,             1,  -249.350E-03,  -168.233E-03,            0.,"ASSEMBLY_PLATE-1__PICKEDSET2","ROCK","",  -629.511E-03,      -3.48063,      -2.35241,      -1.75774,       1.39421
F:/Desktop/DeepOnet_Abaqus/StaticElasticJob.odb,Step-1,Increment      1: Step Time =    1.000,"PLATE-1",          1891,             1,   144.394E-03,  -253.553E-03,            0.,"ASSEMBLY_PLATE-1__PICKEDSET2","ROCK","",  -306.279E-03,      -2.58075,      -2.46021,  -426.827E-03,  -509.560E-03
F:/Desktop/DeepOnet_Abaqus/StaticElasticJob.odb,Step-1,Increment      1: Step Time =    1.000,"PLATE-1",          1892,             1,   187.480E-03,  -230.614E-03,            0.,"ASSEMBLY_PLATE-1__PICKEDSET2","ROCK","",  -381.867E-03,      -2.66124,      -2.38852,  -654.583E-03,  -739.761E-03
F:/Desktop/DeepOnet_Abaqus/StaticElasticJob.odb,Step-1,Increment      1: Step Time =    1.000,"PLATE-1",          1893,             1,   228.754E-03,  -216.880E-03,            0.,"ASSEMBLY_PLATE-1__PICKEDSET2","ROCK","",  -643.855E-03,      -2.80707,      -2.22079,      -1.23013,  -961.521E-03
F:/Desktop/DeepOnet_Abaqus/StaticElasticJob.odb,Step-1,Increment      1: Step Time =    1.000,"PLATE-1",          1894,             1,   179.220E-03,  -204.060E-03,            0.,"ASSEMBLY_PLATE-1__PICKEDSET2","ROCK","",  -134.344E-03,      -2.86369,      -2.63115,  -366.880E-03,  -761.970E-03
F:/Desktop/DeepOnet_Abaqus/StaticElasticJob.odb,Step-1,Increment      1: Step Time =    1.000,"PLATE-1",          1895,             1,   209.753E-03,  -183.428E-03,            0.,"ASSEMBLY_PLATE-1__PICKEDSET2","ROCK","",  -231.200E-03,      -3.20540,      -2.80176,  -634.846E-03,      -1.01862
F:/Desktop/DeepOnet_Abaqus/StaticElasticJob.odb,Step-1,Increment      1: Step Time =    1.000,"PLATE-1",          1896,             1,   317.165E-03,  -175.186E-03,            0.,"ASSEMBLY_PLATE-1__PICKEDSET2","ROCK","",  -806.472E-03,      -2.19501,      -1.78242,      -1.21906,  -634.559E-03
F:/Desktop/DeepOnet_Abaqus/StaticElasticJob.odb,Step-1,Increment      1: Step Time =    1.000,"PLATE-1",          1897,             1,  -298.682E-03,  -258.806E-03,            0.,"ASSEMBLY_PLATE-1__PICKEDSET2","ROCK","",  -947.107E-03,      -2.15182,      -1.93966,      -1.15927,   458.891E-03
F:/Desktop/DeepOnet_Abaqus/StaticElasticJob.odb,Step-1,Increment      1: Step Time =    1.000,"PLATE-1",          1898,             1,  -302.298E-03,  -171.083E-03,            0.,"ASSEMBLY_PLATE-1__PICKEDSET2","ROCK","",  -797.584E-03,      -2.39994,      -1.86334,      -1.33418,   756.228E-03
F:/Desktop/DeepOnet_Abaqus/StaticElasticJob.odb,Step-1,Increment      1: Step Time =    1.000,"PLATE-1",          1899,             1,  -276.475E-03,  -103.125E-03,            0.,"ASSEMBLY_PLATE-1__PICKEDSET2","ROCK","",  -232.049E-03,      -2.14421,  -425.256E-03,      -1.95101,   576.293E-03
F:/Desktop/DeepOnet_Abaqus/StaticElasticJob.odb,Step-1,Increment      1: Step Time =    1.000,"PLATE-1",          1900,             1,  -337.617E-03,  -147.589E-03,            0.,"ASSEMBLY_PLATE-1__PICKEDSET2","ROCK","",  -766.597E-03,      -2.10430,      -1.53303,      -1.33787,   661.697E-03
F:/Desktop/DeepOnet_Abaqus/StaticElasticJob.odb,Step-1,Increment      1: Step Time =    1.000,"PLATE-1",          1901,             1,  -308.423E-03,  -67.8764E-03,            0.,"ASSEMBLY_PLATE-1__PICKEDSET2","ROCK","",  -346.159E-03,      -1.79110,  -416.958E-03,      -1.72031,   311.909E-03
F:/Desktop/DeepOnet_Abaqus/StaticElasticJob.odb,Step-1,Increment      1: Step Time =    1.000,"PLATE-1",          1902,             1,  -328.878E-03,  -61.6712E-03,            0.,"ASSEMBLY_PLATE-1__PICKEDSET2","ROCK","",  -508.988E-03,      -1.75658,  -573.293E-03,      -1.69228,   275.848E-03
F:/Desktop/DeepOnet_Abaqus/StaticElasticJob.odb,Step-1,Increment      1: Step Time =    1.000,"PLATE-1",          1903,             1,  -318.307E-03,  -29.5478E-03,            0.,"ASSEMBLY_PLATE-1__PICKEDSET2","ROCK","",  -381.128E-03,      -1.66513,  -381.156E-03,      -1.66510,   6.02042E-03
F:/Desktop/DeepOnet_Abaqus/StaticElasticJob.odb,Step-1,Increment      1: Step Time =    1.000,"PLATE-1",          1904,             1,  -342.718E-03,   21.9757E-03,            0.,"ASSEMBLY_PLATE-1__PICKEDSET2","ROCK","",  -611.490E-03,      -1.58453,  -697.667E-03,      -1.49835,  -276.456E-03
F:/Desktop/DeepOnet_Abaqus/StaticElasticJob.odb,Step-1,Increment      1: Step Time =    1.000,"PLATE-1",          1905,             1,   298.220E-03,  -37.8930E-03,            0.,"ASSEMBLY_PLATE-1__PICKEDSET2","ROCK","",  -215.319E-03,      -1.58718,  -215.336E-03,      -1.58716,  -4.82520E-03
F:/Desktop/DeepOnet_Abaqus/StaticElasticJob.odb,Step-1,Increment      1: Step Time =    1.000,"PLATE-1",          1906,             1,   297.789E-03,  -21.3602E-03,            0.,"ASSEMBLY_PLATE-1__PICKEDSET2","ROCK","",  -246.939E-03,      -1.54589,  -263.777E-03,      -1.52905,   146.932E-03
F:/Desktop/DeepOnet_Abaqus/StaticElasticJob.odb,Step-1,Increment      1: Step Time =    1.000,"PLATE-1",          1907,             1,   310.509E-03,   19.4663E-03,            0.,"ASSEMBLY_PLATE-1__PICKEDSET2","ROCK","",  -359.902E-03,      -1.63712,  -515.296E-03,      -1.48172,   417.522E-03
F:/Desktop/DeepOnet_Abaqus/StaticElasticJob.odb,Step-1,Increment      1: Step Time =    1.000,"PLATE-1",          1908,             1,   349.771E-03,   9.59916E-03,            0.,"ASSEMBLY_PLATE-1__PICKEDSET2","ROCK","",  -645.485E-03,      -1.55496,  -711.455E-03,      -1.48899,   235.894E-03
F:/Desktop/DeepOnet_Abaqus/StaticElasticJob.odb,Step-1,Increment      1: Step Time =    1.000,"PLATE-1",          1909,             1,   304.078E-03,   157.029E-03,            0.,"ASSEMBLY_PLATE-1__PICKEDSET2","ROCK","",  -533.450E-03,      -2.01522,      -1.51317,      -1.03551,   701.336E-03
F:/Desktop/DeepOnet_Abaqus/StaticElasticJob.odb,Step-1,Increment      1: Step Time =    1.000,"PLATE-1",          1910,             1,   264.055E-03,   116.457E-03,            0.,"ASSEMBLY_PLATE-1__PICKEDSET2","ROCK","",  -330.616E-03,      -2.04595,      -1.22291,      -1.15365,   856.968E-03
F:/Desktop/DeepOnet_Abaqus/StaticElasticJob.odb,Step-1,Increment      1: Step Time =    1.000,"PLATE-1",          1911,             1,   223.169E-03,   170.032E-03,            0.,"ASSEMBLY_PLATE-1__PICKEDSET2","ROCK","",  -355.765E-03,      -2.39331,      -1.79230,  -956.779E-03,   929.181E-03
F:/Desktop/DeepOnet_Abaqus/StaticElasticJob.odb,Step-1,Increment      1: Step Time =    1.000,"PLATE-1",          1912,             1,   204.404E-03,   184.263E-03,            0.,"ASSEMBLY_PLATE-1__PICKEDSET2","ROCK","",  -356.050E-03,      -2.51048,      -1.97656,  -889.967E-03,   930.172E-03
F:/Desktop/DeepOnet_Abaqus/StaticElasticJob.odb,Step-1,Increment      1: Step Time =    1.000,"PLATE-1",          1913,             1,   145.027E-03,   176.950E-03,            0.,"ASSEMBLY_PLATE-1__PICKEDSET2","ROCK","",  -175.786E-03,      -3.03982,      -2.37651,  -839.100E-03,       1.20821
F:/Desktop/DeepOnet_Abaqus/StaticElasticJob.odb,Step-1,Increment      1: Step Time =    1.000,"PLATE-1",          1914,             1,   184.113E-03,   194.962E-03,            0.,"ASSEMBLY_PLATE-1__PICKEDSET2","ROCK","",  -363.918E-03,      -2.64904,      -2.17847,  -834.489E-03,   924.053E-03
F:/Desktop/DeepOnet_Abaqus/StaticElasticJob.odb,Step-1,Increment      1: Step Time =    1.000,"PLATE-1",          1915,             1,   164.586E-03,   203.503E-03,            0.,"ASSEMBLY_PLATE-1__PICKEDSET2","ROCK","",  -358.393E-03,      -2.78608,      -2.36255,  -781.922E-03,   921.314E-03
F:/Desktop/DeepOnet_Abaqus/StaticElasticJob.odb,Step-1,Increment      1: Step Time =    1.000,"PLATE-1",          1916,             1,   128.579E-03,   188.239E-03,            0.,"ASSEMBLY_PLATE-1__PICKEDSET2","ROCK","",  -204.584E-03,      -3.17469,      -2.64924,  -730.031E-03,       1.13338
F:/Desktop/DeepOnet_Abaqus/StaticElasticJob.odb,Step-1,Increment      1: Step Time =    1.000,"PLATE-1",          1917,             1,   138.524E-03,   239.382E-03,            0.,"ASSEMBLY_PLATE-1__PICKEDSET2","ROCK","",  -536.405E-03,      -2.77599,      -2.60142,  -710.973E-03,   600.404E-03
F:/Desktop/DeepOnet_Abaqus/StaticElasticJob.odb,Step-1,Increment      1: Step Time =    1.000,"PLATE-1",          1918,             1,   96.5715E-03,   246.845E-03,            0.,"ASSEMBLY_PLATE-1__PICKEDSET2","ROCK","",  -554.866E-03,      -2.93979,      -2.80280,  -691.854E-03,   554.922E-03
F:/Desktop/DeepOnet_Abaqus/StaticElasticJob.odb,Step-1,Increment      1: Step Time =    1.000,"PLATE-1",          1919,             1,   72.0762E-03,   243.354E-03,            0.,"ASSEMBLY_PLATE-1__PICKEDSET2","ROCK","",  -483.113E-03,      -3.15286,      -3.05342,  -582.554E-03,   505.564E-03
F:/Desktop/DeepOnet_Abaqus/StaticElasticJob.odb,Step-1,Increment      1: Step Time =    1.000,"PLATE-1",          1920,             1,  -22.3734E-03,   210.681E-03,            0.,"ASSEMBLY_PLATE-1__PICKEDSET2","ROCK","",  -123.453E-03,      -3.72586,      -3.70558,  -143.741E-03,  -269.584E-03
F:/Desktop/DeepOnet_Abaqus/StaticElasticJob.odb,Step-1,Increment      1: Step Time =    1.000,"PLATE-1",          1921,             1,   53.0845E-03,   281.096E-03,            0.,"ASSEMBLY_PLATE-1__PICKEDSET2","ROCK","",  -662.844E-03,      -2.82434,      -2.79300,  -694.186E-03,   258.388E-03
F:/Desktop/DeepOnet_Abaqus/StaticElasticJob.odb,Step-1,Increment      1: Step Time =    1.000,"PLATE-1",          1922,             1,  -37.6744E-03,   245.585E-03,            0.,"ASSEMBLY_PLATE-1__PICKEDSET2","ROCK","",  -494.266E-03,      -3.14494,      -3.12712,  -512.083E-03,  -216.587E-03
F:/Desktop/DeepOnet_Abaqus/StaticElasticJob.odb,Step-1,Increment      1: Step Time =    1.000,"PLATE-1",          1923,             1,   53.8762E-03,   209.703E-03,            0.,"ASSEMBLY_PLATE-1__PICKEDSET2","ROCK","",  -173.199E-03,      -3.68249,      -3.57491,  -280.787E-03,   604.965E-03
F:/Desktop/DeepOnet_Abaqus/StaticElasticJob.odb,Step-1,Increment      1: Step Time =    1.000,"PLATE-1",          1924,             1,  -66.8115E-03,   229.300E-03,            0.,"ASSEMBLY_PLATE-1__PICKEDSET2","ROCK","",  -381.130E-03,      -3.25594,      -3.19111,  -445.958E-03,  -426.808E-03
F:/Desktop/DeepOnet_Abaqus/StaticElasticJob.odb,Step-1,Increment      1: Step Time =    1.000,"PLATE-1",          1925,             1,  -79.5088E-03,   220.822E-03,            0.,"ASSEMBLY_PLATE-1__PICKEDSET2","ROCK","",  -288.808E-03,      -3.31546,      -3.18607,  -418.201E-03,  -612.280E-03
F:/Desktop/DeepOnet_Abaqus/StaticElasticJob.odb,Step-1,Increment      1: Step Time =    1.000,"PLATE-1",          1926,             1,  -185.588E-03,   231.394E-03,            0.,"ASSEMBLY_PLATE-1__PICKEDSET2","ROCK","",  -540.428E-03,      -2.42376,      -2.20197,  -762.214E-03,  -607.048E-03
F:/Desktop/DeepOnet_Abaqus/StaticElasticJob.odb,Step-1,Increment      1: Step Time =    1.000,"PLATE-1",          1927,             1,  -107.744E-03,   193.672E-03,            0.,"ASSEMBLY_PLATE-1__PICKEDSET2","ROCK","",  -101.534E-03,      -3.20106,      -2.84085,  -461.748E-03,  -993.347E-03
F:/Desktop/DeepOnet_Abaqus/StaticElasticJob.odb,Step-1,Increment      1: Step Time =    1.000,"PLATE-1",          1928,             1,  -113.328E-03,   220.534E-03,            0.,"ASSEMBLY_PLATE-1__PICKEDSET2","ROCK","",  -332.199E-03,      -3.01458,      -2.78748,  -559.299E-03,  -746.722E-03
F:/Desktop/DeepOnet_Abaqus/StaticElasticJob.odb,Step-1,Increment      1: Step Time =    1.000,"PLATE-1",          1929,             1,  -202.055E-03,   193.997E-03,            0.,"ASSEMBLY_PLATE-1__PICKEDSET2","ROCK","",  -381.072E-03,      -2.44985,      -2.03806,  -792.865E-03,  -826.037E-03
F:/Desktop/DeepOnet_Abaqus/StaticElasticJob.odb,Step-1,Increment      1: Step Time =    1.000,"PLATE-1",          1930,             1,  -258.277E-03,   123.407E-03,            0.,"ASSEMBLY_PLATE-1__PICKEDSET2","ROCK","",  -326.151E-03,      -2.00077,      -1.20556,      -1.12136,  -836.249E-03
F:/Desktop/DeepOnet_Abaqus/StaticElasticJob.odb,Step-1,Increment      1: Step Time =    1.000,"PLATE-1",          1931,             1,  -272.541E-03,   101.853E-03,            0.,"ASSEMBLY_PLATE-1__PICKEDSET2","ROCK","",  -325.564E-03,      -1.87867,  -989.246E-03,      -1.21499,  -768.307E-03
F:/Desktop/DeepOnet_Abaqus/StaticElasticJob.odb,Step-1,Increment      1: Step Time =    1.000,"PLATE-1",          1932,             1,  -294.256E-03,   9.71517E-03,            0.,"ASSEMBLY_PLATE-1__PICKEDSET2","ROCK","",  -195.875E-03,      -1.59211,  -281.988E-03,      -1.50600,  -335.885E-03
F:/Desktop/DeepOnet_Abaqus/StaticElasticJob.odb,Step-1,Increment      1: Step Time =    1.000,"PLATE-1",          1933,             1,  -266.061E-03,   19.3784E-03,            0.,"ASSEMBLY_PLATE-1__PICKEDSET2","ROCK","",  -60.1032E-03,      -1.52730,  -194.067E-03,      -1.39334,  -422.617E-03
F:/Desktop/DeepOnet_Abaqus/StaticElasticJob.odb,Step-1,Increment      1: Step Time =    1.000,"PLATE-1",          1934,             1,  -154.667E-03,       1.29157,            0.,"ASSEMBLY_PLATE-1__PICKEDSET2","ROCK","",  -579.169E-03,      -1.88942,  -909.586E-03,      -1.55900,   568.992E-03
F:/Desktop/DeepOnet_Abaqus/StaticElasticJob.odb,Step-1,Increment      1: Step Time =    1.000,"PLATE-1",          1935,             1,      -1.43455,  -286.132E-03,            0.,"ASSEMBLY_PLATE-1__PICKEDSET2","ROCK","",      -1.03597,      -1.73981,      -1.73832,      -1.03746,   32.4184E-03
F:/Desktop/DeepOnet_Abaqus/StaticElasticJob.odb,Step-1,Increment      1: Step Time =    1.000,"PLATE-1",          1936,             1,      -1.56360,  -247.318E-03,            0.,"ASSEMBLY_PLATE-1__PICKEDSET2","ROCK","",      -1.03287,      -1.74188,      -1.74082,      -1.03392,   27.2995E-03
F:/Desktop/DeepOnet_Abaqus/StaticElasticJob.odb,Step-1,Increment      1: Step Time =    1.000,"PLATE-1",          1937,             1,  -284.560E-03,  -4.37972E-03,            0.,"ASSEMBLY_PLATE-1__PICKEDSET2","ROCK","",  -150.807E-03,      -1.53777,  -200.797E-03,      -1.48778,  -258.524E-03
F:/Desktop/DeepOnet_Abaqus/StaticElasticJob.odb,Step-1,Increment      1: Step Time =    1.000,"PLATE-1",          1938,             1,  -281.941E-03,   15.8935E-03,            0.,"ASSEMBLY_PLATE-1__PICKEDSET2","ROCK","",  -200.344E-03,      -1.61216,  -306.137E-03,      -1.50637,  -371.710E-03
F:/Desktop/DeepOnet_Abaqus/StaticElasticJob.odb,Step-1,Increment      1: Step Time =    1.000,"PLATE-1",          1939,             1,   266.368E-03,   176.397E-03,            0.,"ASSEMBLY_PLATE-1__PICKEDSET2","ROCK","",  -492.393E-03,      -2.17701,      -1.71755,  -951.855E-03,   750.275E-03
F:/Desktop/DeepOnet_Abaqus/StaticElasticJob.odb,Step-1,Increment      1: Step Time =    1.000,"PLATE-1",          1940,             1,  -80.0633E-03,  -241.531E-03,            0.,"ASSEMBLY_PLATE-1__PICKEDSET2","ROCK","",  -177.433E-03,      -2.61888,      -2.58254,  -213.774E-03,   295.639E-03
F:/Desktop/DeepOnet_Abaqus/StaticElasticJob.odb,Step-1,Increment      1: Step Time =    1.000,"PLATE-1",          1941,             1,  -325.289E-03,   65.9276E-03,            0.,"ASSEMBLY_PLATE-1__PICKEDSET2","ROCK","",  -531.589E-03,      -1.67608,  -839.431E-03,      -1.36824,  -507.499E-03
F:/Desktop/DeepOnet_Abaqus/StaticElasticJob.odb,Step-1,Increment      1: Step Time =    1.000,"PLATE-1",          1942,             1,  -364.653E-03,   48.6668E-03,            0.,"ASSEMBLY_PLATE-1__PICKEDSET2","ROCK","",  -727.672E-03,      -1.58114,  -885.029E-03,      -1.42378,  -330.964E-03
F:/Desktop/DeepOnet_Abaqus/StaticElasticJob.odb,Step-1,Increment      1: Step Time =    1.000,"PLATE-1",          1943,             1,   181.353E-03,  -218.280E-03,            0.,"ASSEMBLY_PLATE-1__PICKEDSET2","ROCK","",  -198.831E-03,      -2.83845,      -2.57611,  -461.170E-03,  -789.717E-03
F:/Desktop/DeepOnet_Abaqus/StaticElasticJob.odb,Step-1,Increment      1: Step Time =    1.000,"PLATE-1",          1944,             1,   192.705E-03,  -219.599E-03,            0.,"ASSEMBLY_PLATE-1__PICKEDSET2","ROCK","",  -293.119E-03,      -2.87504,      -2.52662,  -641.538E-03,  -882.153E-03
F:/Desktop/DeepOnet_Abaqus/StaticElasticJob.odb,Step-1,Increment      1: Step Time =    1.000,"PLATE-1",          1945,             1,   154.281E-03,  -234.497E-03,            0.,"ASSEMBLY_PLATE-1__PICKEDSET2","ROCK","",  -234.312E-03,      -2.67428,      -2.51704,  -391.556E-03,  -599.121E-03
F:/Desktop/DeepOnet_Abaqus/StaticElasticJob.odb,Step-1,Increment      1: Step Time =    1.000,"PLATE-1",          1946,             1,   178.145E-03,  -247.595E-03,            0.,"ASSEMBLY_PLATE-1__PICKEDSET2","ROCK","",  -414.783E-03,      -2.59147,      -2.37907,  -627.183E-03,  -645.923E-03
F:/Desktop/DeepOnet_Abaqus/StaticElasticJob.odb,Step-1,Increment      1: Step Time =    1.000,"PLATE-1",          1947,             1,   205.962E-03,  -226.112E-03,            0.,"ASSEMBLY_PLATE-1__PICKEDSET2","ROCK","",  -491.634E-03,      -2.67242,      -2.30216,  -861.889E-03,  -818.755E-03
F:/Desktop/DeepOnet_Abaqus/StaticElasticJob.odb,Step-1,Increment      1: Step Time =    1.000,"PLATE-1",          1948,             1,   246.819E-03,  -210.906E-03,            0.,"ASSEMBLY_PLATE-1__PICKEDSET2","ROCK","",  -786.983E-03,      -2.60902,      -2.06828,      -1.32773,  -832.377E-03
F:/Desktop/DeepOnet_Abaqus/StaticElasticJob.odb,Step-1,Increment      1: Step Time =    1.000,"PLATE-1",          1949,             1,   326.881E-03,  -233.229E-03,            0.,"ASSEMBLY_PLATE-1__PICKEDSET2","ROCK","",  -907.248E-03,      -2.08041,      -1.85974,      -1.12791,  -458.455E-03
F:/Desktop/DeepOnet_Abaqus/StaticElasticJob.odb,Step-1,Increment      1: Step Time =    1.000,"PLATE-1",          1950,             1,   276.379E-03,  -229.132E-03,            0.,"ASSEMBLY_PLATE-1__PICKEDSET2","ROCK","",  -921.329E-03,      -2.23162,      -1.93551,      -1.21745,  -548.009E-03
F:/Desktop/DeepOnet_Abaqus/StaticElasticJob.odb,Step-1,Increment      1: Step Time =    1.000,"PLATE-1",          1951,             1,   321.949E-03,  -335.950E-03,            0.,"ASSEMBLY_PLATE-1__PICKEDSET2","ROCK","",  -916.109E-03,      -1.99740,      -1.90844,      -1.00507,  -297.116E-03
F:/Desktop/DeepOnet_Abaqus/StaticElasticJob.odb,Step-1,Increment      1: Step Time =    1.000,"PLATE-1",          1952,             1,   355.866E-03,  -208.130E-03,            0.,"ASSEMBLY_PLATE-1__PICKEDSET2","ROCK","",  -905.107E-03,      -1.95921,      -1.72141,      -1.14290,  -440.584E-03
F:/Desktop/DeepOnet_Abaqus/StaticElasticJob.odb,Step-1,Increment      1: Step Time =    1.000,"PLATE-1",          1953,             1,   344.786E-03,  -113.682E-03,            0.,"ASSEMBLY_PLATE-1__PICKEDSET2","ROCK","",  -675.817E-03,      -1.88214,      -1.06914,      -1.48882,  -565.484E-03
F:/Desktop/DeepOnet_Abaqus/StaticElasticJob.odb,Step-1,Increment      1: Step Time =    1.000,"PLATE-1",          1954,             1,   299.704E-03,  -79.0094E-03,            0.,"ASSEMBLY_PLATE-1__PICKEDSET2","ROCK","",  -248.719E-03,      -1.84350,  -342.435E-03,      -1.74979,  -375.064E-03
F:/Desktop/DeepOnet_Abaqus/StaticElasticJob.odb,Step-1,Increment      1: Step Time =    1.000,"PLATE-1",          1955,             1,   335.507E-03,  -64.5849E-03,            0.,"ASSEMBLY_PLATE-1__PICKEDSET2","ROCK","",  -543.737E-03,      -1.69234,  -624.813E-03,      -1.61126,  -294.195E-03
F:/Desktop/DeepOnet_Abaqus/StaticElasticJob.odb,Step-1,Increment      1: Step Time =    1.000,"PLATE-1",          1956,             1,   297.720E-03,  -63.7538E-03,            0.,"ASSEMBLY_PLATE-1__PICKEDSET2","ROCK","",  -220.849E-03,      -1.68114,  -242.462E-03,      -1.65953,  -176.337E-03
F:/Desktop/DeepOnet_Abaqus/StaticElasticJob.odb,Step-1,Increment      1: Step Time =    1.000,"PLATE-1",          1957,             1,   392.795E-03,  -119.805E-03,            0.,"ASSEMBLY_PLATE-1__PICKEDSET2","ROCK","",  -878.923E-03,      -1.73840,      -1.28195,      -1.33537,  -428.906E-03
F:/Desktop/DeepOnet_Abaqus/StaticElasticJob.odb,Step-1,Increment      1: Step Time =    1.000,"PLATE-1",          1958,             1,   389.303E-03,  -85.8343E-03,            0.,"ASSEMBLY_PLATE-1__PICKEDSET2","ROCK","",  -860.793E-03,      -1.62843,      -1.03470,      -1.45452,  -321.332E-03
F:/Desktop/DeepOnet_Abaqus/StaticElasticJob.odb,Step-1,Increment      1: Step Time =    1.000,"PLATE-1",          1959,             1,   359.390E-03,  -32.1320E-03,            0.,"ASSEMBLY_PLATE-1__PICKEDSET2","ROCK","",  -702.609E-03,      -1.54635,  -703.605E-03,      -1.54535,  -28.9646E-03
F:/Desktop/DeepOnet_Abaqus/StaticElasticJob.odb,Step-1,Increment      1: Step Time =    1.000,"PLATE-1",          1960,             1,   316.409E-03,   44.8161E-03,            0.,"ASSEMBLY_PLATE-1__PICKEDSET2","ROCK","",  -426.587E-03,      -1.68165,  -704.099E-03,      -1.40414,   520.848E-03
F:/Desktop/DeepOnet_Abaqus/StaticElasticJob.odb,Step-1,Increment      1: Step Time =    1.000,"PLATE-1",          1961,             1,   342.629E-03,   134.892E-03,            0.,"ASSEMBLY_PLATE-1__PICKEDSET2","ROCK","",  -633.271E-03,      -1.84243,      -1.35716,      -1.11853,   592.687E-03
F:/Desktop/DeepOnet_Abaqus/StaticElasticJob.odb,Step-1,Increment      1: Step Time =    1.000,"PLATE-1",          1962,             1,   350.882E-03,   110.967E-03,            0.,"ASSEMBLY_PLATE-1__PICKEDSET2","ROCK","",  -678.814E-03,      -1.76757,      -1.25394,      -1.19244,   543.506E-03
F:/Desktop/DeepOnet_Abaqus/StaticElasticJob.odb,Step-1,Increment      1: Step Time =    1.000,"PLATE-1",          1963,             1,   302.996E-03,   122.358E-03,            0.,"ASSEMBLY_PLATE-1__PICKEDSET2","ROCK","",  -493.409E-03,      -1.92272,      -1.26052,      -1.15561,   712.727E-03
F:/Desktop/DeepOnet_Abaqus/StaticElasticJob.odb,Step-1,Increment      1: Step Time =    1.000,"PLATE-1",          1964,             1,   402.228E-03,   61.8291E-03,            0.,"ASSEMBLY_PLATE-1__PICKEDSET2","ROCK","",  -843.500E-03,      -1.56252,      -1.07507,      -1.33095,   335.975E-03
F:/Desktop/DeepOnet_Abaqus/StaticElasticJob.odb,Step-1,Increment      1: Step Time =    1.000,"PLATE-1",          1965,             1,   365.236E-03,   62.7795E-03,            0.,"ASSEMBLY_PLATE-1__PICKEDSET2","ROCK","",  -689.973E-03,      -1.62136,  -957.315E-03,      -1.35402,   421.339E-03
F:/Desktop/DeepOnet_Abaqus/StaticElasticJob.odb,Step-1,Increment      1: Step Time =    1.000,"PLATE-1",          1966,             1,   112.809E-03,  -274.448E-03,            0.,"ASSEMBLY_PLATE-1__PICKEDSET2","ROCK","",  -354.422E-03,      -2.49732,      -2.43269,  -419.046E-03,  -366.478E-03
F:/Desktop/DeepOnet_Abaqus/StaticElasticJob.odb,Step-1,Increment      1: Step Time =    1.000,"PLATE-1",          1967,             1,   121.027E-03,  -261.707E-03,            0.,"ASSEMBLY_PLATE-1__PICKEDSET2","ROCK","",  -316.333E-03,      -2.54210,      -2.46046,  -397.974E-03,  -418.387E-03
F:/Desktop/DeepOnet_Abaqus/StaticElasticJob.odb,Step-1,Increment      1: Step Time =    1.000,"PLATE-1",          1968,             1,   160.314E-03,  -324.310E-03,            0.,"ASSEMBLY_PLATE-1__PICKEDSET2","ROCK","",  -580.735E-03,      -2.33458,      -2.24331,  -672.000E-03,  -389.531E-03
F:/Desktop/DeepOnet_Abaqus/StaticElasticJob.odb,Step-1,Increment      1: Step Time =    1.000,"PLATE-1",          1969,             1,   189.555E-03,  -274.574E-03,            0.,"ASSEMBLY_PLATE-1__PICKEDSET2","ROCK","",  -549.420E-03,      -2.44401,      -2.24787,  -745.555E-03,  -577.172E-03
F:/Desktop/DeepOnet_Abaqus/StaticElasticJob.odb,Step-1,Increment      1: Step Time =    1.000,"PLATE-1",          1970,             1,   62.9643E-03,  -322.016E-03,            0.,"ASSEMBLY_PLATE-1__PICKEDSET2","ROCK","",  -426.524E-03,      -2.40900,      -2.39543,  -440.094E-03,  -163.456E-03
F:/Desktop/DeepOnet_Abaqus/StaticElasticJob.odb,Step-1,Increment      1: Step Time =    1.000,"PLATE-1",          1971,             1,   22.9074E-03,  -242.471E-03,            0.,"ASSEMBLY_PLATE-1__PICKEDSET2","ROCK","",  -146.646E-03,      -2.58192,      -2.58024,  -148.330E-03,  -64.0227E-03
F:/Desktop/DeepOnet_Abaqus/StaticElasticJob.odb,Step-1,Increment      1: Step Time =    1.000,"PLATE-1",          1972,             1,   38.1561E-03,  -293.445E-03,            0.,"ASSEMBLY_PLATE-1__PICKEDSET2","ROCK","",  -331.855E-03,      -2.47301,      -2.46837,  -336.493E-03,  -99.5441E-03
F:/Desktop/DeepOnet_Abaqus/StaticElasticJob.odb,Step-1,Increment      1: Step Time =    1.000,"PLATE-1",          1973,             1,   25.2878E-03,  -265.714E-03,            0.,"ASSEMBLY_PLATE-1__PICKEDSET2","ROCK","",  -240.206E-03,      -2.53638,      -2.53410,  -242.490E-03,  -72.3918E-03
F:/Desktop/DeepOnet_Abaqus/StaticElasticJob.odb,Step-1,Increment      1: Step Time =    1.000,"PLATE-1",          1974,             1,   48.0765E-03,  -359.750E-03,            0.,"ASSEMBLY_PLATE-1__PICKEDSET2","ROCK","",  -517.032E-03,      -2.33409,      -2.32851,  -522.609E-03,  -100.513E-03
F:/Desktop/DeepOnet_Abaqus/StaticElasticJob.odb,Step-1,Increment      1: Step Time =    1.000,"PLATE-1",          1975,             1,  -15.3827E-03,  -274.130E-03,            0.,"ASSEMBLY_PLATE-1__PICKEDSET2","ROCK","",  -267.444E-03,      -2.52103,      -2.51958,  -268.894E-03,   57.1619E-03
F:/Desktop/DeepOnet_Abaqus/StaticElasticJob.odb,Step-1,Increment      1: Step Time =    1.000,"PLATE-1",          1976,             1,   6.70132E-03,  -272.342E-03,            0.,"ASSEMBLY_PLATE-1__PICKEDSET2","ROCK","",  -256.516E-03,      -2.52113,      -2.52105,  -256.595E-03,  -13.4120E-03
F:/Desktop/DeepOnet_Abaqus/StaticElasticJob.odb,Step-1,Increment      1: Step Time =    1.000,"PLATE-1",          1977,             1,  -7.27892E-03,   268.508E-03,            0.,"ASSEMBLY_PLATE-1__PICKEDSET2","ROCK","",  -587.683E-03,      -2.97905,      -2.97896,  -587.779E-03,  -15.1025E-03
F:/Desktop/DeepOnet_Abaqus/StaticElasticJob.odb,Step-1,Increment      1: Step Time =    1.000,"PLATE-1",          1978,             1,  -29.8575E-03,   277.121E-03,            0.,"ASSEMBLY_PLATE-1__PICKEDSET2","ROCK","",  -641.937E-03,      -2.85181,      -2.84905,  -644.697E-03,  -78.0524E-03
F:/Desktop/DeepOnet_Abaqus/StaticElasticJob.odb,Step-1,Increment      1: Step Time =    1.000,"PLATE-1",          1979,             1,  -80.4950E-03,   236.142E-03,            0.,"ASSEMBLY_PLATE-1__PICKEDSET2","ROCK","",  -466.475E-03,      -2.98073,      -2.90966,  -537.546E-03,  -416.702E-03
F:/Desktop/DeepOnet_Abaqus/StaticElasticJob.odb,Step-1,Increment      1: Step Time =    1.000,"PLATE-1",          1980,             1,  -136.470E-03,   227.266E-03,            0.,"ASSEMBLY_PLATE-1__PICKEDSET2","ROCK","",  -459.451E-03,      -2.74961,      -2.51782,  -691.235E-03,  -690.723E-03
F:/Desktop/DeepOnet_Abaqus/StaticElasticJob.odb,Step-1,Increment      1: Step Time =    1.000,"PLATE-1",          1981,             1,  -111.544E-03,   242.235E-03,            0.,"ASSEMBLY_PLATE-1__PICKEDSET2","ROCK","",  -502.739E-03,      -2.79695,      -2.66247,  -637.221E-03,  -538.930E-03
F:/Desktop/DeepOnet_Abaqus/StaticElasticJob.odb,Step-1,Increment      1: Step Time =    1.000,"PLATE-1",          1982,             1,  -146.416E-03,   271.286E-03,            0.,"ASSEMBLY_PLATE-1__PICKEDSET2","ROCK","",  -616.190E-03,      -2.55870,      -2.46677,  -708.120E-03,  -412.460E-03
F:/Desktop/DeepOnet_Abaqus/StaticElasticJob.odb,Step-1,Increment      1: Step Time =    1.000,"PLATE-1",          1983,             1,  -182.340E-03,   283.931E-03,            0.,"ASSEMBLY_PLATE-1__PICKEDSET2","ROCK","",  -670.732E-03,      -2.35177,      -2.25931,  -763.192E-03,  -383.249E-03
F:/Desktop/DeepOnet_Abaqus/StaticElasticJob.odb,Step-1,Increment      1: Step Time =    1.000,"PLATE-1",          1984,             1,  -206.460E-03,   273.707E-03,            0.,"ASSEMBLY_PLATE-1__PICKEDSET2","ROCK","",  -652.105E-03,      -2.29682,      -2.17799,  -770.936E-03,  -425.818E-03
F:/Desktop/DeepOnet_Abaqus/StaticElasticJob.odb,Step-1,Increment      1: Step Time =    1.000,"PLATE-1",          1985,             1,  -226.796E-03,   192.097E-03,            0.,"ASSEMBLY_PLATE-1__PICKEDSET2","ROCK","",  -463.825E-03,      -2.26751,      -1.89525,  -836.077E-03,  -729.968E-03
F:/Desktop/DeepOnet_Abaqus/StaticElasticJob.odb,Step-1,Increment      1: Step Time =    1.000,"PLATE-1",          1986,             1,  -208.892E-03,   173.499E-03,            0.,"ASSEMBLY_PLATE-1__PICKEDSET2","ROCK","",  -311.976E-03,      -2.44366,      -1.86810,  -887.532E-03,  -946.383E-03
F:/Desktop/DeepOnet_Abaqus/StaticElasticJob.odb,Step-1,Increment      1: Step Time =    1.000,"PLATE-1",          1987,             1,  -249.875E-03,   208.169E-03,            0.,"ASSEMBLY_PLATE-1__PICKEDSET2","ROCK","",  -554.035E-03,      -2.16644,      -1.83323,  -887.248E-03,  -652.875E-03
F:/Desktop/DeepOnet_Abaqus/StaticElasticJob.odb,Step-1,Increment      1: Step Time =    1.000,"PLATE-1",          1988,             1,  -291.265E-03,   155.662E-03,            0.,"ASSEMBLY_PLATE-1__PICKEDSET2","ROCK","",  -532.895E-03,      -1.95330,      -1.43288,      -1.05331,  -684.374E-03
F:/Desktop/DeepOnet_Abaqus/StaticElasticJob.odb,Step-1,Increment      1: Step Time =    1.000,"PLATE-1",          1989,             1,   143.203E-03,   302.726E-03,            0.,"ASSEMBLY_PLATE-1__PICKEDSET2","ROCK","",  -706.537E-03,      -2.49548,      -2.42363,  -778.386E-03,   351.241E-03
F:/Desktop/DeepOnet_Abaqus/StaticElasticJob.odb,Step-1,Increment      1: Step Time =    1.000,"PLATE-1",          1990,             1,   123.863E-03,   266.723E-03,            0.,"ASSEMBLY_PLATE-1__PICKEDSET2","ROCK","",  -618.033E-03,      -2.69965,      -2.59322,  -724.463E-03,   458.496E-03
F:/Desktop/DeepOnet_Abaqus/StaticElasticJob.odb,Step-1,Increment      1: Step Time =    1.000,"PLATE-1",          1991,             1,   267.717E-03,   148.433E-03,            0.,"ASSEMBLY_PLATE-1__PICKEDSET2","ROCK","",  -418.021E-03,      -2.10600,      -1.48173,      -1.04229,   814.888E-03
F:/Desktop/DeepOnet_Abaqus/StaticElasticJob.odb,Step-1,Increment      1: Step Time =    1.000,"PLATE-1",          1992,             1,   72.1449E-03,   271.856E-03,            0.,"ASSEMBLY_PLATE-1__PICKEDSET2","ROCK","",  -639.580E-03,      -2.81544,      -2.76272,  -692.290E-03,   334.533E-03
F:/Desktop/DeepOnet_Abaqus/StaticElasticJob.odb,Step-1,Increment      1: Step Time =    1.000,"PLATE-1",          1993,             1,   9.97795E-03,   273.068E-03,            0.,"ASSEMBLY_PLATE-1__PICKEDSET2","ROCK","",  -604.409E-03,      -2.96929,      -2.96606,  -607.636E-03,   87.3039E-03
F:/Desktop/DeepOnet_Abaqus/StaticElasticJob.odb,Step-1,Increment      1: Step Time =    1.000,"PLATE-1",          1994,             1,   14.2050E-03,   225.108E-03,            0.,"ASSEMBLY_PLATE-1__PICKEDSET2","ROCK","",  -260.042E-03,      -3.58282,      -3.57735,  -265.514E-03,   134.735E-03
F:/Desktop/DeepOnet_Abaqus/StaticElasticJob.odb,Step-1,Increment      1: Step Time =    1.000,"PLATE-1",          1995,             1,   20.1611E-03,   253.888E-03,            0.,"ASSEMBLY_PLATE-1__PICKEDSET2","ROCK","",  -508.933E-03,      -3.12397,      -3.11243,  -520.467E-03,   173.285E-03
F:/Desktop/DeepOnet_Abaqus/StaticElasticJob.odb,Step-1,Increment      1: Step Time =    1.000,"PLATE-1",          1996,             1,   342.668E-03,   205.007E-03,            0.,"ASSEMBLY_PLATE-1__PICKEDSET2","ROCK","",  -670.136E-03,      -1.99428,      -1.70670,  -957.714E-03,   545.979E-03
F:/Desktop/DeepOnet_Abaqus/StaticElasticJob.odb,Step-1,Increment      1: Step Time =    1.000,"PLATE-1",          1997,             1,   301.513E-03,   190.535E-03,            0.,"ASSEMBLY_PLATE-1__PICKEDSET2","ROCK","",  -564.130E-03,      -2.08433,      -1.69482,  -953.631E-03,   663.632E-03
F:/Desktop/DeepOnet_Abaqus/StaticElasticJob.odb,Step-1,Increment      1: Step Time =    1.000,"PLATE-1",          1998,             1,  -69.5423E-03,   280.080E-03,            0.,"ASSEMBLY_PLATE-1__PICKEDSET2","ROCK","",  -647.254E-03,      -2.75007,      -2.72921,  -668.115E-03,  -208.403E-03
F:/Desktop/DeepOnet_Abaqus/StaticElasticJob.odb,Step-1,Increment      1: Step Time =    1.000,"PLATE-1",          1999,             1,   220.504E-03,  -232.845E-03,            0.,"ASSEMBLY_PLATE-1__PICKEDSET2","ROCK","",  -588.268E-03,      -2.62975,      -2.23536,  -982.653E-03,  -805.971E-03
F:/Desktop/DeepOnet_Abaqus/StaticElasticJob.odb,Step-1,Increment      1: Step Time =    1.000,"PLATE-1",          2000,             1,   233.102E-03,  -278.262E-03,            0.,"ASSEMBLY_PLATE-1__PICKEDSET2","ROCK","",  -747.957E-03,      -2.28644,      -2.07665,  -957.740E-03,  -527.957E-03
F:/Desktop/DeepOnet_Abaqus/StaticElasticJob.odb,Step-1,Increment      1: Step Time =    1.000,"PLATE-1",          2001,             1,   221.602E-03,  -248.000E-03,            0.,"ASSEMBLY_PLATE-1__PICKEDSET2","ROCK","",  -633.936E-03,      -2.46500,      -2.16565,  -933.286E-03,  -677.141E-03
F:/Desktop/DeepOnet_Abaqus/StaticElasticJob.odb,Step-1,Increment      1: Step Time =    1.000,"PLATE-1",          2002,             1,   274.010E-03,  -297.931E-03,            0.,"ASSEMBLY_PLATE-1__PICKEDSET2","ROCK","",  -874.607E-03,      -2.12896,      -1.97160,      -1.03196,  -415.475E-03
F:/Desktop/DeepOnet_Abaqus/StaticElasticJob.odb,Step-1,Increment      1: Step Time =    1.000,"PLATE-1",          2003,             1,  -291.164E-03,   228.961E-03,            0.,"ASSEMBLY_PLATE-1__PICKEDSET2","ROCK","",  -645.469E-03,      -2.05668,      -1.80163,  -900.513E-03,  -543.023E-03
F:/Desktop/DeepOnet_Abaqus/StaticElasticJob.odb,Step-1,Increment      1: Step Time =    1.000,"PLATE-1",          2004,             1,  -311.139E-03,   196.504E-03,            0.,"ASSEMBLY_PLATE-1__PICKEDSET2","ROCK","",  -646.125E-03,      -1.98025,      -1.64690,  -979.475E-03,  -577.587E-03
F:/Desktop/DeepOnet_Abaqus/StaticElasticJob.odb,Step-1,Increment      1: Step Time =    1.000,"PLATE-1",          2005,             1,  -294.218E-03,   118.581E-03,            0.,"ASSEMBLY_PLATE-1__PICKEDSET2","ROCK","",  -444.202E-03,      -1.88397,      -1.15970,      -1.16848,  -719.871E-03
F:/Desktop/DeepOnet_Abaqus/StaticElasticJob.odb,Step-1,Increment      1: Step Time =    1.000,"PLATE-1",          2006,             1,  -93.5906E-03,   256.622E-03,            0.,"ASSEMBLY_PLATE-1__PICKEDSET2","ROCK","",  -568.298E-03,      -2.77938,      -2.70610,  -641.579E-03,  -395.803E-03
F:/Desktop/DeepOnet_Abaqus/StaticElasticJob.odb,Step-1,Increment      1: Step Time =    1.000,"PLATE-1",          2007,             1,  -129.258E-03,   251.550E-03,            0.,"ASSEMBLY_PLATE-1__PICKEDSET2","ROCK","",  -558.362E-03,      -2.66235,      -2.54942,  -671.293E-03,  -474.187E-03
F:/Desktop/DeepOnet_Abaqus/StaticElasticJob.odb,Step-1,Increment      1: Step Time =    1.000,"PLATE-1",          2008,             1,  -107.918E-03,   260.497E-03,            0.,"ASSEMBLY_PLATE-1__PICKEDSET2","ROCK","",  -580.648E-03,      -2.72710,      -2.65454,  -653.204E-03,  -387.910E-03
F:/Desktop/DeepOnet_Abaqus/StaticElasticJob.odb,Step-1,Increment      1: Step Time =    1.000,"PLATE-1",          2009,             1,  -113.246E-03,   276.699E-03,            0.,"ASSEMBLY_PLATE-1__PICKEDSET2","ROCK","",  -638.839E-03,      -2.62226,      -2.56699,  -694.113E-03,  -326.460E-03
F:/Desktop/DeepOnet_Abaqus/StaticElasticJob.odb,Step-1,Increment      1: Step Time =    1.000,"PLATE-1",          2010,             1,   201.632E-03,   228.333E-03,            0.,"ASSEMBLY_PLATE-1__PICKEDSET2","ROCK","",  -528.145E-03,      -2.47538,      -2.21593,  -787.600E-03,   661.742E-03
F:/Desktop/DeepOnet_Abaqus/StaticElasticJob.odb,Step-1,Increment      1: Step Time =    1.000,"PLATE-1",          2011,             1,   160.750E-03,   335.832E-03,            0.,"ASSEMBLY_PLATE-1__PICKEDSET2","ROCK","",  -763.671E-03,      -2.36968,      -2.31814,  -815.209E-03,   283.044E-03
F:/Desktop/DeepOnet_Abaqus/StaticElasticJob.odb,Step-1,Increment      1: Step Time =    1.000,"PLATE-1",          2012,             1,   316.383E-03,  -29.5470E-03,            0.,"ASSEMBLY_PLATE-1__PICKEDSET2","ROCK","",  -404.669E-03,      -1.59396,  -405.064E-03,      -1.59356,   21.6823E-03
F:/Desktop/DeepOnet_Abaqus/StaticElasticJob.odb,Step-1,Increment      1: Step Time =    1.000,"PLATE-1",          2013,             1,   332.958E-03,  -13.7265E-03,            0.,"ASSEMBLY_PLATE-1__PICKEDSET2","ROCK","",  -516.472E-03,      -1.58685,  -531.027E-03,      -1.57229,   123.965E-03
F:/Desktop/DeepOnet_Abaqus/StaticElasticJob.odb,Step-1,Increment      1: Step Time =    1.000,"PLATE-1",          2014,             1,   306.790E-03,  -51.0757E-03,            0.,"ASSEMBLY_PLATE-1__PICKEDSET2","ROCK","",  -278.249E-03,      -1.63618,  -287.255E-03,      -1.62718,  -110.220E-03
F:/Desktop/DeepOnet_Abaqus/StaticElasticJob.odb,Step-1,Increment      1: Step Time =    1.000,"PLATE-1",          2015,             1,   312.291E-03,  -70.9197E-03,            0.,"ASSEMBLY_PLATE-1__PICKEDSET2","ROCK","",  -378.568E-03,      -1.81266,  -483.424E-03,      -1.70780,  -373.333E-03
F:/Desktop/DeepOnet_Abaqus/StaticElasticJob.odb,Step-1,Increment      1: Step Time =    1.000,"PLATE-1",          2016,             1,   319.877E-03,  -58.6181E-03,            0.,"ASSEMBLY_PLATE-1__PICKEDSET2","ROCK","",  -445.850E-03,      -1.70657,  -500.126E-03,      -1.65229,  -255.892E-03
F:/Desktop/DeepOnet_Abaqus/StaticElasticJob.odb,Step-1,Increment      1: Step Time =    1.000,"PLATE-1",          2017,             1,   328.406E-03,  -80.9848E-03,            0.,"ASSEMBLY_PLATE-1__PICKEDSET2","ROCK","",  -557.855E-03,      -1.76247,  -716.677E-03,      -1.60365,  -407.547E-03
F:/Desktop/DeepOnet_Abaqus/StaticElasticJob.odb,Step-1,Increment      1: Step Time =    1.000,"PLATE-1",          2018,             1,   354.215E-03,  -88.0248E-03,            0.,"ASSEMBLY_PLATE-1__PICKEDSET2","ROCK","",  -708.281E-03,      -1.69450,  -885.954E-03,      -1.51683,  -379.022E-03
F:/Desktop/DeepOnet_Abaqus/StaticElasticJob.odb,Step-1,Increment      1: Step Time =    1.000,"PLATE-1",          2019,             1,   379.183E-03,  -56.1409E-03,            0.,"ASSEMBLY_PLATE-1__PICKEDSET2","ROCK","",  -833.611E-03,      -1.54908,  -884.033E-03,      -1.49866,  -183.119E-03
F:/Desktop/DeepOnet_Abaqus/StaticElasticJob.odb,Step-1,Increment      1: Step Time =    1.000,"PLATE-1",          2020,             1,   323.726E-03,  -44.5410E-03,            0.,"ASSEMBLY_PLATE-1__PICKEDSET2","ROCK","",  -448.364E-03,      -1.62148,  -454.472E-03,      -1.61537,  -84.4249E-03
F:/Desktop/DeepOnet_Abaqus/StaticElasticJob.odb,Step-1,Increment      1: Step Time =    1.000,"PLATE-1",          2021,             1,   383.926E-03,  -10.1591E-03,            0.,"ASSEMBLY_PLATE-1__PICKEDSET2","ROCK","",  -836.701E-03,      -1.48896,  -845.518E-03,      -1.48015,   75.3211E-03
F:/Desktop/DeepOnet_Abaqus/StaticElasticJob.odb,Step-1,Increment      1: Step Time =    1.000,"PLATE-1",          2022,             1,   832.851E-03,       1.39746,            0.,"ASSEMBLY_PLATE-1__PICKEDSET2","ROCK","",      -1.17884,      -1.30834,      -1.30712,      -1.18006,  -12.5160E-03
F:/Desktop/DeepOnet_Abaqus/StaticElasticJob.odb,Step-1,Increment      1: Step Time =    1.000,"PLATE-1",          2023,             1,       1.32051,      -1.30068,            0.,"ASSEMBLY_PLATE-1__PICKEDSET2","ROCK","",  -988.935E-03,      -1.78453,      -1.78374,  -989.727E-03,  -25.1007E-03
F:/Desktop/DeepOnet_Abaqus/StaticElasticJob.odb,Step-1,Increment      1: Step Time =    1.000,"PLATE-1",          2024,             1,       1.37425,      -1.22043,            0.,"ASSEMBLY_PLATE-1__PICKEDSET2","ROCK","",  -989.535E-03,      -1.78244,      -1.78148,  -990.492E-03,  -27.5333E-03
F:/Desktop/DeepOnet_Abaqus/StaticElasticJob.odb,Step-1,Increment      1: Step Time =    1.000,"PLATE-1",          2025,             1,   172.400E-03,   301.703E-03,            0.,"ASSEMBLY_PLATE-1__PICKEDSET2","ROCK","",  -704.015E-03,      -2.43460,      -2.34996,  -788.652E-03,   373.241E-03
F:/Desktop/DeepOnet_Abaqus/StaticElasticJob.odb,Step-1,Increment      1: Step Time =    1.000,"PLATE-1",          2026,             1,   92.7721E-03,   294.601E-03,            0.,"ASSEMBLY_PLATE-1__PICKEDSET2","ROCK","",  -696.653E-03,      -2.65982,      -2.61441,  -742.066E-03,   295.113E-03
F:/Desktop/DeepOnet_Abaqus/StaticElasticJob.odb,Step-1,Increment      1: Step Time =    1.000,"PLATE-1",          2027,             1,  -302.085E-03,   142.599E-03,            0.,"ASSEMBLY_PLATE-1__PICKEDSET2","ROCK","",  -557.054E-03,      -1.86783,      -1.30920,      -1.11568,  -648.206E-03
F:/Desktop/DeepOnet_Abaqus/StaticElasticJob.odb,Step-1,Increment      1: Step Time =    1.000,"PLATE-1",          2028,             1,  -354.328E-03,   129.797E-03,            0.,"ASSEMBLY_PLATE-1__PICKEDSET2","ROCK","",  -715.972E-03,      -1.75701,      -1.28691,      -1.18607,  -518.072E-03
F:/Desktop/DeepOnet_Abaqus/StaticElasticJob.odb,Step-1,Increment      1: Step Time =    1.000,"PLATE-1",          2029,             1,  -344.658E-03,   96.7101E-03,            0.,"ASSEMBLY_PLATE-1__PICKEDSET2","ROCK","",  -656.948E-03,      -1.70211,      -1.07575,      -1.28331,  -512.171E-03
F:/Desktop/DeepOnet_Abaqus/StaticElasticJob.odb,Step-1,Increment      1: Step Time =    1.000,"PLATE-1",          2030,             1,  -450.848E-03,   167.932E-03,            0.,"ASSEMBLY_PLATE-1__PICKEDSET2","ROCK","",  -938.827E-03,      -1.68456,      -1.46820,      -1.15518,  -338.428E-03
F:/Desktop/DeepOnet_Abaqus/StaticElasticJob.odb,Step-1,Increment      1: Step Time =    1.000,"PLATE-1",          2031,             1,   354.233E-03,  -65.4894E-03,            0.,"ASSEMBLY_PLATE-1__PICKEDSET2","ROCK","",  -696.984E-03,      -1.62555,  -771.916E-03,      -1.55062,  -252.912E-03
F:/Desktop/DeepOnet_Abaqus/StaticElasticJob.odb,Step-1,Increment      1: Step Time =    1.000,"PLATE-1",          2032,             1,   785.862E-03,      -1.38187,            0.,"ASSEMBLY_PLATE-1__PICKEDSET2","ROCK","",  -984.682E-03,      -1.80159,      -1.80124,  -985.030E-03,  -16.8421E-03
F:/Desktop/DeepOnet_Abaqus/StaticElasticJob.odb,Step-1,Increment      1: Step Time =    1.000,"PLATE-1",          2033,             1,  -370.323E-03,  -42.4033E-03,            0.,"ASSEMBLY_PLATE-1__PICKEDSET2","ROCK","",  -767.545E-03,      -1.60757,  -797.507E-03,      -1.57761,   155.792E-03
F:/Desktop/DeepOnet_Abaqus/StaticElasticJob.odb,Step-1,Increment      1: Step Time =    1.000,"PLATE-1",          2034,             1,  -345.815E-03,  -93.5755E-03,            0.,"ASSEMBLY_PLATE-1__PICKEDSET2","ROCK","",  -646.198E-03,      -1.86346,  -921.904E-03,      -1.58776,   509.504E-03
F:/Desktop/DeepOnet_Abaqus/StaticElasticJob.odb,Step-1,Increment      1: Step Time =    1.000,"PLATE-1",          2035,             1,  -305.709E-03,  -139.441E-03,            0.,"ASSEMBLY_PLATE-1__PICKEDSET2","ROCK","",  -603.198E-03,      -2.46102,      -1.44519,      -1.61903,   924.833E-03
F:/Desktop/DeepOnet_Abaqus/StaticElasticJob.odb,Step-1,Increment      1: Step Time =    1.000,"PLATE-1",          2036,             1,  -305.034E-03,  -213.856E-03,            0.,"ASSEMBLY_PLATE-1__PICKEDSET2","ROCK","",  -945.747E-03,      -2.20688,      -1.91684,      -1.23578,   530.709E-03
F:/Desktop/DeepOnet_Abaqus/StaticElasticJob.odb,Step-1,Increment      1: Step Time =    1.000,"PLATE-1",          2037,             1,  -266.450E-03,  -239.643E-03,            0.,"ASSEMBLY_PLATE-1__PICKEDSET2","ROCK","",  -887.759E-03,      -2.32369,      -2.01770,      -1.19374,   588.001E-03
F:/Desktop/DeepOnet_Abaqus/StaticElasticJob.odb,Step-1,Increment      1: Step Time =    1.000,"PLATE-1",          2038,             1,  -376.304E-03,  -263.614E-03,            0.,"ASSEMBLY_PLATE-1__PICKEDSET2","ROCK","",  -974.297E-03,      -1.97210,      -1.82797,      -1.11843,   350.770E-03
F:/Desktop/DeepOnet_Abaqus/StaticElasticJob.odb,Step-1,Increment      1: Step Time =    1.000,"PLATE-1",          2039,             1,  -202.630E-03,  -233.839E-03,            0.,"ASSEMBLY_PLATE-1__PICKEDSET2","ROCK","",  -468.378E-03,      -2.75669,      -2.38165,  -843.416E-03,   847.082E-03
F:/Desktop/DeepOnet_Abaqus/StaticElasticJob.odb,Step-1,Increment      1: Step Time =    1.000,"PLATE-1",          2040,             1,  -187.618E-03,  -226.816E-03,            0.,"ASSEMBLY_PLATE-1__PICKEDSET2","ROCK","",  -353.763E-03,      -2.80819,      -2.49417,  -667.786E-03,   819.840E-03
F:/Desktop/DeepOnet_Abaqus/StaticElasticJob.odb,Step-1,Increment      1: Step Time =    1.000,"PLATE-1",          2041,             1,  -173.158E-03,  -241.674E-03,            0.,"ASSEMBLY_PLATE-1__PICKEDSET2","ROCK","",  -365.424E-03,      -2.70421,      -2.46766,  -601.977E-03,   705.189E-03
F:/Desktop/DeepOnet_Abaqus/StaticElasticJob.odb,Step-1,Increment      1: Step Time =    1.000,"PLATE-1",          2042,             1,  -142.100E-03,  -235.387E-03,            0.,"ASSEMBLY_PLATE-1__PICKEDSET2","ROCK","",  -221.273E-03,      -2.72143,      -2.57798,  -364.730E-03,   581.452E-03
F:/Desktop/DeepOnet_Abaqus/StaticElasticJob.odb,Step-1,Increment      1: Step Time =    1.000,"PLATE-1",          2043,             1,  -146.943E-03,  -218.699E-03,            0.,"ASSEMBLY_PLATE-1__PICKEDSET2","ROCK","",  -158.842E-03,      -2.76986,      -2.62192,  -306.774E-03,   603.629E-03
F:/Desktop/DeepOnet_Abaqus/StaticElasticJob.odb,Step-1,Increment      1: Step Time =    1.000,"PLATE-1",          2044,             1,  -119.884E-03,  -226.046E-03,            0.,"ASSEMBLY_PLATE-1__PICKEDSET2","ROCK","",  -137.604E-03,      -2.70941,      -2.62147,  -225.541E-03,   467.357E-03
F:/Desktop/DeepOnet_Abaqus/StaticElasticJob.odb,Step-1,Increment      1: Step Time =    1.000,"PLATE-1",          2045,             1,  -128.530E-03,  -242.728E-03,            0.,"ASSEMBLY_PLATE-1__PICKEDSET2","ROCK","",  -248.500E-03,      -2.66414,      -2.54709,  -365.552E-03,   518.704E-03
F:/Desktop/DeepOnet_Abaqus/StaticElasticJob.odb,Step-1,Increment      1: Step Time =    1.000,"PLATE-1",          2046,             1,  -93.9019E-03,  -257.654E-03,            0.,"ASSEMBLY_PLATE-1__PICKEDSET2","ROCK","",  -260.394E-03,      -2.57684,      -2.52801,  -309.223E-03,   332.755E-03
F:/Desktop/DeepOnet_Abaqus/StaticElasticJob.odb,Step-1,Increment      1: Step Time =    1.000,"PLATE-1",          2047,             1,  -113.295E-03,  -262.895E-03,            0.,"ASSEMBLY_PLATE-1__PICKEDSET2","ROCK","",  -307.370E-03,      -2.57177,      -2.49611,  -383.034E-03,   406.950E-03
F:/Desktop/DeepOnet_Abaqus/StaticElasticJob.odb,Step-1,Increment      1: Step Time =    1.000,"PLATE-1",          2048,             1,  -91.4960E-03,  -279.830E-03,            0.,"ASSEMBLY_PLATE-1__PICKEDSET2","ROCK","",  -326.670E-03,      -2.52701,      -2.48019,  -373.487E-03,   317.525E-03
F:/Desktop/DeepOnet_Abaqus/StaticElasticJob.odb,Step-1,Increment      1: Step Time =    1.000,"PLATE-1",          2049,             1,  -71.6019E-03,  -285.437E-03,            0.,"ASSEMBLY_PLATE-1__PICKEDSET2","ROCK","",  -323.863E-03,      -2.51545,      -2.48638,  -352.926E-03,   250.699E-03
F:/Desktop/DeepOnet_Abaqus/StaticElasticJob.odb,Step-1,Increment      1: Step Time =    1.000,"PLATE-1",          2050,             1,  -50.8336E-03,  -298.614E-03,            0.,"ASSEMBLY_PLATE-1__PICKEDSET2","ROCK","",  -353.848E-03,      -2.47590,      -2.46235,  -367.395E-03,   169.011E-03
F:/Desktop/DeepOnet_Abaqus/StaticElasticJob.odb,Step-1,Increment      1: Step Time =    1.000,"PLATE-1",          2051,             1,   106.263E-03,  -258.139E-03,            0.,"ASSEMBLY_PLATE-1__PICKEDSET2","ROCK","",  -243.490E-03,      -2.57533,      -2.51612,  -302.699E-03,  -366.825E-03
F:/Desktop/DeepOnet_Abaqus/StaticElasticJob.odb,Step-1,Increment      1: Step Time =    1.000,"PLATE-1",          2052,             1,   143.695E-03,  -292.829E-03,            0.,"ASSEMBLY_PLATE-1__PICKEDSET2","ROCK","",  -440.954E-03,      -2.44968,      -2.35803,  -532.604E-03,  -419.165E-03
F:/Desktop/DeepOnet_Abaqus/StaticElasticJob.odb,Step-1,Increment      1: Step Time =    1.000,"PLATE-1",          2053,             1,   376.098E-03,   135.121E-03,            0.,"ASSEMBLY_PLATE-1__PICKEDSET2","ROCK","",  -741.213E-03,      -1.77653,      -1.37437,      -1.14337,   504.608E-03
F:/Desktop/DeepOnet_Abaqus/StaticElasticJob.odb,Step-1,Increment      1: Step Time =    1.000,"PLATE-1",          2054,             1,   76.7370E-03,   294.207E-03,            0.,"ASSEMBLY_PLATE-1__PICKEDSET2","ROCK","",  -712.688E-03,      -2.66458,      -2.63234,  -744.934E-03,   248.799E-03
F:/Desktop/DeepOnet_Abaqus/StaticElasticJob.odb,Step-1,Increment      1: Step Time =    1.000,"PLATE-1",          2055,             1,   62.8357E-03,   300.478E-03,            0.,"ASSEMBLY_PLATE-1__PICKEDSET2","ROCK","",  -728.652E-03,      -2.65603,      -2.63350,  -751.188E-03,   207.190E-03
F:/Desktop/DeepOnet_Abaqus/StaticElasticJob.odb,Step-1,Increment      1: Step Time =    1.000,"PLATE-1",          2056,             1,   24.2186E-03,   283.958E-03,            0.,"ASSEMBLY_PLATE-1__PICKEDSET2","ROCK","",  -666.704E-03,      -2.82866,      -2.82102,  -674.339E-03,   128.256E-03
F:/Desktop/DeepOnet_Abaqus/StaticElasticJob.odb,Step-1,Increment      1: Step Time =    1.000,"PLATE-1",          2057,             1,   195.970E-03,  -242.558E-03,            0.,"ASSEMBLY_PLATE-1__PICKEDSET2","ROCK","",  -479.229E-03,      -2.58472,      -2.31686,  -747.089E-03,  -701.590E-03
F:/Desktop/DeepOnet_Abaqus/StaticElasticJob.odb,Step-1,Increment      1: Step Time =    1.000,"PLATE-1",          2058,             1,   429.582E-03,  -173.351E-03,            0.,"ASSEMBLY_PLATE-1__PICKEDSET2","ROCK","",  -963.653E-03,      -1.74559,      -1.53126,      -1.17798,  -348.789E-03
F:/Desktop/DeepOnet_Abaqus/StaticElasticJob.odb,Step-1,Increment      1: Step Time =    1.000,"PLATE-1",          2059,             1,   395.416E-03,  -193.851E-03,            0.,"ASSEMBLY_PLATE-1__PICKEDSET2","ROCK","",  -927.151E-03,      -1.85993,      -1.63751,      -1.14957,  -397.489E-03
F:/Desktop/DeepOnet_Abaqus/StaticElasticJob.odb,Step-1,Increment      1: Step Time =    1.000,"PLATE-1",          2060,             1,   439.074E-03,  -110.488E-03,            0.,"ASSEMBLY_PLATE-1__PICKEDSET2","ROCK","",      -1.01114,      -1.60774,      -1.33138,      -1.28750,  -297.491E-03
F:/Desktop/DeepOnet_Abaqus/StaticElasticJob.odb,Step-1,Increment      1: Step Time =    1.000,"PLATE-1",          2061,             1,   170.965E-03,  -221.636E-03,            0.,"ASSEMBLY_PLATE-1__PICKEDSET2","ROCK","",  -196.711E-03,      -2.80165,      -2.57944,  -418.917E-03,  -727.637E-03
F:/Desktop/DeepOnet_Abaqus/StaticElasticJob.odb,Step-1,Increment      1: Step Time =    1.000,"PLATE-1",          2062,             1,  -201.611E-03,   308.332E-03,            0.,"ASSEMBLY_PLATE-1__PICKEDSET2","ROCK","",  -721.405E-03,      -2.27540,      -2.20372,  -793.091E-03,  -325.976E-03
F:/Desktop/DeepOnet_Abaqus/StaticElasticJob.odb,Step-1,Increment      1: Step Time =    1.000,"PLATE-1",          2063,             1,  -232.492E-03,   327.386E-03,            0.,"ASSEMBLY_PLATE-1__PICKEDSET2","ROCK","",  -757.737E-03,      -2.20231,      -2.14050,  -819.539E-03,  -292.331E-03
F:/Desktop/DeepOnet_Abaqus/StaticElasticJob.odb,Step-1,Increment      1: Step Time =    1.000,"PLATE-1",          2064,             1,  -284.686E-03,   293.063E-03,            0.,"ASSEMBLY_PLATE-1__PICKEDSET2","ROCK","",  -738.098E-03,      -2.09141,      -1.97177,  -857.736E-03,  -384.180E-03
F:/Desktop/DeepOnet_Abaqus/StaticElasticJob.odb,Step-1,Increment      1: Step Time =    1.000,"PLATE-1",          2065,             1,       1.39769,       1.31006,            0.,"ASSEMBLY_PLATE-1__PICKEDSET2","ROCK","",      -1.05678,      -1.64307,      -1.64210,      -1.05775,   23.7443E-03
F:/Desktop/DeepOnet_Abaqus/StaticElasticJob.odb,Step-1,Increment      1: Step Time =    1.000,"PLATE-1",          2066,             1,       1.14209,       1.36248,            0.,"ASSEMBLY_PLATE-1__PICKEDSET2","ROCK","",      -1.09272,      -1.57019,      -1.56783,      -1.09509,   33.5396E-03
F:/Desktop/DeepOnet_Abaqus/StaticElasticJob.odb,Step-1,Increment      1: Step Time =    1.000,"PLATE-1",          2067,             1,   118.693E-03,   318.988E-03,            0.,"ASSEMBLY_PLATE-1__PICKEDSET2","ROCK","",  -749.092E-03,      -2.50786,      -2.46300,  -793.943E-03,   277.256E-03
F:/Desktop/DeepOnet_Abaqus/StaticElasticJob.odb,Step-1,Increment      1: Step Time =    1.000,"PLATE-1",          2068,             1,   94.4682E-03,   322.020E-03,            0.,"ASSEMBLY_PLATE-1__PICKEDSET2","ROCK","",  -767.137E-03,      -2.51922,      -2.48882,  -797.537E-03,   228.776E-03
F:/Desktop/DeepOnet_Abaqus/StaticElasticJob.odb,Step-1,Increment      1: Step Time =    1.000,"PLATE-1",          2069,             1,  -1.79648E-03,   287.355E-03,            0.,"ASSEMBLY_PLATE-1__PICKEDSET2","ROCK","",  -692.576E-03,      -2.77995,      -2.77966,  -692.869E-03,   24.7137E-03
F:/Desktop/DeepOnet_Abaqus/StaticElasticJob.odb,Step-1,Increment      1: Step Time =    1.000,"PLATE-1",          2070,             1,  -79.3945E-03,   320.050E-03,            0.,"ASSEMBLY_PLATE-1__PICKEDSET2","ROCK","",  -755.806E-03,      -2.52131,      -2.51174,  -765.384E-03,  -129.688E-03
F:/Desktop/DeepOnet_Abaqus/StaticElasticJob.odb,Step-1,Increment      1: Step Time =    1.000,"PLATE-1",          2071,             1,  -51.2824E-03,   348.856E-03,            0.,"ASSEMBLY_PLATE-1__PICKEDSET2","ROCK","",  -817.784E-03,      -2.46114,      -2.46050,  -818.420E-03,  -32.3289E-03
F:/Desktop/DeepOnet_Abaqus/StaticElasticJob.odb,Step-1,Increment      1: Step Time =    1.000,"PLATE-1",          2072,             1,  -88.4270E-03,   299.366E-03,            0.,"ASSEMBLY_PLATE-1__PICKEDSET2","ROCK","",  -702.859E-03,      -2.61425,      -2.59857,  -718.543E-03,  -172.432E-03
F:/Desktop/DeepOnet_Abaqus/StaticElasticJob.odb,Step-1,Increment      1: Step Time =    1.000,"PLATE-1",          2073,             1,  -85.5618E-03,   270.221E-03,            0.,"ASSEMBLY_PLATE-1__PICKEDSET2","ROCK","",  -604.418E-03,      -2.76522,      -2.72149,  -648.142E-03,  -304.248E-03
F:/Desktop/DeepOnet_Abaqus/StaticElasticJob.odb,Step-1,Increment      1: Step Time =    1.000,"PLATE-1",          2074,             1,   238.241E-03,  -308.946E-03,            0.,"ASSEMBLY_PLATE-1__PICKEDSET2","ROCK","",  -772.640E-03,      -2.21498,      -2.06157,  -926.055E-03,  -444.679E-03
F:/Desktop/DeepOnet_Abaqus/StaticElasticJob.odb,Step-1,Increment      1: Step Time =    1.000,"PLATE-1",          2075,             1,   356.967E-03,  -329.801E-03,            0.,"ASSEMBLY_PLATE-1__PICKEDSET2","ROCK","",  -933.554E-03,      -1.96479,      -1.88192,      -1.01642,  -280.333E-03
F:/Desktop/DeepOnet_Abaqus/StaticElasticJob.odb,Step-1,Increment      1: Step Time =    1.000,"PLATE-1",          2076,             1,  -323.354E-03,   149.645E-03,            0.,"ASSEMBLY_PLATE-1__PICKEDSET2","ROCK","",  -608.565E-03,      -1.85246,      -1.33629,      -1.12473,  -612.885E-03
F:/Desktop/DeepOnet_Abaqus/StaticElasticJob.odb,Step-1,Increment      1: Step Time =    1.000,"PLATE-1",          2077,             1,  -221.340E-03,  -232.663E-03,            0.,"ASSEMBLY_PLATE-1__PICKEDSET2","ROCK","",  -657.934E-03,      -2.65846,      -2.21966,      -1.09674,   827.822E-03
F:/Desktop/DeepOnet_Abaqus/StaticElasticJob.odb,Step-1,Increment      1: Step Time =    1.000,"PLATE-1",          2078,             1,   230.122E-03,  -262.162E-03,            0.,"ASSEMBLY_PLATE-1__PICKEDSET2","ROCK","",  -737.535E-03,      -2.37470,      -2.09702,      -1.01522,  -614.413E-03
F:/Desktop/DeepOnet_Abaqus/StaticElasticJob.odb,Step-1,Increment      1: Step Time =    1.000,"PLATE-1",          2079,             1,   233.437E-03,  -240.764E-03,            0.,"ASSEMBLY_PLATE-1__PICKEDSET2","ROCK","",  -769.919E-03,      -2.43577,      -2.08059,      -1.12510,  -682.296E-03
F:/Desktop/DeepOnet_Abaqus/StaticElasticJob.odb,Step-1,Increment      1: Step Time =    1.000,"PLATE-1",          2080,             1,   260.900E-03,  -246.876E-03,            0.,"ASSEMBLY_PLATE-1__PICKEDSET2","ROCK","",  -836.976E-03,      -2.27417,      -2.02642,      -1.08472,  -542.841E-03
F:/Desktop/DeepOnet_Abaqus/StaticElasticJob.odb,Step-1,Increment      1: Step Time =    1.000,"PLATE-1",          2081,             1,   37.3577E-03,   297.852E-03,            0.,"ASSEMBLY_PLATE-1__PICKEDSET2","ROCK","",  -705.386E-03,      -2.74069,      -2.72994,  -716.136E-03,   147.530E-03
F:/Desktop/DeepOnet_Abaqus/StaticElasticJob.odb,Step-1,Increment      1: Step Time =    1.000,"PLATE-1",          2082,             1,  -134.083E-03,   310.157E-03,            0.,"ASSEMBLY_PLATE-1__PICKEDSET2","ROCK","",  -729.454E-03,      -2.44311,      -2.40832,  -764.242E-03,  -241.668E-03
F:/Desktop/DeepOnet_Abaqus/StaticElasticJob.odb,Step-1,Increment      1: Step Time =    1.000,"PLATE-1",          2083,             1,   244.380E-03,  -254.496E-03,            0.,"ASSEMBLY_PLATE-1__PICKEDSET2","ROCK","",  -773.660E-03,      -2.33662,      -2.07383,      -1.03644,  -584.520E-03
F:/Desktop/DeepOnet_Abaqus/StaticElasticJob.odb,Step-1,Increment      1: Step Time =    1.000,"PLATE-1",          2084,             1,   258.385E-03,  -268.589E-03,            0.,"ASSEMBLY_PLATE-1__PICKEDSET2","ROCK","",  -828.265E-03,      -2.24396,      -2.02235,      -1.04988,  -514.416E-03
F:/Desktop/DeepOnet_Abaqus/StaticElasticJob.odb,Step-1,Increment      1: Step Time =    1.000,"PLATE-1",          2085,             1,  -379.781E-03,   7.73813E-03,            0.,"ASSEMBLY_PLATE-1__PICKEDSET2","ROCK","",  -789.066E-03,      -1.54170,  -806.560E-03,      -1.52421,  -113.404E-03
F:/Desktop/DeepOnet_Abaqus/StaticElasticJob.odb,Step-1,Increment      1: Step Time =    1.000,"PLATE-1",          2086,             1,   82.8241E-03,  -270.066E-03,            0.,"ASSEMBLY_PLATE-1__PICKEDSET2","ROCK","",  -280.403E-03,      -2.52975,      -2.49630,  -313.859E-03,  -272.280E-03
F:/Desktop/DeepOnet_Abaqus/StaticElasticJob.odb,Step-1,Increment      1: Step Time =    1.000,"PLATE-1",          2087,             1,   75.6769E-03,  -291.760E-03,            0.,"ASSEMBLY_PLATE-1__PICKEDSET2","ROCK","",  -345.188E-03,      -2.47683,      -2.45216,  -369.857E-03,  -227.988E-03
F:/Desktop/DeepOnet_Abaqus/StaticElasticJob.odb,Step-1,Increment      1: Step Time =    1.000,"PLATE-1",          2088,             1,  -327.007E-03,       1.27499,            0.,"ASSEMBLY_PLATE-1__PICKEDSET2","ROCK","",  -895.344E-03,      -1.72905,      -1.43868,      -1.18572,   397.202E-03
F:/Desktop/DeepOnet_Abaqus/StaticElasticJob.odb,Step-1,Increment      1: Step Time =    1.000,"PLATE-1",          2089,             1,  -404.116E-03,  -4.28482E-03,            0.,"ASSEMBLY_PLATE-1__PICKEDSET2","ROCK","",  -942.185E-03,      -1.49238,  -942.412E-03,      -1.49216,  -11.1829E-03
F:/Desktop/DeepOnet_Abaqus/StaticElasticJob.odb,Step-1,Increment      1: Step Time =    1.000,"PLATE-1",          2090,             1,  -401.655E-03,   29.3619E-03,            0.,"ASSEMBLY_PLATE-1__PICKEDSET2","ROCK","",  -914.335E-03,      -1.49620,  -965.325E-03,      -1.44521,  -164.528E-03
F:/Desktop/DeepOnet_Abaqus/StaticElasticJob.odb,Step-1,Increment      1: Step Time =    1.000,"PLATE-1",          2091,             1,  -121.060E-03,   266.241E-03,            0.,"ASSEMBLY_PLATE-1__PICKEDSET2","ROCK","",  -592.119E-03,      -2.65267,      -2.56694,  -677.842E-03,  -411.446E-03
F:/Desktop/DeepOnet_Abaqus/StaticElasticJob.odb,Step-1,Increment      1: Step Time =    1.000,"PLATE-1",          2092,             1,  -129.274E-03,   281.982E-03,            0.,"ASSEMBLY_PLATE-1__PICKEDSET2","ROCK","",  -641.607E-03,      -2.57079,      -2.50789,  -704.513E-03,  -342.637E-03
F:/Desktop/DeepOnet_Abaqus/StaticElasticJob.odb,Step-1,Increment      1: Step Time =    1.000,"PLATE-1",          2093,             1,  -101.105E-03,   286.616E-03,            0.,"ASSEMBLY_PLATE-1__PICKEDSET2","ROCK","",  -661.790E-03,      -2.63513,      -2.59975,  -697.170E-03,  -261.847E-03
F:/Desktop/DeepOnet_Abaqus/StaticElasticJob.odb,Step-1,Increment      1: Step Time =    1.000,"PLATE-1",          2094,             1,   94.7117E-03,  -346.936E-03,            0.,"ASSEMBLY_PLATE-1__PICKEDSET2","ROCK","",  -528.906E-03,      -2.33391,      -2.30820,  -554.616E-03,  -213.880E-03
F:/Desktop/DeepOnet_Abaqus/StaticElasticJob.odb,Step-1,Increment      1: Step Time =    1.000,"PLATE-1",          2095,             1,  -156.196E-03,   369.439E-03,            0.,"ASSEMBLY_PLATE-1__PICKEDSET2","ROCK","",  -823.064E-03,      -2.27465,      -2.26019,  -837.526E-03,  -144.168E-03
F:/Desktop/DeepOnet_Abaqus/StaticElasticJob.odb,Step-1,Increment      1: Step Time =    1.000,"PLATE-1",          2096,             1,  -12.2880E-03,  -308.617E-03,            0.,"ASSEMBLY_PLATE-1__PICKEDSET2","ROCK","",  -379.784E-03,      -2.44318,      -2.44171,  -381.260E-03,   55.1623E-03
F:/Desktop/DeepOnet_Abaqus/StaticElasticJob.odb,Step-1,Increment      1: Step Time =    1.000,"PLATE-1",          2097,             1,   113.244E-03,  -322.209E-03,            0.,"ASSEMBLY_PLATE-1__PICKEDSET2","ROCK","",  -484.684E-03,      -2.38393,      -2.33778,  -530.832E-03,  -292.433E-03
F:/Desktop/DeepOnet_Abaqus/StaticElasticJob.odb,Step-1,Increment      1: Step Time =    1.000,"PLATE-1",          2098,             1,   386.061E-03,   170.826E-03,            0.,"ASSEMBLY_PLATE-1__PICKEDSET2","ROCK","",  -749.451E-03,      -1.83192,      -1.51837,      -1.06300,   491.015E-03
F:/Desktop/DeepOnet_Abaqus/StaticElasticJob.odb,Step-1,Increment      1: Step Time =    1.000,"PLATE-1",          2099,             1,   10.3639E-03,   301.050E-03,            0.,"ASSEMBLY_PLATE-1__PICKEDSET2","ROCK","",  -718.704E-03,      -2.72725,      -2.72525,  -720.706E-03,   63.3673E-03
F:/Desktop/DeepOnet_Abaqus/StaticElasticJob.odb,Step-1,Increment      1: Step Time =    1.000,"PLATE-1",          2100,             1,  -3.98207E-03,   318.623E-03,            0.,"ASSEMBLY_PLATE-1__PICKEDSET2","ROCK","",  -772.438E-03,      -2.60045,      -2.59971,  -773.178E-03,   36.7740E-03
F:/Desktop/DeepOnet_Abaqus/StaticElasticJob.odb,Step-1,Increment      1: Step Time =    1.000,"PLATE-1",          2101,             1,  -37.5721E-03,   322.627E-03,            0.,"ASSEMBLY_PLATE-1__PICKEDSET2","ROCK","",  -772.863E-03,      -2.56810,      -2.56737,  -773.587E-03,  -36.0514E-03
F:/Desktop/DeepOnet_Abaqus/StaticElasticJob.odb,Step-1,Increment      1: Step Time =    1.000,"PLATE-1",          2102,             1,  -19.7059E-03,   385.168E-03,            0.,"ASSEMBLY_PLATE-1__PICKEDSET2","ROCK","",  -876.028E-03,      -2.35242,      -2.35185,  -876.593E-03,   28.8745E-03
F:/Desktop/DeepOnet_Abaqus/StaticElasticJob.odb,Step-1,Increment      1: Step Time =    1.000,"PLATE-1",          2103,             1,  -320.580E-03,   170.158E-03,            0.,"ASSEMBLY_PLATE-1__PICKEDSET2","ROCK","",  -637.140E-03,      -1.89789,      -1.47806,      -1.05697,  -594.174E-03
F:/Desktop/DeepOnet_Abaqus/StaticElasticJob.odb,Step-1,Increment      1: Step Time =    1.000,"PLATE-1",          2104,             1,  -324.404E-03,   129.073E-03,            0.,"ASSEMBLY_PLATE-1__PICKEDSET2","ROCK","",  -590.847E-03,      -1.82450,      -1.25730,      -1.15805,  -614.830E-03
F:/Desktop/DeepOnet_Abaqus/StaticElasticJob.odb,Step-1,Increment      1: Step Time =    1.000,"PLATE-1",          2105,             1,   75.2409E-03,   313.574E-03,            0.,"ASSEMBLY_PLATE-1__PICKEDSET2","ROCK","",  -757.758E-03,      -2.58198,      -2.55761,  -782.129E-03,   209.440E-03
F:/Desktop/DeepOnet_Abaqus/StaticElasticJob.odb,Step-1,Increment      1: Step Time =    1.000,"PLATE-1",          2106,             1,   63.9656E-03,   331.381E-03,            0.,"ASSEMBLY_PLATE-1__PICKEDSET2","ROCK","",  -787.378E-03,      -2.53183,      -2.51582,  -803.387E-03,   166.349E-03
F:/Desktop/DeepOnet_Abaqus/StaticElasticJob.odb,Step-1,Increment      1: Step Time =    1.000,"PLATE-1",          2107,             1,   55.7676E-03,   366.547E-03,            0.,"ASSEMBLY_PLATE-1__PICKEDSET2","ROCK","",  -849.916E-03,      -2.39684,      -2.38703,  -859.727E-03,   122.803E-03
F:/Desktop/DeepOnet_Abaqus/StaticElasticJob.odb,Step-1,Increment      1: Step Time =    1.000,"PLATE-1",          2108,             1,   21.7460E-03,   343.276E-03,            0.,"ASSEMBLY_PLATE-1__PICKEDSET2","ROCK","",  -822.028E-03,      -2.48989,      -2.48514,  -826.780E-03,   88.8923E-03
F:/Desktop/DeepOnet_Abaqus/StaticElasticJob.odb,Step-1,Increment      1: Step Time =    1.000,"PLATE-1",          2109,             1,   488.522E-03,  -172.264E-03,            0.,"ASSEMBLY_PLATE-1__PICKEDSET2","ROCK","",      -1.02679,      -1.67606,      -1.53788,      -1.16496,  -265.742E-03
F:/Desktop/DeepOnet_Abaqus/StaticElasticJob.odb,Step-1,Increment      1: Step Time =    1.000,"PLATE-1",          2110,             1,  -330.048E-03,   336.065E-03,            0.,"ASSEMBLY_PLATE-1__PICKEDSET2","ROCK","",  -809.919E-03,      -2.03625,      -1.95814,  -888.030E-03,  -299.478E-03
F:/Desktop/DeepOnet_Abaqus/StaticElasticJob.odb,Step-1,Increment      1: Step Time =    1.000,"PLATE-1",          2111,             1,  -331.470E-03,   294.913E-03,            0.,"ASSEMBLY_PLATE-1__PICKEDSET2","ROCK","",  -780.949E-03,      -2.01189,      -1.88917,  -903.675E-03,  -368.792E-03
F:/Desktop/DeepOnet_Abaqus/StaticElasticJob.odb,Step-1,Increment      1: Step Time =    1.000,"PLATE-1",          2112,             1,  -212.350E-03,   365.694E-03,            0.,"ASSEMBLY_PLATE-1__PICKEDSET2","ROCK","",  -812.454E-03,      -2.19354,      -2.16421,  -841.788E-03,  -199.130E-03
F:/Desktop/DeepOnet_Abaqus/StaticElasticJob.odb,Step-1,Increment      1: Step Time =    1.000,"PLATE-1",          2113,             1,   249.251E-03,   268.547E-03,            0.,"ASSEMBLY_PLATE-1__PICKEDSET2","ROCK","",  -649.980E-03,      -2.26035,      -2.09416,  -816.168E-03,   489.903E-03
F:/Desktop/DeepOnet_Abaqus/StaticElasticJob.odb,Step-1,Increment      1: Step Time =    1.000,"PLATE-1",          2114,             1,   254.212E-03,   324.504E-03,            0.,"ASSEMBLY_PLATE-1__PICKEDSET2","ROCK","",  -727.547E-03,      -2.22263,      -2.13558,  -814.601E-03,   350.106E-03
F:/Desktop/DeepOnet_Abaqus/StaticElasticJob.odb,Step-1,Increment      1: Step Time =    1.000,"PLATE-1",          2115,             1,  -410.064E-03,  -31.3735E-03,            0.,"ASSEMBLY_PLATE-1__PICKEDSET2","ROCK","",  -973.128E-03,      -1.50301,  -997.078E-03,      -1.47906,   110.077E-03
F:/Desktop/DeepOnet_Abaqus/StaticElasticJob.odb,Step-1,Increment      1: Step Time =    1.000,"PLATE-1",          2116,             1,  -361.901E-03,  -63.7747E-03,            0.,"ASSEMBLY_PLATE-1__PICKEDSET2","ROCK","",  -709.397E-03,      -1.69798,  -809.932E-03,      -1.59744,   298.797E-03
F:/Desktop/DeepOnet_Abaqus/StaticElasticJob.odb,Step-1,Increment      1: Step Time =    1.000,"PLATE-1",          2117,             1,  -411.989E-03,  -68.0685E-03,            0.,"ASSEMBLY_PLATE-1__PICKEDSET2","ROCK","",  -966.826E-03,      -1.57545,      -1.10163,      -1.44065,   252.728E-03
F:/Desktop/DeepOnet_Abaqus/StaticElasticJob.odb,Step-1,Increment      1: Step Time =    1.000,"PLATE-1",          2118,             1,  -188.277E-03,  -260.195E-03,            0.,"ASSEMBLY_PLATE-1__PICKEDSET2","ROCK","",  -510.022E-03,      -2.58086,      -2.32813,  -762.750E-03,   677.855E-03
F:/Desktop/DeepOnet_Abaqus/StaticElasticJob.odb,Step-1,Increment      1: Step Time =    1.000,"PLATE-1",          2119,             1,  -131.570E-03,  -295.113E-03,            0.,"ASSEMBLY_PLATE-1__PICKEDSET2","ROCK","",  -443.662E-03,      -2.48281,      -2.38932,  -537.149E-03,   426.489E-03
F:/Desktop/DeepOnet_Abaqus/StaticElasticJob.odb,Step-1,Increment      1: Step Time =    1.000,"PLATE-1",          2120,             1,  -181.928E-03,  -299.153E-03,            0.,"ASSEMBLY_PLATE-1__PICKEDSET2","ROCK","",  -612.575E-03,      -2.39025,      -2.23860,  -764.223E-03,   496.571E-03
F:/Desktop/DeepOnet_Abaqus/StaticElasticJob.odb,Step-1,Increment      1: Step Time =    1.000,"PLATE-1",          2121,             1,   232.779E-03,   413.903E-03,            0.,"ASSEMBLY_PLATE-1__PICKEDSET2","ROCK","",  -819.292E-03,      -2.17708,      -2.14499,  -851.380E-03,   206.249E-03
F:/Desktop/DeepOnet_Abaqus/StaticElasticJob.odb,Step-1,Increment      1: Step Time =    1.000,"PLATE-1",          2122,             1,  -110.582E-03,  -285.714E-03,            0.,"ASSEMBLY_PLATE-1__PICKEDSET2","ROCK","",  -370.077E-03,      -2.51644,      -2.44684,  -439.676E-03,   380.186E-03
F:/Desktop/DeepOnet_Abaqus/StaticElasticJob.odb,Step-1,Increment      1: Step Time =    1.000,"PLATE-1",          2123,             1,   5.32187E-03,      -1.26992,            0.,"ASSEMBLY_PLATE-1__PICKEDSET2","ROCK","",  -981.518E-03,      -1.82639,      -1.82630,  -981.608E-03,   8.70286E-03
F:/Desktop/DeepOnet_Abaqus/StaticElasticJob.odb,Step-1,Increment      1: Step Time =    1.000,"PLATE-1",          2124,             1,  -415.192E-03,   241.826E-03,            0.,"ASSEMBLY_PLATE-1__PICKEDSET2","ROCK","",  -862.628E-03,      -1.83685,      -1.67015,      -1.02933,  -366.897E-03
F:/Desktop/DeepOnet_Abaqus/StaticElasticJob.odb,Step-1,Increment      1: Step Time =    1.000,"PLATE-1",          2125,             1,  -417.148E-03,   113.767E-03,            0.,"ASSEMBLY_PLATE-1__PICKEDSET2","ROCK","",  -918.902E-03,      -1.60285,      -1.26778,      -1.25397,  -341.904E-03
F:/Desktop/DeepOnet_Abaqus/StaticElasticJob.odb,Step-1,Increment      1: Step Time =    1.000,"PLATE-1",          2126,             1,  -370.671E-03,  -133.089E-03,            0.,"ASSEMBLY_PLATE-1__PICKEDSET2","ROCK","",  -853.126E-03,      -1.87561,      -1.34988,      -1.37885,   511.036E-03
F:/Desktop/DeepOnet_Abaqus/StaticElasticJob.odb,Step-1,Increment      1: Step Time =    1.000,"PLATE-1",          2127,             1,  -343.662E-03,  -120.132E-03,            0.,"ASSEMBLY_PLATE-1__PICKEDSET2","ROCK","",  -683.174E-03,      -2.05973,      -1.23783,      -1.50507,   675.184E-03
F:/Desktop/DeepOnet_Abaqus/StaticElasticJob.odb,Step-1,Increment      1: Step Time =    1.000,"PLATE-1",          2128,             1,  -368.421E-03,  -173.982E-03,            0.,"ASSEMBLY_PLATE-1__PICKEDSET2","ROCK","",  -884.005E-03,      -1.98285,      -1.62067,      -1.24619,   516.535E-03
F:/Desktop/DeepOnet_Abaqus/StaticElasticJob.odb,Step-1,Increment      1: Step Time =    1.000,"PLATE-1",          2129,             1,  -361.848E-03,  -152.176E-03,            0.,"ASSEMBLY_PLATE-1__PICKEDSET2","ROCK","",  -836.809E-03,      -2.00143,      -1.48152,      -1.35672,   578.959E-03
F:/Desktop/DeepOnet_Abaqus/StaticElasticJob.odb,Step-1,Increment      1: Step Time =    1.000,"PLATE-1",          2130,             1,   81.5580E-03,   349.816E-03,            0.,"ASSEMBLY_PLATE-1__PICKEDSET2","ROCK","",  -819.054E-03,      -2.43614,      -2.41654,  -838.652E-03,   176.941E-03
F:/Desktop/DeepOnet_Abaqus/StaticElasticJob.odb,Step-1,Increment      1: Step Time =    1.000,"PLATE-1",          2131,             1,   116.659E-03,   419.466E-03,            0.,"ASSEMBLY_PLATE-1__PICKEDSET2","ROCK","",  -879.215E-03,      -2.25318,      -2.23982,  -892.582E-03,   134.862E-03
F:/Desktop/DeepOnet_Abaqus/StaticElasticJob.odb,Step-1,Increment      1: Step Time =    1.000,"PLATE-1",          2132,             1,   414.189E-03,  -234.546E-03,            0.,"ASSEMBLY_PLATE-1__PICKEDSET2","ROCK","",  -948.163E-03,      -1.86496,      -1.72356,      -1.08957,  -331.124E-03
F:/Desktop/DeepOnet_Abaqus/StaticElasticJob.odb,Step-1,Increment      1: Step Time =    1.000,"PLATE-1",          2133,             1,  -83.4223E-03,  -355.820E-03,            0.,"ASSEMBLY_PLATE-1__PICKEDSET2","ROCK","",  -549.093E-03,      -2.33232,      -2.30529,  -576.125E-03,   217.885E-03
F:/Desktop/DeepOnet_Abaqus/StaticElasticJob.odb,Step-1,Increment      1: Step Time =    1.000,"PLATE-1",          2134,             1,  -82.9197E-03,  -312.653E-03,            0.,"ASSEMBLY_PLATE-1__PICKEDSET2","ROCK","",  -448.570E-03,      -2.42336,      -2.38866,  -483.277E-03,   259.490E-03
F:/Desktop/DeepOnet_Abaqus/StaticElasticJob.odb,Step-1,Increment      1: Step Time =    1.000,"PLATE-1",          2135,             1,  -111.121E-03,  -319.919E-03,            0.,"ASSEMBLY_PLATE-1__PICKEDSET2","ROCK","",  -495.415E-03,      -2.40963,      -2.34735,  -557.690E-03,   339.601E-03
F:/Desktop/DeepOnet_Abaqus/StaticElasticJob.odb,Step-1,Increment      1: Step Time =    1.000,"PLATE-1",          2136,             1,  -41.7423E-03,  -357.904E-03,            0.,"ASSEMBLY_PLATE-1__PICKEDSET2","ROCK","",  -509.142E-03,      -2.35143,      -2.34225,  -518.326E-03,   129.746E-03
F:/Desktop/DeepOnet_Abaqus/StaticElasticJob.odb,Step-1,Increment      1: Step Time =    1.000,"PLATE-1",          2137,             1,   478.943E-03,  -97.4667E-03,            0.,"ASSEMBLY_PLATE-1__PICKEDSET2","ROCK","",      -1.10840,      -1.51659,      -1.36717,      -1.25782,  -196.634E-03
F:/Desktop/DeepOnet_Abaqus/StaticElasticJob.odb,Step-1,Increment      1: Step Time =    1.000,"PLATE-1",          2138,             1,   532.280E-03,  -163.551E-03,            0.,"ASSEMBLY_PLATE-1__PICKEDSET2","ROCK","",      -1.06073,      -1.62904,      -1.53827,      -1.15150,  -208.195E-03
F:/Desktop/DeepOnet_Abaqus/StaticElasticJob.odb,Step-1,Increment      1: Step Time =    1.000,"PLATE-1",          2139,             1,  -108.976E-03,   307.240E-03,            0.,"ASSEMBLY_PLATE-1__PICKEDSET2","ROCK","",  -724.895E-03,      -2.51536,      -2.49288,  -747.382E-03,  -199.392E-03
F:/Desktop/DeepOnet_Abaqus/StaticElasticJob.odb,Step-1,Increment      1: Step Time =    1.000,"PLATE-1",          2140,             1,  -104.668E-03,   329.858E-03,            0.,"ASSEMBLY_PLATE-1__PICKEDSET2","ROCK","",  -763.863E-03,      -2.46159,      -2.44597,  -779.479E-03,  -162.075E-03
F:/Desktop/DeepOnet_Abaqus/StaticElasticJob.odb,Step-1,Increment      1: Step Time =    1.000,"PLATE-1",          2141,             1,   180.520E-03,  -312.219E-03,            0.,"ASSEMBLY_PLATE-1__PICKEDSET2","ROCK","",  -593.513E-03,      -2.34669,      -2.22112,  -719.082E-03,  -452.081E-03
F:/Desktop/DeepOnet_Abaqus/StaticElasticJob.odb,Step-1,Increment      1: Step Time =    1.000,"PLATE-1",          2142,             1,   141.462E-03,  -344.472E-03,            0.,"ASSEMBLY_PLATE-1__PICKEDSET2","ROCK","",  -589.664E-03,      -2.30209,      -2.24168,  -650.070E-03,  -315.898E-03
F:/Desktop/DeepOnet_Abaqus/StaticElasticJob.odb,Step-1,Increment      1: Step Time =    1.000,"PLATE-1",          2143,             1,   204.781E-03,  -308.860E-03,            0.,"ASSEMBLY_PLATE-1__PICKEDSET2","ROCK","",  -679.407E-03,      -2.28426,      -2.14494,  -818.731E-03,  -451.866E-03
F:/Desktop/DeepOnet_Abaqus/StaticElasticJob.odb,Step-1,Increment      1: Step Time =    1.000,"PLATE-1",          2144,             1,   495.804E-03,  -201.891E-03,            0.,"ASSEMBLY_PLATE-1__PICKEDSET2","ROCK","",      -1.01284,      -1.71793,      -1.61760,      -1.11317,  -246.316E-03
F:/Desktop/DeepOnet_Abaqus/StaticElasticJob.odb,Step-1,Increment      1: Step Time =    1.000,"PLATE-1",          2145,             1,   462.841E-03,  -197.743E-03,            0.,"ASSEMBLY_PLATE-1__PICKEDSET2","ROCK","",  -992.036E-03,      -1.74436,      -1.59775,      -1.13864,  -297.995E-03
F:/Desktop/DeepOnet_Abaqus/StaticElasticJob.odb,Step-1,Increment      1: Step Time =    1.000,"PLATE-1",          2146,             1,   505.380E-03,  -232.846E-03,            0.,"ASSEMBLY_PLATE-1__PICKEDSET2","ROCK","",      -1.00795,      -1.73958,      -1.65837,      -1.08916,  -229.821E-03
F:/Desktop/DeepOnet_Abaqus/StaticElasticJob.odb,Step-1,Increment      1: Step Time =    1.000,"PLATE-1",          2147,             1,  -220.675E-03,  -253.279E-03,            0.,"ASSEMBLY_PLATE-1__PICKEDSET2","ROCK","",  -691.731E-03,      -2.47491,      -2.16725,  -999.392E-03,   673.764E-03
F:/Desktop/DeepOnet_Abaqus/StaticElasticJob.odb,Step-1,Increment      1: Step Time =    1.000,"PLATE-1",          2148,             1,  -204.150E-03,  -268.526E-03,            0.,"ASSEMBLY_PLATE-1__PICKEDSET2","ROCK","",  -657.900E-03,      -2.44417,      -2.19174,  -910.335E-03,   622.250E-03
F:/Desktop/DeepOnet_Abaqus/StaticElasticJob.odb,Step-1,Increment      1: Step Time =    1.000,"PLATE-1",          2149,             1,  -276.658E-03,  -315.105E-03,            0.,"ASSEMBLY_PLATE-1__PICKEDSET2","ROCK","",  -898.836E-03,      -2.12582,      -1.97886,      -1.04579,   398.387E-03
F:/Desktop/DeepOnet_Abaqus/StaticElasticJob.odb,Step-1,Increment      1: Step Time =    1.000,"PLATE-1",          2150,             1,   410.770E-03,  -38.9739E-03,            0.,"ASSEMBLY_PLATE-1__PICKEDSET2","ROCK","",  -980.542E-03,      -1.45942,  -996.165E-03,      -1.44379,  -85.0738E-03
F:/Desktop/DeepOnet_Abaqus/StaticElasticJob.odb,Step-1,Increment      1: Step Time =    1.000,"PLATE-1",          2151,             1,   439.398E-03,  -14.5714E-03,            0.,"ASSEMBLY_PLATE-1__PICKEDSET2","ROCK","",      -1.09817,      -1.38390,      -1.09823,      -1.38384,  -4.26781E-03
F:/Desktop/DeepOnet_Abaqus/StaticElasticJob.odb,Step-1,Increment      1: Step Time =    1.000,"PLATE-1",          2152,             1,   452.098E-03,   35.3250E-03,            0.,"ASSEMBLY_PLATE-1__PICKEDSET2","ROCK","",      -1.07508,      -1.42293,      -1.18089,      -1.31712,   160.035E-03
F:/Desktop/DeepOnet_Abaqus/StaticElasticJob.odb,Step-1,Increment      1: Step Time =    1.000,"PLATE-1",          2153,             1,       1.17077,      -1.20705,            0.,"ASSEMBLY_PLATE-1__PICKEDSET2","ROCK","",  -986.560E-03,      -1.78885,      -1.78789,  -987.527E-03,  -27.8388E-03
F:/Desktop/DeepOnet_Abaqus/StaticElasticJob.odb,Step-1,Increment      1: Step Time =    1.000,"PLATE-1",          2154,             1,       1.24760,      -1.25071,            0.,"ASSEMBLY_PLATE-1__PICKEDSET2","ROCK","",  -987.930E-03,      -1.78677,      -1.78593,  -988.777E-03,  -25.9933E-03
F:/Desktop/DeepOnet_Abaqus/StaticElasticJob.odb,Step-1,Increment      1: Step Time =    1.000,"PLATE-1",          2155,             1,  -689.391E-03,       1.31246,            0.,"ASSEMBLY_PLATE-1__PICKEDSET2","ROCK","",      -1.06259,      -1.63203,      -1.61407,      -1.08055,   99.5142E-03
F:/Desktop/DeepOnet_Abaqus/StaticElasticJob.odb,Step-1,Increment      1: Step Time =    1.000,"PLATE-1",          2156,             1,  -676.643E-03,       1.38857,            0.,"ASSEMBLY_PLATE-1__PICKEDSET2","ROCK","",      -1.09717,      -1.57174,      -1.56184,      -1.10708,   67.8498E-03
F:/Desktop/DeepOnet_Abaqus/StaticElasticJob.odb,Step-1,Increment      1: Step Time =    1.000,"PLATE-1",          2157,             1,  -621.897E-03,       1.29538,            0.,"ASSEMBLY_PLATE-1__PICKEDSET2","ROCK","",      -1.06550,      -1.63444,      -1.60543,      -1.09451,   125.161E-03
F:/Desktop/DeepOnet_Abaqus/StaticElasticJob.odb,Step-1,Increment      1: Step Time =    1.000,"PLATE-1",          2158,             1,      -1.30892,   709.515E-03,            0.,"ASSEMBLY_PLATE-1__PICKEDSET2","ROCK","",      -1.01810,      -1.75178,      -1.75176,      -1.01812,   3.95478E-03
F:/Desktop/DeepOnet_Abaqus/StaticElasticJob.odb,Step-1,Increment      1: Step Time =    1.000,"PLATE-1",          2159,             1,   884.991E-03,      -1.23524,            0.,"ASSEMBLY_PLATE-1__PICKEDSET2","ROCK","",  -982.910E-03,      -1.80067,      -1.79994,  -983.637E-03,  -24.3647E-03
F:/Desktop/DeepOnet_Abaqus/StaticElasticJob.odb,Step-1,Increment      1: Step Time =    1.000,"PLATE-1",          2160,             1,   368.258E-03,  -369.249E-03,            0.,"ASSEMBLY_PLATE-1__PICKEDSET2","ROCK","",  -935.693E-03,      -1.93225,      -1.87373,  -994.209E-03,  -234.287E-03
F:/Desktop/DeepOnet_Abaqus/StaticElasticJob.odb,Step-1,Increment      1: Step Time =    1.000,"PLATE-1",          2161,             1,   283.051E-03,  -402.610E-03,            0.,"ASSEMBLY_PLATE-1__PICKEDSET2","ROCK","",  -882.624E-03,      -2.00895,      -1.95236,  -939.218E-03,  -246.050E-03
F:/Desktop/DeepOnet_Abaqus/StaticElasticJob.odb,Step-1,Increment      1: Step Time =    1.000,"PLATE-1",          2162,             1,  -339.326E-03,  -296.814E-03,            0.,"ASSEMBLY_PLATE-1__PICKEDSET2","ROCK","",  -967.248E-03,      -2.02395,      -1.89401,      -1.09719,   347.023E-03
F:/Desktop/DeepOnet_Abaqus/StaticElasticJob.odb,Step-1,Increment      1: Step Time =    1.000,"PLATE-1",          2163,             1,   6.67983E-03,  -387.365E-03,            0.,"ASSEMBLY_PLATE-1__PICKEDSET2","ROCK","",  -582.479E-03,      -2.27777,      -2.27776,  -582.482E-03,   2.51871E-03
F:/Desktop/DeepOnet_Abaqus/StaticElasticJob.odb,Step-1,Increment      1: Step Time =    1.000,"PLATE-1",          2164,             1,   78.9472E-03,  -377.253E-03,            0.,"ASSEMBLY_PLATE-1__PICKEDSET2","ROCK","",  -574.229E-03,      -2.28711,      -2.27313,  -588.208E-03,  -154.109E-03
F:/Desktop/DeepOnet_Abaqus/StaticElasticJob.odb,Step-1,Increment      1: Step Time =    1.000,"PLATE-1",          2165,             1,   169.786E-03,  -363.944E-03,            0.,"ASSEMBLY_PLATE-1__PICKEDSET2","ROCK","",  -683.373E-03,      -2.22288,      -2.15403,  -752.224E-03,  -318.209E-03
F:/Desktop/DeepOnet_Abaqus/StaticElasticJob.odb,Step-1,Increment      1: Step Time =    1.000,"PLATE-1",          2166,             1,   125.578E-03,  -373.992E-03,            0.,"ASSEMBLY_PLATE-1__PICKEDSET2","ROCK","",  -633.910E-03,      -2.24526,      -2.20981,  -669.361E-03,  -236.363E-03
F:/Desktop/DeepOnet_Abaqus/StaticElasticJob.odb,Step-1,Increment      1: Step Time =    1.000,"PLATE-1",          2167,             1,  -99.7667E-03,  -301.557E-03,            0.,"ASSEMBLY_PLATE-1__PICKEDSET2","ROCK","",  -414.729E-03,      -2.47013,      -2.41633,  -468.528E-03,   328.151E-03
F:/Desktop/DeepOnet_Abaqus/StaticElasticJob.odb,Step-1,Increment      1: Step Time =    1.000,"PLATE-1",          2168,             1,  -466.651E-03,   43.7012E-03,            0.,"ASSEMBLY_PLATE-1__PICKEDSET2","ROCK","",      -1.13346,      -1.41307,      -1.19467,      -1.35186,  -115.619E-03
F:/Desktop/DeepOnet_Abaqus/StaticElasticJob.odb,Step-1,Increment      1: Step Time =    1.000,"PLATE-1",          2169,             1,   98.3243E-03,  -299.105E-03,            0.,"ASSEMBLY_PLATE-1__PICKEDSET2","ROCK","",  -405.447E-03,      -2.43644,      -2.40067,  -441.213E-03,  -267.137E-03
F:/Desktop/DeepOnet_Abaqus/StaticElasticJob.odb,Step-1,Increment      1: Step Time =    1.000,"PLATE-1",          2170,             1,   48.2217E-03,   345.710E-03,            0.,"ASSEMBLY_PLATE-1__PICKEDSET2","ROCK","",  -816.862E-03,      -2.48636,      -2.47400,  -829.226E-03,   143.138E-03
F:/Desktop/DeepOnet_Abaqus/StaticElasticJob.odb,Step-1,Increment      1: Step Time =    1.000,"PLATE-1",          2171,             1,   35.8532E-03,   329.207E-03,            0.,"ASSEMBLY_PLATE-1__PICKEDSET2","ROCK","",  -787.976E-03,      -2.55665,      -2.54828,  -796.347E-03,   121.393E-03
F:/Desktop/DeepOnet_Abaqus/StaticElasticJob.odb,Step-1,Increment      1: Step Time =    1.000,"PLATE-1",          2172,             1,   208.106E-03,  -256.630E-03,            0.,"ASSEMBLY_PLATE-1__PICKEDSET2","ROCK","",  -617.321E-03,      -2.46510,      -2.19058,  -891.837E-03,  -657.179E-03
F:/Desktop/DeepOnet_Abaqus/StaticElasticJob.odb,Step-1,Increment      1: Step Time =    1.000,"PLATE-1",          2173,             1,   217.018E-03,  -270.564E-03,            0.,"ASSEMBLY_PLATE-1__PICKEDSET2","ROCK","",  -651.098E-03,      -2.39204,      -2.16481,  -878.321E-03,  -586.473E-03
F:/Desktop/DeepOnet_Abaqus/StaticElasticJob.odb,Step-1,Increment      1: Step Time =    1.000,"PLATE-1",          2174,             1,  -433.884E-03,   204.511E-03,            0.,"ASSEMBLY_PLATE-1__PICKEDSET2","ROCK","",  -895.028E-03,      -1.75738,      -1.56191,      -1.09050,  -361.053E-03
F:/Desktop/DeepOnet_Abaqus/StaticElasticJob.odb,Step-1,Increment      1: Step Time =    1.000,"PLATE-1",          2175,             1,   198.705E-03,  -336.955E-03,            0.,"ASSEMBLY_PLATE-1__PICKEDSET2","ROCK","",  -704.981E-03,      -2.23524,      -2.12927,  -810.950E-03,  -388.498E-03
F:/Desktop/DeepOnet_Abaqus/StaticElasticJob.odb,Step-1,Increment      1: Step Time =    1.000,"PLATE-1",          2176,             1,       1.23053,       1.37195,            0.,"ASSEMBLY_PLATE-1__PICKEDSET2","ROCK","",      -1.07080,      -1.60327,      -1.60132,      -1.07275,   32.1742E-03
F:/Desktop/DeepOnet_Abaqus/StaticElasticJob.odb,Step-1,Increment      1: Step Time =    1.000,"PLATE-1",          2177,             1,   38.0229E-03,   837.593E-03,            0.,"ASSEMBLY_PLATE-1__PICKEDSET2","ROCK","",      -1.04246,      -2.12786,      -2.11437,      -1.05596,   120.285E-03
F:/Desktop/DeepOnet_Abaqus/StaticElasticJob.odb,Step-1,Increment      1: Step Time =    1.000,"PLATE-1",          2178,             1,   8.63909E-03,   779.727E-03,            0.,"ASSEMBLY_PLATE-1__PICKEDSET2","ROCK","",      -1.04776,      -2.10258,      -2.09575,      -1.05458,   84.5730E-03
F:/Desktop/DeepOnet_Abaqus/StaticElasticJob.odb,Step-1,Increment      1: Step Time =    1.000,"PLATE-1",          2179,             1,  -34.6316E-03,  -316.605E-03,            0.,"ASSEMBLY_PLATE-1__PICKEDSET2","ROCK","",  -403.555E-03,      -2.42986,      -2.42298,  -410.434E-03,   117.863E-03
F:/Desktop/DeepOnet_Abaqus/StaticElasticJob.odb,Step-1,Increment      1: Step Time =    1.000,"PLATE-1",          2180,             1,  -19.9233E-03,  -373.035E-03,            0.,"ASSEMBLY_PLATE-1__PICKEDSET2","ROCK","",  -545.197E-03,      -2.31175,      -2.30943,  -547.512E-03,   63.9185E-03
F:/Desktop/DeepOnet_Abaqus/StaticElasticJob.odb,Step-1,Increment      1: Step Time =    1.000,"PLATE-1",          2181,             1,   120.556E-03,  -297.147E-03,            0.,"ASSEMBLY_PLATE-1__PICKEDSET2","ROCK","",  -440.038E-03,      -2.42950,      -2.36651,  -503.025E-03,  -348.344E-03
F:/Desktop/DeepOnet_Abaqus/StaticElasticJob.odb,Step-1,Increment      1: Step Time =    1.000,"PLATE-1",          2182,             1,   377.663E-03,  -285.743E-03,            0.,"ASSEMBLY_PLATE-1__PICKEDSET2","ROCK","",  -942.904E-03,      -1.92560,      -1.81953,      -1.04898,  -304.935E-03
F:/Desktop/DeepOnet_Abaqus/StaticElasticJob.odb,Step-1,Increment      1: Step Time =    1.000,"PLATE-1",          2183,             1,   405.190E-03,  -267.237E-03,            0.,"ASSEMBLY_PLATE-1__PICKEDSET2","ROCK","",  -954.589E-03,      -1.87549,      -1.77192,      -1.05816,  -290.949E-03
F:/Desktop/DeepOnet_Abaqus/StaticElasticJob.odb,Step-1,Increment      1: Step Time =    1.000,"PLATE-1",          2184,             1,  -145.263E-03,  -369.447E-03,            0.,"ASSEMBLY_PLATE-1__PICKEDSET2","ROCK","",  -661.834E-03,      -2.25967,      -2.19871,  -722.796E-03,   306.089E-03
F:/Desktop/DeepOnet_Abaqus/StaticElasticJob.odb,Step-1,Increment      1: Step Time =    1.000,"PLATE-1",          2185,             1,  -380.914E-03,  -156.019E-03,            0.,"ASSEMBLY_PLATE-1__PICKEDSET2","ROCK","",  -898.069E-03,      -1.88187,      -1.52334,      -1.25660,   473.474E-03
F:/Desktop/DeepOnet_Abaqus/StaticElasticJob.odb,Step-1,Increment      1: Step Time =    1.000,"PLATE-1",          2186,             1,  -408.853E-03,  -155.879E-03,            0.,"ASSEMBLY_PLATE-1__PICKEDSET2","ROCK","",  -956.225E-03,      -1.83048,      -1.52491,      -1.26179,   416.858E-03
F:/Desktop/DeepOnet_Abaqus/StaticElasticJob.odb,Step-1,Increment      1: Step Time =    1.000,"PLATE-1",          2187,             1,  -137.657E-03,  -334.265E-03,            0.,"ASSEMBLY_PLATE-1__PICKEDSET2","ROCK","",  -577.578E-03,      -2.34869,      -2.27614,  -650.128E-03,   351.043E-03
F:/Desktop/DeepOnet_Abaqus/StaticElasticJob.odb,Step-1,Increment      1: Step Time =    1.000,"PLATE-1",          2188,             1,  -65.0717E-03,  -327.640E-03,            0.,"ASSEMBLY_PLATE-1__PICKEDSET2","ROCK","",  -461.871E-03,      -2.39925,      -2.37873,  -482.390E-03,   198.322E-03
F:/Desktop/DeepOnet_Abaqus/StaticElasticJob.odb,Step-1,Increment      1: Step Time =    1.000,"PLATE-1",          2189,             1,   23.3930E-03,   314.228E-03,            0.,"ASSEMBLY_PLATE-1__PICKEDSET2","ROCK","",  -759.888E-03,      -2.63277,      -2.62750,  -765.152E-03,   99.1463E-03
F:/Desktop/DeepOnet_Abaqus/StaticElasticJob.odb,Step-1,Increment      1: Step Time =    1.000,"PLATE-1",          2190,             1,   10.6861E-03,   330.186E-03,            0.,"ASSEMBLY_PLATE-1__PICKEDSET2","ROCK","",  -791.497E-03,      -2.56242,      -2.55979,  -794.128E-03,   68.2139E-03
F:/Desktop/DeepOnet_Abaqus/StaticElasticJob.odb,Step-1,Increment      1: Step Time =    1.000,"PLATE-1",          2191,             1,   4.42902E-03,   349.902E-03,            0.,"ASSEMBLY_PLATE-1__PICKEDSET2","ROCK","",  -829.007E-03,      -2.47064,      -2.46872,  -830.928E-03,   56.1115E-03
F:/Desktop/DeepOnet_Abaqus/StaticElasticJob.odb,Step-1,Increment      1: Step Time =    1.000,"PLATE-1",          2192,             1,       1.32770,  -893.839E-03,            0.,"ASSEMBLY_PLATE-1__PICKEDSET2","ROCK","",  -989.602E-03,      -1.77779,      -1.77588,  -991.511E-03,  -38.7425E-03
F:/Desktop/DeepOnet_Abaqus/StaticElasticJob.odb,Step-1,Increment      1: Step Time =    1.000,"PLATE-1",          2193,             1,       1.19130,  -969.033E-03,            0.,"ASSEMBLY_PLATE-1__PICKEDSET2","ROCK","",  -986.879E-03,      -1.78501,      -1.78328,  -988.610E-03,  -37.1376E-03
F:/Desktop/DeepOnet_Abaqus/StaticElasticJob.odb,Step-1,Increment      1: Step Time =    1.000,"PLATE-1",          2194,             1,   123.676E-03,  -438.015E-03,            0.,"ASSEMBLY_PLATE-1__PICKEDSET2","ROCK","",  -715.481E-03,      -2.15831,      -2.13920,  -734.592E-03,  -164.948E-03
F:/Desktop/DeepOnet_Abaqus/StaticElasticJob.odb,Step-1,Increment      1: Step Time =    1.000,"PLATE-1",          2195,             1,  -203.148E-03,  -251.582E-03,            0.,"ASSEMBLY_PLATE-1__PICKEDSET2","ROCK","",  -564.438E-03,      -2.60441,      -2.29183,  -877.019E-03,   734.813E-03
F:/Desktop/DeepOnet_Abaqus/StaticElasticJob.odb,Step-1,Increment      1: Step Time =    1.000,"PLATE-1",          2196,             1,  -212.523E-03,  -298.725E-03,            0.,"ASSEMBLY_PLATE-1__PICKEDSET2","ROCK","",  -727.557E-03,      -2.31291,      -2.13633,  -904.137E-03,   498.759E-03
F:/Desktop/DeepOnet_Abaqus/StaticElasticJob.odb,Step-1,Increment      1: Step Time =    1.000,"PLATE-1",          2197,             1,  -166.846E-03,  -285.482E-03,            0.,"ASSEMBLY_PLATE-1__PICKEDSET2","ROCK","",  -521.079E-03,      -2.48801,      -2.32037,  -688.720E-03,   549.213E-03
F:/Desktop/DeepOnet_Abaqus/StaticElasticJob.odb,Step-1,Increment      1: Step Time =    1.000,"PLATE-1",          2198,             1,  -180.926E-03,  -324.672E-03,            0.,"ASSEMBLY_PLATE-1__PICKEDSET2","ROCK","",  -665.953E-03,      -2.31611,      -2.18885,  -793.210E-03,   440.226E-03
F:/Desktop/DeepOnet_Abaqus/StaticElasticJob.odb,Step-1,Increment      1: Step Time =    1.000,"PLATE-1",          2199,             1,  -154.073E-03,  -311.442E-03,            0.,"ASSEMBLY_PLATE-1__PICKEDSET2","ROCK","",  -556.212E-03,      -2.39715,      -2.28533,  -668.024E-03,   439.700E-03
F:/Desktop/DeepOnet_Abaqus/StaticElasticJob.odb,Step-1,Increment      1: Step Time =    1.000,"PLATE-1",          2200,             1,   245.233E-03,  -422.314E-03,            0.,"ASSEMBLY_PLATE-1__PICKEDSET2","ROCK","",  -852.881E-03,      -2.03676,      -1.98925,  -900.389E-03,  -232.350E-03
F:/Desktop/DeepOnet_Abaqus/StaticElasticJob.odb,Step-1,Increment      1: Step Time =    1.000,"PLATE-1",          2201,             1,   401.208E-03,   93.6989E-03,            0.,"ASSEMBLY_PLATE-1__PICKEDSET2","ROCK","",  -814.787E-03,      -1.65032,      -1.21649,      -1.24862,   417.459E-03
F:/Desktop/DeepOnet_Abaqus/StaticElasticJob.odb,Step-1,Increment      1: Step Time =    1.000,"PLATE-1",          2202,             1,  -133.846E-03,   403.356E-03,            0.,"ASSEMBLY_PLATE-1__PICKEDSET2","ROCK","",  -866.404E-03,      -2.24512,      -2.24000,  -871.527E-03,  -83.8810E-03
F:/Desktop/DeepOnet_Abaqus/StaticElasticJob.odb,Step-1,Increment      1: Step Time =    1.000,"PLATE-1",          2203,             1,  -158.760E-03,   433.809E-03,            0.,"ASSEMBLY_PLATE-1__PICKEDSET2","ROCK","",  -890.195E-03,      -2.18087,      -2.17635,  -894.712E-03,  -76.2217E-03
F:/Desktop/DeepOnet_Abaqus/StaticElasticJob.odb,Step-1,Increment      1: Step Time =    1.000,"PLATE-1",          2204,             1,  -291.179E-03,   333.521E-03,            0.,"ASSEMBLY_PLATE-1__PICKEDSET2","ROCK","",  -788.301E-03,      -2.09277,      -2.01904,  -862.035E-03,  -301.242E-03
F:/Desktop/DeepOnet_Abaqus/StaticElasticJob.odb,Step-1,Increment      1: Step Time =    1.000,"PLATE-1",          2205,             1,   399.474E-03,   264.232E-03,            0.,"ASSEMBLY_PLATE-1__PICKEDSET2","ROCK","",  -781.685E-03,      -1.93578,      -1.78416,  -933.309E-03,   389.870E-03
F:/Desktop/DeepOnet_Abaqus/StaticElasticJob.odb,Step-1,Increment      1: Step Time =    1.000,"PLATE-1",          2206,             1,  -73.1682E-03,   378.171E-03,            0.,"ASSEMBLY_PLATE-1__PICKEDSET2","ROCK","",  -863.303E-03,      -2.33585,      -2.33515,  -864.004E-03,  -32.1148E-03
F:/Desktop/DeepOnet_Abaqus/StaticElasticJob.odb,Step-1,Increment      1: Step Time =    1.000,"PLATE-1",          2207,             1,  -123.384E-03,   438.721E-03,            0.,"ASSEMBLY_PLATE-1__PICKEDSET2","ROCK","",  -909.571E-03,      -2.19907,      -2.19802,  -910.625E-03,  -36.8430E-03
F:/Desktop/DeepOnet_Abaqus/StaticElasticJob.odb,Step-1,Increment      1: Step Time =    1.000,"PLATE-1",          2208,             1,   30.7759E-03,      -1.19501,            0.,"ASSEMBLY_PLATE-1__PICKEDSET2","ROCK","",  -976.753E-03,      -1.83425,      -1.83418,  -976.819E-03,   7.50317E-03
F:/Desktop/DeepOnet_Abaqus/StaticElasticJob.odb,Step-1,Increment      1: Step Time =    1.000,"PLATE-1",          2209,             1,  -62.6328E-03,      -1.23951,            0.,"ASSEMBLY_PLATE-1__PICKEDSET2","ROCK","",  -981.396E-03,      -1.82839,      -1.82821,  -981.579E-03,   12.4589E-03
F:/Desktop/DeepOnet_Abaqus/StaticElasticJob.odb,Step-1,Increment      1: Step Time =    1.000,"PLATE-1",          2210,             1,  -410.492E-03,   151.745E-03,            0.,"ASSEMBLY_PLATE-1__PICKEDSET2","ROCK","",  -857.442E-03,      -1.69631,      -1.37693,      -1.17682,  -407.322E-03
F:/Desktop/DeepOnet_Abaqus/StaticElasticJob.odb,Step-1,Increment      1: Step Time =    1.000,"PLATE-1",          2211,             1,  -377.967E-03,   94.1387E-03,            0.,"ASSEMBLY_PLATE-1__PICKEDSET2","ROCK","",  -770.105E-03,      -1.64148,      -1.10952,      -1.30206,  -424.917E-03
F:/Desktop/DeepOnet_Abaqus/StaticElasticJob.odb,Step-1,Increment      1: Step Time =    1.000,"PLATE-1",          2212,             1,  -707.094E-03,       1.24202,            0.,"ASSEMBLY_PLATE-1__PICKEDSET2","ROCK","",      -1.04338,      -1.68793,      -1.66928,      -1.06204,   108.061E-03
F:/Desktop/DeepOnet_Abaqus/StaticElasticJob.odb,Step-1,Increment      1: Step Time =    1.000,"PLATE-1",          2213,             1,  -490.447E-03,  -42.2497E-03,            0.,"ASSEMBLY_PLATE-1__PICKEDSET2","ROCK","",      -1.19139,      -1.42871,      -1.27330,      -1.34680,   112.824E-03
F:/Desktop/DeepOnet_Abaqus/StaticElasticJob.odb,Step-1,Increment      1: Step Time =    1.000,"PLATE-1",          2214,             1,  -440.440E-03,  -87.2990E-03,            0.,"ASSEMBLY_PLATE-1__PICKEDSET2","ROCK","",      -1.01530,      -1.61111,      -1.24320,      -1.38321,   289.566E-03
F:/Desktop/DeepOnet_Abaqus/StaticElasticJob.odb,Step-1,Increment      1: Step Time =    1.000,"PLATE-1",          2215,             1,  -424.051E-03,  -12.8807E-03,            0.,"ASSEMBLY_PLATE-1__PICKEDSET2","ROCK","",      -1.06377,      -1.44772,      -1.06678,      -1.44470,   33.8886E-03
F:/Desktop/DeepOnet_Abaqus/StaticElasticJob.odb,Step-1,Increment      1: Step Time =    1.000,"PLATE-1",          2216,             1,   470.108E-03,   6.06835E-03,            0.,"ASSEMBLY_PLATE-1__PICKEDSET2","ROCK","",      -1.15754,      -1.36131,      -1.19088,      -1.32797,   75.3745E-03
F:/Desktop/DeepOnet_Abaqus/StaticElasticJob.odb,Step-1,Increment      1: Step Time =    1.000,"PLATE-1",          2217,             1,   442.107E-03,   66.9719E-03,            0.,"ASSEMBLY_PLATE-1__PICKEDSET2","ROCK","",      -1.00158,      -1.50384,      -1.22086,      -1.28457,   249.100E-03
F:/Desktop/DeepOnet_Abaqus/StaticElasticJob.odb,Step-1,Increment      1: Step Time =    1.000,"PLATE-1",          2218,             1,   404.492E-03,  -365.268E-03,            0.,"ASSEMBLY_PLATE-1__PICKEDSET2","ROCK","",  -949.365E-03,      -1.89833,      -1.84396,      -1.00373,  -220.540E-03
F:/Desktop/DeepOnet_Abaqus/StaticElasticJob.odb,Step-1,Increment      1: Step Time =    1.000,"PLATE-1",          2219,             1,  -402.812E-03,   342.494E-03,            0.,"ASSEMBLY_PLATE-1__PICKEDSET2","ROCK","",  -867.162E-03,      -1.92869,      -1.84938,  -946.475E-03,  -279.110E-03
F:/Desktop/DeepOnet_Abaqus/StaticElasticJob.odb,Step-1,Increment      1: Step Time =    1.000,"PLATE-1",          2220,             1,  -369.020E-03,   382.769E-03,            0.,"ASSEMBLY_PLATE-1__PICKEDSET2","ROCK","",  -862.815E-03,      -1.99147,      -1.94069,  -913.594E-03,  -233.951E-03
F:/Desktop/DeepOnet_Abaqus/StaticElasticJob.odb,Step-1,Increment      1: Step Time =    1.000,"PLATE-1",          2221,             1,  -410.169E-03,   384.022E-03,            0.,"ASSEMBLY_PLATE-1__PICKEDSET2","ROCK","",  -888.913E-03,      -1.94367,      -1.89275,  -939.828E-03,  -226.077E-03
F:/Desktop/DeepOnet_Abaqus/StaticElasticJob.odb,Step-1,Increment      1: Step Time =    1.000,"PLATE-1",          2222,             1,  -249.831E-03,  -302.797E-03,            0.,"ASSEMBLY_PLATE-1__PICKEDSET2","ROCK","",  -830.447E-03,      -2.22339,      -2.04518,      -1.00866,   465.270E-03
F:/Desktop/DeepOnet_Abaqus/StaticElasticJob.odb,Step-1,Increment      1: Step Time =    1.000,"PLATE-1",          2223,             1,  -280.203E-03,  -365.488E-03,            0.,"ASSEMBLY_PLATE-1__PICKEDSET2","ROCK","",  -899.954E-03,      -2.06378,      -1.97005,  -993.688E-03,   316.710E-03
F:/Desktop/DeepOnet_Abaqus/StaticElasticJob.odb,Step-1,Increment      1: Step Time =    1.000,"PLATE-1",          2224,             1,  -259.100E-03,  -343.836E-03,            0.,"ASSEMBLY_PLATE-1__PICKEDSET2","ROCK","",  -878.186E-03,      -2.10990,      -1.99236,  -995.725E-03,   361.883E-03
F:/Desktop/DeepOnet_Abaqus/StaticElasticJob.odb,Step-1,Increment      1: Step Time =    1.000,"PLATE-1",          2225,             1,   37.9013E-03,  -404.981E-03,            0.,"ASSEMBLY_PLATE-1__PICKEDSET2","ROCK","",  -621.858E-03,      -2.23914,      -2.23737,  -623.623E-03,  -53.4112E-03
F:/Desktop/DeepOnet_Abaqus/StaticElasticJob.odb,Step-1,Increment      1: Step Time =    1.000,"PLATE-1",          2226,             1,  -14.5362E-03,  -477.494E-03,            0.,"ASSEMBLY_PLATE-1__PICKEDSET2","ROCK","",  -729.913E-03,      -2.13965,      -2.13850,  -731.062E-03,   40.2313E-03
F:/Desktop/DeepOnet_Abaqus/StaticElasticJob.odb,Step-1,Increment      1: Step Time =    1.000,"PLATE-1",          2227,             1,  -419.323E-03,  -385.147E-03,            0.,"ASSEMBLY_PLATE-1__PICKEDSET2","ROCK","",  -982.785E-03,      -1.90394,      -1.84830,      -1.03842,   219.447E-03
F:/Desktop/DeepOnet_Abaqus/StaticElasticJob.odb,Step-1,Increment      1: Step Time =    1.000,"PLATE-1",          2228,             1,  -490.480E-03,  -233.313E-03,            0.,"ASSEMBLY_PLATE-1__PICKEDSET2","ROCK","",      -1.01920,      -1.78524,      -1.67303,      -1.13141,   270.860E-03
F:/Desktop/DeepOnet_Abaqus/StaticElasticJob.odb,Step-1,Increment      1: Step Time =    1.000,"PLATE-1",          2229,             1,  -454.157E-03,  -272.142E-03,            0.,"ASSEMBLY_PLATE-1__PICKEDSET2","ROCK","",  -998.788E-03,      -1.85854,      -1.75620,      -1.10113,   278.412E-03
F:/Desktop/DeepOnet_Abaqus/StaticElasticJob.odb,Step-1,Increment      1: Step Time =    1.000,"PLATE-1",          2230,             1,   511.946E-03,   15.5372E-03,            0.,"ASSEMBLY_PLATE-1__PICKEDSET2","ROCK","",      -1.21075,      -1.35996,      -1.30459,      -1.26612,   72.0849E-03
F:/Desktop/DeepOnet_Abaqus/StaticElasticJob.odb,Step-1,Increment      1: Step Time =    1.000,"PLATE-1",          2231,             1,   33.8322E-03,   361.787E-03,            0.,"ASSEMBLY_PLATE-1__PICKEDSET2","ROCK","",  -848.369E-03,      -2.42098,      -2.41418,  -855.170E-03,   103.195E-03
F:/Desktop/DeepOnet_Abaqus/StaticElasticJob.odb,Step-1,Increment      1: Step Time =    1.000,"PLATE-1",          2232,             1,   28.5286E-03,   453.541E-03,            0.,"ASSEMBLY_PLATE-1__PICKEDSET2","ROCK","",  -929.663E-03,      -2.22641,      -2.22241,  -933.664E-03,   71.9188E-03
F:/Desktop/DeepOnet_Abaqus/StaticElasticJob.odb,Step-1,Increment      1: Step Time =    1.000,"PLATE-1",          2233,             1,   319.342E-03,   424.378E-03,            0.,"ASSEMBLY_PLATE-1__PICKEDSET2","ROCK","",  -806.993E-03,      -2.09653,      -2.05838,  -845.148E-03,   218.509E-03
F:/Desktop/DeepOnet_Abaqus/StaticElasticJob.odb,Step-1,Increment      1: Step Time =    1.000,"PLATE-1",          2234,             1,   166.008E-03,   506.956E-03,            0.,"ASSEMBLY_PLATE-1__PICKEDSET2","ROCK","",  -899.778E-03,      -2.14566,      -2.13367,  -911.764E-03,   121.612E-03
F:/Desktop/DeepOnet_Abaqus/StaticElasticJob.odb,Step-1,Increment      1: Step Time =    1.000,"PLATE-1",          2235,             1,   556.649E-03,   166.504E-03,            0.,"ASSEMBLY_PLATE-1__PICKEDSET2","ROCK","",      -1.00706,      -1.63892,      -1.55366,      -1.09232,   215.886E-03
F:/Desktop/DeepOnet_Abaqus/StaticElasticJob.odb,Step-1,Increment      1: Step Time =    1.000,"PLATE-1",          2236,             1,  -200.009E-03,  -284.552E-03,            0.,"ASSEMBLY_PLATE-1__PICKEDSET2","ROCK","",  -652.744E-03,      -2.41144,      -2.20235,  -861.836E-03,   569.218E-03
F:/Desktop/DeepOnet_Abaqus/StaticElasticJob.odb,Step-1,Increment      1: Step Time =    1.000,"PLATE-1",          2237,             1,  -197.762E-03,  -301.876E-03,            0.,"ASSEMBLY_PLATE-1__PICKEDSET2","ROCK","",  -656.193E-03,      -2.34473,      -2.18808,  -812.843E-03,   489.867E-03
F:/Desktop/DeepOnet_Abaqus/StaticElasticJob.odb,Step-1,Increment      1: Step Time =    1.000,"PLATE-1",          2238,             1,  -283.365E-03,   407.045E-03,            0.,"ASSEMBLY_PLATE-1__PICKEDSET2","ROCK","",  -854.469E-03,      -2.08130,      -2.05213,  -883.633E-03,  -186.892E-03
F:/Desktop/DeepOnet_Abaqus/StaticElasticJob.odb,Step-1,Increment      1: Step Time =    1.000,"PLATE-1",          2239,             1,  -292.909E-03,   369.302E-03,            0.,"ASSEMBLY_PLATE-1__PICKEDSET2","ROCK","",  -829.729E-03,      -2.07835,      -2.03260,  -875.478E-03,  -234.587E-03
F:/Desktop/DeepOnet_Abaqus/StaticElasticJob.odb,Step-1,Increment      1: Step Time =    1.000,"PLATE-1",          2240,             1,  -47.3944E-03,  -336.905E-03,            0.,"ASSEMBLY_PLATE-1__PICKEDSET2","ROCK","",  -460.930E-03,      -2.39116,      -2.37856,  -473.524E-03,   155.403E-03
F:/Desktop/DeepOnet_Abaqus/StaticElasticJob.odb,Step-1,Increment      1: Step Time =    1.000,"PLATE-1",          2241,             1,  -31.1202E-03,  -339.038E-03,            0.,"ASSEMBLY_PLATE-1__PICKEDSET2","ROCK","",  -460.683E-03,      -2.38244,      -2.37855,  -464.574E-03,   86.3852E-03
F:/Desktop/DeepOnet_Abaqus/StaticElasticJob.odb,Step-1,Increment      1: Step Time =    1.000,"PLATE-1",          2242,             1,  -61.8336E-03,  -379.657E-03,            0.,"ASSEMBLY_PLATE-1__PICKEDSET2","ROCK","",  -579.140E-03,      -2.29320,      -2.27949,  -592.854E-03,   152.707E-03
F:/Desktop/DeepOnet_Abaqus/StaticElasticJob.odb,Step-1,Increment      1: Step Time =    1.000,"PLATE-1",          2243,             1,  -499.621E-03,   178.828E-03,            0.,"ASSEMBLY_PLATE-1__PICKEDSET2","ROCK","",      -1.00314,      -1.65183,      -1.50486,      -1.15011,  -271.549E-03
F:/Desktop/DeepOnet_Abaqus/StaticElasticJob.odb,Step-1,Increment      1: Step Time =    1.000,"PLATE-1",          2244,             1,  -458.984E-03,   132.120E-03,            0.,"ASSEMBLY_PLATE-1__PICKEDSET2","ROCK","",  -986.188E-03,      -1.59279,      -1.35404,      -1.22494,  -296.353E-03
F:/Desktop/DeepOnet_Abaqus/StaticElasticJob.odb,Step-1,Increment      1: Step Time =    1.000,"PLATE-1",          2245,             1,  -140.231E-03,      -1.28491,            0.,"ASSEMBLY_PLATE-1__PICKEDSET2","ROCK","",  -985.301E-03,      -1.82333,      -1.82303,  -985.604E-03,   15.9389E-03
F:/Desktop/DeepOnet_Abaqus/StaticElasticJob.odb,Step-1,Increment      1: Step Time =    1.000,"PLATE-1",          2246,             1,      -1.24127,   302.503E-03,            0.,"ASSEMBLY_PLATE-1__PICKEDSET2","ROCK","",      -1.04289,      -1.72818,      -1.72809,      -1.04298,  -7.63049E-03
F:/Desktop/DeepOnet_Abaqus/StaticElasticJob.odb,Step-1,Increment      1: Step Time =    1.000,"PLATE-1",          2247,             1,       1.24415,  -916.630E-03,            0.,"ASSEMBLY_PLATE-1__PICKEDSET2","ROCK","",  -987.963E-03,      -1.78188,      -1.77999,  -989.851E-03,  -38.6659E-03
F:/Desktop/DeepOnet_Abaqus/StaticElasticJob.odb,Step-1,Increment      1: Step Time =    1.000,"PLATE-1",          2248,             1,  -449.232E-03,   103.157E-03,            0.,"ASSEMBLY_PLATE-1__PICKEDSET2","ROCK","",      -1.01525,      -1.54637,      -1.29365,      -1.26797,  -265.249E-03
F:/Desktop/DeepOnet_Abaqus/StaticElasticJob.odb,Step-1,Increment      1: Step Time =    1.000,"PLATE-1",          2249,             1,  -516.238E-03,   40.7077E-03,            0.,"ASSEMBLY_PLATE-1__PICKEDSET2","ROCK","",      -1.24005,      -1.37435,      -1.31064,      -1.30375,  -67.0625E-03
F:/Desktop/DeepOnet_Abaqus/StaticElasticJob.odb,Step-1,Increment      1: Step Time =    1.000,"PLATE-1",          2250,             1,  -324.672E-03,   417.959E-03,            0.,"ASSEMBLY_PLATE-1__PICKEDSET2","ROCK","",  -872.443E-03,      -2.03692,      -2.00708,  -902.286E-03,  -184.013E-03
F:/Desktop/DeepOnet_Abaqus/StaticElasticJob.odb,Step-1,Increment      1: Step Time =    1.000,"PLATE-1",          2251,             1,  -16.6225E-03,   639.948E-03,            0.,"ASSEMBLY_PLATE-1__PICKEDSET2","ROCK","",      -1.01332,      -2.07843,      -2.07456,      -1.01720,   64.0931E-03
F:/Desktop/DeepOnet_Abaqus/StaticElasticJob.odb,Step-1,Increment      1: Step Time =    1.000,"PLATE-1",          2252,             1,   18.7560E-03,  -516.364E-03,            0.,"ASSEMBLY_PLATE-1__PICKEDSET2","ROCK","",  -771.675E-03,      -2.09364,      -2.09364,  -771.682E-03,   2.91610E-03
F:/Desktop/DeepOnet_Abaqus/StaticElasticJob.odb,Step-1,Increment      1: Step Time =    1.000,"PLATE-1",          2253,             1,   49.4686E-03,  -480.950E-03,            0.,"ASSEMBLY_PLATE-1__PICKEDSET2","ROCK","",  -732.969E-03,      -2.13271,      -2.13152,  -734.159E-03,  -40.7937E-03
F:/Desktop/DeepOnet_Abaqus/StaticElasticJob.odb,Step-1,Increment      1: Step Time =    1.000,"PLATE-1",          2254,             1,  -462.017E-03,   8.64662E-03,            0.,"ASSEMBLY_PLATE-1__PICKEDSET2","ROCK","",      -1.15064,      -1.39445,      -1.15388,      -1.39122,  -27.9087E-03
F:/Desktop/DeepOnet_Abaqus/StaticElasticJob.odb,Step-1,Increment      1: Step Time =    1.000,"PLATE-1",          2255,             1,  -453.362E-03,  -22.3982E-03,            0.,"ASSEMBLY_PLATE-1__PICKEDSET2","ROCK","",      -1.12324,      -1.42361,      -1.13886,      -1.40800,   66.6849E-03
F:/Desktop/DeepOnet_Abaqus/StaticElasticJob.odb,Step-1,Increment      1: Step Time =    1.000,"PLATE-1",          2256,             1,  -467.450E-03,  -123.716E-03,            0.,"ASSEMBLY_PLATE-1__PICKEDSET2","ROCK","",      -1.06942,      -1.62034,      -1.40833,      -1.28144,   268.054E-03
F:/Desktop/DeepOnet_Abaqus/StaticElasticJob.odb,Step-1,Increment      1: Step Time =    1.000,"PLATE-1",          2257,             1,  -442.528E-03,  -145.742E-03,            0.,"ASSEMBLY_PLATE-1__PICKEDSET2","ROCK","",  -999.139E-03,      -1.73689,      -1.47811,      -1.25792,   352.066E-03
F:/Desktop/DeepOnet_Abaqus/StaticElasticJob.odb,Step-1,Increment      1: Step Time =    1.000,"PLATE-1",          2258,             1,  -495.140E-03,  -148.579E-03,            0.,"ASSEMBLY_PLATE-1__PICKEDSET2","ROCK","",      -1.07425,      -1.64672,      -1.48630,      -1.23467,   257.096E-03
F:/Desktop/DeepOnet_Abaqus/StaticElasticJob.odb,Step-1,Increment      1: Step Time =    1.000,"PLATE-1",          2259,             1,  -97.2356E-03,  -333.062E-03,            0.,"ASSEMBLY_PLATE-1__PICKEDSET2","ROCK","",  -506.768E-03,      -2.38110,      -2.33836,  -549.509E-03,   279.793E-03
F:/Desktop/DeepOnet_Abaqus/StaticElasticJob.odb,Step-1,Increment      1: Step Time =    1.000,"PLATE-1",          2260,             1,  -112.059E-03,  -370.561E-03,            0.,"ASSEMBLY_PLATE-1__PICKEDSET2","ROCK","",  -609.673E-03,      -2.28651,      -2.24907,  -647.114E-03,   247.751E-03
F:/Desktop/DeepOnet_Abaqus/StaticElasticJob.odb,Step-1,Increment      1: Step Time =    1.000,"PLATE-1",          2261,             1,   364.856E-03,   688.716E-03,            0.,"ASSEMBLY_PLATE-1__PICKEDSET2","ROCK","",  -821.780E-03,      -2.06299,      -2.05895,  -825.814E-03,   70.6427E-03
F:/Desktop/DeepOnet_Abaqus/StaticElasticJob.odb,Step-1,Increment      1: Step Time =    1.000,"PLATE-1",          2262,             1,   419.790E-03,   742.630E-03,            0.,"ASSEMBLY_PLATE-1__PICKEDSET2","ROCK","",  -786.312E-03,      -2.04011,      -2.03944,  -786.985E-03,   29.0458E-03
F:/Desktop/DeepOnet_Abaqus/StaticElasticJob.odb,Step-1,Increment      1: Step Time =    1.000,"PLATE-1",          2263,             1,   429.142E-03,  -428.380E-03,            0.,"ASSEMBLY_PLATE-1__PICKEDSET2","ROCK","",  -948.452E-03,      -1.88608,      -1.85203,  -982.496E-03,  -175.391E-03
F:/Desktop/DeepOnet_Abaqus/StaticElasticJob.odb,Step-1,Increment      1: Step Time =    1.000,"PLATE-1",          2264,             1,   583.387E-03,   888.223E-03,            0.,"ASSEMBLY_PLATE-1__PICKEDSET2","ROCK","",  -738.675E-03,      -1.91747,      -1.90045,  -755.693E-03,  -140.613E-03
F:/Desktop/DeepOnet_Abaqus/StaticElasticJob.odb,Step-1,Increment      1: Step Time =    1.000,"PLATE-1",          2265,             1,   151.167E-03,  -465.827E-03,            0.,"ASSEMBLY_PLATE-1__PICKEDSET2","ROCK","",  -776.172E-03,      -2.09783,      -2.07969,  -794.317E-03,  -153.791E-03
F:/Desktop/DeepOnet_Abaqus/StaticElasticJob.odb,Step-1,Increment      1: Step Time =    1.000,"PLATE-1",          2266,             1,  -55.0677E-03,   391.804E-03,            0.,"ASSEMBLY_PLATE-1__PICKEDSET2","ROCK","",  -879.272E-03,      -2.31972,      -2.31959,  -879.407E-03,  -13.9391E-03
F:/Desktop/DeepOnet_Abaqus/StaticElasticJob.odb,Step-1,Increment      1: Step Time =    1.000,"PLATE-1",          2267,             1,  -119.315E-03,   482.136E-03,            0.,"ASSEMBLY_PLATE-1__PICKEDSET2","ROCK","",  -937.603E-03,      -2.16050,      -2.16039,  -937.709E-03,  -11.3954E-03
F:/Desktop/DeepOnet_Abaqus/StaticElasticJob.odb,Step-1,Increment      1: Step Time =    1.000,"PLATE-1",          2268,             1,  -165.838E-03,   480.738E-03,            0.,"ASSEMBLY_PLATE-1__PICKEDSET2","ROCK","",  -926.361E-03,      -2.13250,      -2.13071,  -928.153E-03,  -46.4526E-03
F:/Desktop/DeepOnet_Abaqus/StaticElasticJob.odb,Step-1,Increment      1: Step Time =    1.000,"PLATE-1",          2269,             1,   504.688E-03,   195.760E-03,            0.,"ASSEMBLY_PLATE-1__PICKEDSET2","ROCK","",  -930.632E-03,      -1.72373,      -1.59928,      -1.05508,   288.465E-03
F:/Desktop/DeepOnet_Abaqus/StaticElasticJob.odb,Step-1,Increment      1: Step Time =    1.000,"PLATE-1",          2270,             1,   517.172E-03,   244.064E-03,            0.,"ASSEMBLY_PLATE-1__PICKEDSET2","ROCK","",  -909.867E-03,      -1.77157,      -1.67291,      -1.00852,   274.365E-03
F:/Desktop/DeepOnet_Abaqus/StaticElasticJob.odb,Step-1,Increment      1: Step Time =    1.000,"PLATE-1",          2271,             1,  -250.658E-03,  -370.626E-03,            0.,"ASSEMBLY_PLATE-1__PICKEDSET2","ROCK","",  -861.463E-03,      -2.10469,      -2.00743,  -958.725E-03,   333.855E-03
F:/Desktop/DeepOnet_Abaqus/StaticElasticJob.odb,Step-1,Increment      1: Step Time =    1.000,"PLATE-1",          2272,             1,  -219.783E-03,  -368.190E-03,            0.,"ASSEMBLY_PLATE-1__PICKEDSET2","ROCK","",  -805.202E-03,      -2.15850,      -2.06082,  -902.880E-03,   350.210E-03
F:/Desktop/DeepOnet_Abaqus/StaticElasticJob.odb,Step-1,Increment      1: Step Time =    1.000,"PLATE-1",          2273,             1,   84.7854E-03,   548.782E-03,            0.,"ASSEMBLY_PLATE-1__PICKEDSET2","ROCK","",  -951.258E-03,      -2.12786,      -2.12068,  -958.437E-03,   91.6260E-03
F:/Desktop/DeepOnet_Abaqus/StaticElasticJob.odb,Step-1,Increment      1: Step Time =    1.000,"PLATE-1",          2274,             1,  -986.214E-03,  -995.816E-03,            0.,"ASSEMBLY_PLATE-1__PICKEDSET2","ROCK","",      -1.00550,      -1.79044,      -1.78834,      -1.00760,   40.5071E-03
F:/Desktop/DeepOnet_Abaqus/StaticElasticJob.odb,Step-1,Increment      1: Step Time =    1.000,"PLATE-1",          2275,             1,   556.099E-03,  -57.8128E-03,            0.,"ASSEMBLY_PLATE-1__PICKEDSET2","ROCK","",      -1.19094,      -1.44143,      -1.41239,      -1.21998,  -80.1948E-03
F:/Desktop/DeepOnet_Abaqus/StaticElasticJob.odb,Step-1,Increment      1: Step Time =    1.000,"PLATE-1",          2276,             1,  -377.569E-03,  -419.983E-03,            0.,"ASSEMBLY_PLATE-1__PICKEDSET2","ROCK","",  -968.769E-03,      -1.92702,      -1.87917,      -1.01662,   208.714E-03
F:/Desktop/DeepOnet_Abaqus/StaticElasticJob.odb,Step-1,Increment      1: Step Time =    1.000,"PLATE-1",          2277,             1,  -448.276E-03,  -433.278E-03,            0.,"ASSEMBLY_PLATE-1__PICKEDSET2","ROCK","",  -990.097E-03,      -1.87488,      -1.83652,      -1.02846,   180.196E-03
F:/Desktop/DeepOnet_Abaqus/StaticElasticJob.odb,Step-1,Increment      1: Step Time =    1.000,"PLATE-1",          2278,             1,  -338.428E-03,  -453.028E-03,            0.,"ASSEMBLY_PLATE-1__PICKEDSET2","ROCK","",  -952.066E-03,      -1.95110,      -1.90596,  -997.205E-03,   207.503E-03
F:/Desktop/DeepOnet_Abaqus/StaticElasticJob.odb,Step-1,Increment      1: Step Time =    1.000,"PLATE-1",          2279,             1,  -980.269E-03,  -377.274E-03,            0.,"ASSEMBLY_PLATE-1__PICKEDSET2","ROCK","",      -1.04336,      -1.73985,      -1.73232,      -1.05089,   72.0458E-03
F:/Desktop/DeepOnet_Abaqus/StaticElasticJob.odb,Step-1,Increment      1: Step Time =    1.000,"PLATE-1",          2280,             1,  -177.281E-03,  -418.069E-03,            0.,"ASSEMBLY_PLATE-1__PICKEDSET2","ROCK","",  -780.474E-03,      -2.13796,      -2.08899,  -829.445E-03,   253.141E-03
F:/Desktop/DeepOnet_Abaqus/StaticElasticJob.odb,Step-1,Increment      1: Step Time =    1.000,"PLATE-1",          2281,             1,  -137.896E-03,  -456.212E-03,            0.,"ASSEMBLY_PLATE-1__PICKEDSET2","ROCK","",  -769.961E-03,      -2.12710,      -2.10065,  -796.411E-03,   187.605E-03
F:/Desktop/DeepOnet_Abaqus/StaticElasticJob.odb,Step-1,Increment      1: Step Time =    1.000,"PLATE-1",          2282,             1,  -35.5441E-03,  -399.376E-03,            0.,"ASSEMBLY_PLATE-1__PICKEDSET2","ROCK","",  -609.702E-03,      -2.25828,      -2.25408,  -613.902E-03,   83.1056E-03
F:/Desktop/DeepOnet_Abaqus/StaticElasticJob.odb,Step-1,Increment      1: Step Time =    1.000,"PLATE-1",          2283,             1,   649.406E-03,  -153.549E-03,            0.,"ASSEMBLY_PLATE-1__PICKEDSET2","ROCK","",      -1.07955,      -1.62327,      -1.59244,      -1.11038,  -125.745E-03
F:/Desktop/DeepOnet_Abaqus/StaticElasticJob.odb,Step-1,Increment      1: Step Time =    1.000,"PLATE-1",          2284,             1,   605.356E-03,  -131.666E-03,            0.,"ASSEMBLY_PLATE-1__PICKEDSET2","ROCK","",      -1.10689,      -1.58090,      -1.54321,      -1.14458,  -128.233E-03
F:/Desktop/DeepOnet_Abaqus/StaticElasticJob.odb,Step-1,Increment      1: Step Time =    1.000,"PLATE-1",          2285,             1,  -455.420E-03,  -345.810E-03,            0.,"ASSEMBLY_PLATE-1__PICKEDSET2","ROCK","",  -993.998E-03,      -1.87504,      -1.81319,      -1.05584,   225.085E-03
F:/Desktop/DeepOnet_Abaqus/StaticElasticJob.odb,Step-1,Increment      1: Step Time =    1.000,"PLATE-1",          2286,             1,  -471.444E-03,   423.537E-03,            0.,"ASSEMBLY_PLATE-1__PICKEDSET2","ROCK","",  -923.912E-03,      -1.90926,      -1.87375,  -959.421E-03,  -183.652E-03
F:/Desktop/DeepOnet_Abaqus/StaticElasticJob.odb,Step-1,Increment      1: Step Time =    1.000,"PLATE-1",          2287,             1,  -994.352E-03,  -552.475E-03,            0.,"ASSEMBLY_PLATE-1__PICKEDSET2","ROCK","",      -1.02456,      -1.76626,      -1.76018,      -1.03064,   66.8586E-03
F:/Desktop/DeepOnet_Abaqus/StaticElasticJob.odb,Step-1,Increment      1: Step Time =    1.000,"PLATE-1",          2288,             1,  -10.4504E-03,   454.865E-03,            0.,"ASSEMBLY_PLATE-1__PICKEDSET2","ROCK","",  -934.195E-03,      -2.21851,      -2.21665,  -936.051E-03,   48.7874E-03
F:/Desktop/DeepOnet_Abaqus/StaticElasticJob.odb,Step-1,Increment      1: Step Time =    1.000,"PLATE-1",          2289,             1,   658.530E-03,  -287.001E-03,            0.,"ASSEMBLY_PLATE-1__PICKEDSET2","ROCK","",      -1.01851,      -1.72676,      -1.69642,      -1.04885,  -143.416E-03
F:/Desktop/DeepOnet_Abaqus/StaticElasticJob.odb,Step-1,Increment      1: Step Time =    1.000,"PLATE-1",          2290,             1,   283.851E-03,  -512.588E-03,            0.,"ASSEMBLY_PLATE-1__PICKEDSET2","ROCK","",  -897.459E-03,      -1.96131,      -1.93880,  -919.970E-03,  -153.106E-03
F:/Desktop/DeepOnet_Abaqus/StaticElasticJob.odb,Step-1,Increment      1: Step Time =    1.000,"PLATE-1",          2291,             1,  -506.820E-03,  -188.836E-03,            0.,"ASSEMBLY_PLATE-1__PICKEDSET2","ROCK","",      -1.04634,      -1.72587,      -1.59975,      -1.17246,   264.187E-03
F:/Desktop/DeepOnet_Abaqus/StaticElasticJob.odb,Step-1,Increment      1: Step Time =    1.000,"PLATE-1",          2292,             1,       1.11894,       1.25281,            0.,"ASSEMBLY_PLATE-1__PICKEDSET2","ROCK","",      -1.06878,      -1.56783,      -1.56645,      -1.07017,  -26.2254E-03
F:/Desktop/DeepOnet_Abaqus/StaticElasticJob.odb,Step-1,Increment      1: Step Time =    1.000,"PLATE-1",          2293,             1,  -187.027E-03,      -1.13064,            0.,"ASSEMBLY_PLATE-1__PICKEDSET2","ROCK","",  -978.639E-03,      -1.83704,      -1.83642,  -979.267E-03,   23.2031E-03
F:/Desktop/DeepOnet_Abaqus/StaticElasticJob.odb,Step-1,Increment      1: Step Time =    1.000,"PLATE-1",          2294,             1,   500.548E-03,   97.3197E-03,            0.,"ASSEMBLY_PLATE-1__PICKEDSET2","ROCK","",      -1.03000,      -1.55114,      -1.39759,      -1.18356,   237.579E-03
F:/Desktop/DeepOnet_Abaqus/StaticElasticJob.odb,Step-1,Increment      1: Step Time =    1.000,"PLATE-1",          2295,             1,   566.508E-03,   120.053E-03,            0.,"ASSEMBLY_PLATE-1__PICKEDSET2","ROCK","",      -1.05836,      -1.57919,      -1.51136,      -1.12620,   175.299E-03
F:/Desktop/DeepOnet_Abaqus/StaticElasticJob.odb,Step-1,Increment      1: Step Time =    1.000,"PLATE-1",          2296,             1,   524.004E-03,   133.675E-03,            0.,"ASSEMBLY_PLATE-1__PICKEDSET2","ROCK","",      -1.01754,      -1.60326,      -1.48078,      -1.14002,   238.195E-03
F:/Desktop/DeepOnet_Abaqus/StaticElasticJob.odb,Step-1,Increment      1: Step Time =    1.000,"PLATE-1",          2297,             1,  -955.715E-03,  -671.397E-03,            0.,"ASSEMBLY_PLATE-1__PICKEDSET2","ROCK","",      -1.01487,      -1.78120,      -1.77603,      -1.02004,   62.7333E-03
F:/Desktop/DeepOnet_Abaqus/StaticElasticJob.odb,Step-1,Increment      1: Step Time =    1.000,"PLATE-1",          2298,             1,   552.516E-03,   12.5921E-03,            0.,"ASSEMBLY_PLATE-1__PICKEDSET2","ROCK","",      -1.21431,      -1.39545,      -1.38576,      -1.22401,   40.7756E-03
F:/Desktop/DeepOnet_Abaqus/StaticElasticJob.odb,Step-1,Increment      1: Step Time =    1.000,"PLATE-1",          2299,             1,  -75.7071E-03,  -412.725E-03,            0.,"ASSEMBLY_PLATE-1__PICKEDSET2","ROCK","",  -652.923E-03,      -2.22708,      -2.21285,  -667.148E-03,   148.959E-03
F:/Desktop/DeepOnet_Abaqus/StaticElasticJob.odb,Step-1,Increment      1: Step Time =    1.000,"PLATE-1",          2300,             1,  -63.7561E-03,  -442.860E-03,            0.,"ASSEMBLY_PLATE-1__PICKEDSET2","ROCK","",  -694.089E-03,      -2.18524,      -2.17558,  -703.749E-03,   119.628E-03
F:/Desktop/DeepOnet_Abaqus/StaticElasticJob.odb,Step-1,Increment      1: Step Time =    1.000,"PLATE-1",          2301,             1,  -50.8334E-03,  -422.278E-03,            0.,"ASSEMBLY_PLATE-1__PICKEDSET2","ROCK","",  -633.467E-03,      -2.23794,      -2.23171,  -639.695E-03,   99.7672E-03
F:/Desktop/DeepOnet_Abaqus/StaticElasticJob.odb,Step-1,Increment      1: Step Time =    1.000,"PLATE-1",          2302,             1,   124.355E-03,   665.275E-03,            0.,"ASSEMBLY_PLATE-1__PICKEDSET2","ROCK","",  -955.186E-03,      -2.09867,      -2.08956,  -964.300E-03,   101.680E-03
F:/Desktop/DeepOnet_Abaqus/StaticElasticJob.odb,Step-1,Increment      1: Step Time =    1.000,"PLATE-1",          2303,             1,   461.984E-03,  -502.452E-03,            0.,"ASSEMBLY_PLATE-1__PICKEDSET2","ROCK","",  -951.809E-03,      -1.86941,      -1.84946,  -971.765E-03,  -133.839E-03
F:/Desktop/DeepOnet_Abaqus/StaticElasticJob.odb,Step-1,Increment      1: Step Time =    1.000,"PLATE-1",          2304,             1,   475.302E-03,  -448.930E-03,            0.,"ASSEMBLY_PLATE-1__PICKEDSET2","ROCK","",  -955.709E-03,      -1.86578,      -1.83765,  -983.838E-03,  -157.509E-03
F:/Desktop/DeepOnet_Abaqus/StaticElasticJob.odb,Step-1,Increment      1: Step Time =    1.000,"PLATE-1",          2305,             1,  -460.949E-03,  -65.8618E-03,            0.,"ASSEMBLY_PLATE-1__PICKEDSET2","ROCK","",      -1.09822,      -1.50372,      -1.22509,      -1.37685,   188.013E-03
F:/Desktop/DeepOnet_Abaqus/StaticElasticJob.odb,Step-1,Increment      1: Step Time =    1.000,"PLATE-1",          2306,             1,  -42.8063E-03,   460.900E-03,            0.,"ASSEMBLY_PLATE-1__PICKEDSET2","ROCK","",  -942.872E-03,      -2.19775,      -2.19725,  -943.373E-03,   25.0819E-03
F:/Desktop/DeepOnet_Abaqus/StaticElasticJob.odb,Step-1,Increment      1: Step Time =    1.000,"PLATE-1",          2307,             1,  -479.246E-03,   359.622E-03,            0.,"ASSEMBLY_PLATE-1__PICKEDSET2","ROCK","",  -922.826E-03,      -1.87020,      -1.80923,  -983.789E-03,  -232.461E-03
F:/Desktop/DeepOnet_Abaqus/StaticElasticJob.odb,Step-1,Increment      1: Step Time =    1.000,"PLATE-1",          2308,             1,       1.03368,  -411.930E-03,            0.,"ASSEMBLY_PLATE-1__PICKEDSET2","ROCK","",      -1.00465,      -1.74692,      -1.74121,      -1.01036,  -64.8971E-03
F:/Desktop/DeepOnet_Abaqus/StaticElasticJob.odb,Step-1,Increment      1: Step Time =    1.000,"PLATE-1",          2309,             1,   135.316E-03,  -533.421E-03,            0.,"ASSEMBLY_PLATE-1__PICKEDSET2","ROCK","",  -827.878E-03,      -2.03488,      -2.02850,  -834.253E-03,  -87.4864E-03
F:/Desktop/DeepOnet_Abaqus/StaticElasticJob.odb,Step-1,Increment      1: Step Time =    1.000,"PLATE-1",          2310,             1,   152.996E-03,   571.636E-03,            0.,"ASSEMBLY_PLATE-1__PICKEDSET2","ROCK","",  -924.259E-03,      -2.11730,      -2.10792,  -933.643E-03,   105.390E-03
F:/Desktop/DeepOnet_Abaqus/StaticElasticJob.odb,Step-1,Increment      1: Step Time =    1.000,"PLATE-1",          2311,             1,  -369.156E-03,   424.676E-03,            0.,"ASSEMBLY_PLATE-1__PICKEDSET2","ROCK","",  -885.372E-03,      -1.99741,      -1.96514,  -917.638E-03,  -186.653E-03
F:/Desktop/DeepOnet_Abaqus/StaticElasticJob.odb,Step-1,Increment      1: Step Time =    1.000,"PLATE-1",          2312,             1,  -367.447E-03,   467.460E-03,            0.,"ASSEMBLY_PLATE-1__PICKEDSET2","ROCK","",  -903.346E-03,      -2.00072,      -1.97988,  -924.184E-03,  -149.777E-03
F:/Desktop/DeepOnet_Abaqus/StaticElasticJob.odb,Step-1,Increment      1: Step Time =    1.000,"PLATE-1",          2313,             1,   607.119E-03,   202.227E-03,            0.,"ASSEMBLY_PLATE-1__PICKEDSET2","ROCK","",      -1.00045,      -1.67479,      -1.62086,      -1.05438,   182.927E-03
F:/Desktop/DeepOnet_Abaqus/StaticElasticJob.odb,Step-1,Increment      1: Step Time =    1.000,"PLATE-1",          2314,             1,   195.104E-03,  -522.985E-03,            0.,"ASSEMBLY_PLATE-1__PICKEDSET2","ROCK","",  -852.475E-03,      -2.01036,      -1.99553,  -867.301E-03,  -130.178E-03
F:/Desktop/DeepOnet_Abaqus/StaticElasticJob.odb,Step-1,Increment      1: Step Time =    1.000,"PLATE-1",          2315,             1,   205.983E-03,  -481.572E-03,            0.,"ASSEMBLY_PLATE-1__PICKEDSET2","ROCK","",  -836.132E-03,      -2.03493,      -2.01146,  -859.607E-03,  -166.106E-03
F:/Desktop/DeepOnet_Abaqus/StaticElasticJob.odb,Step-1,Increment      1: Step Time =    1.000,"PLATE-1",          2316,             1,   244.779E-03,  -498.191E-03,            0.,"ASSEMBLY_PLATE-1__PICKEDSET2","ROCK","",  -866.985E-03,      -2.00030,      -1.97596,  -891.328E-03,  -164.301E-03
F:/Desktop/DeepOnet_Abaqus/StaticElasticJob.odb,Step-1,Increment      1: Step Time =    1.000,"PLATE-1",          2317,             1,  -283.718E-03,  -436.157E-03,            0.,"ASSEMBLY_PLATE-1__PICKEDSET2","ROCK","",  -906.175E-03,      -2.01098,      -1.95845,  -958.702E-03,   235.103E-03
F:/Desktop/DeepOnet_Abaqus/StaticElasticJob.odb,Step-1,Increment      1: Step Time =    1.000,"PLATE-1",          2318,             1,  -247.217E-03,  -440.931E-03,            0.,"ASSEMBLY_PLATE-1__PICKEDSET2","ROCK","",  -875.135E-03,      -2.04310,      -1.99058,  -927.652E-03,   242.033E-03
F:/Desktop/DeepOnet_Abaqus/StaticElasticJob.odb,Step-1,Increment      1: Step Time =    1.000,"PLATE-1",          2319,             1,   344.237E-03,  -555.862E-03,            0.,"ASSEMBLY_PLATE-1__PICKEDSET2","ROCK","",  -923.759E-03,      -1.91724,      -1.90224,  -938.756E-03,  -121.140E-03
F:/Desktop/DeepOnet_Abaqus/StaticElasticJob.odb,Step-1,Increment      1: Step Time =    1.000,"PLATE-1",          2320,             1,  -77.4717E-03,   474.397E-03,            0.,"ASSEMBLY_PLATE-1__PICKEDSET2","ROCK","",  -938.788E-03,      -2.18256,      -2.18251,  -938.847E-03,   8.61587E-03
F:/Desktop/DeepOnet_Abaqus/StaticElasticJob.odb,Step-1,Increment      1: Step Time =    1.000,"PLATE-1",          2321,             1,  -84.5695E-03,  -469.168E-03,            0.,"ASSEMBLY_PLATE-1__PICKEDSET2","ROCK","",  -744.174E-03,      -2.13814,      -2.12607,  -756.245E-03,   129.154E-03
F:/Desktop/DeepOnet_Abaqus/StaticElasticJob.odb,Step-1,Increment      1: Step Time =    1.000,"PLATE-1",          2322,             1,  -211.602E-03,  -430.954E-03,            0.,"ASSEMBLY_PLATE-1__PICKEDSET2","ROCK","",  -831.787E-03,      -2.08738,      -2.03156,  -887.609E-03,   258.791E-03
F:/Desktop/DeepOnet_Abaqus/StaticElasticJob.odb,Step-1,Increment      1: Step Time =    1.000,"PLATE-1",          2323,             1,   669.012E-03,  -108.999E-03,            0.,"ASSEMBLY_PLATE-1__PICKEDSET2","ROCK","",      -1.10878,      -1.58406,      -1.56784,      -1.12500,  -86.2918E-03
F:/Desktop/DeepOnet_Abaqus/StaticElasticJob.odb,Step-1,Increment      1: Step Time =    1.000,"PLATE-1",          2324,             1,  -900.851E-03,  -525.151E-03,            0.,"ASSEMBLY_PLATE-1__PICKEDSET2","ROCK","",      -1.02402,      -1.77046,      -1.76212,      -1.03237,   78.4746E-03
F:/Desktop/DeepOnet_Abaqus/StaticElasticJob.odb,Step-1,Increment      1: Step Time =    1.000,"PLATE-1",          2325,             1,   59.0633E-03,  -552.966E-03,            0.,"ASSEMBLY_PLATE-1__PICKEDSET2","ROCK","",  -809.677E-03,      -2.05173,      -2.05080,  -810.606E-03,  -33.9497E-03
F:/Desktop/DeepOnet_Abaqus/StaticElasticJob.odb,Step-1,Increment      1: Step Time =    1.000,"PLATE-1",          2326,             1,  -329.424E-03,   734.367E-03,            0.,"ASSEMBLY_PLATE-1__PICKEDSET2","ROCK","",  -974.014E-03,      -2.01939,      -2.01926,  -974.146E-03,  -11.7170E-03
F:/Desktop/DeepOnet_Abaqus/StaticElasticJob.odb,Step-1,Increment      1: Step Time =    1.000,"PLATE-1",          2327,             1,  -424.713E-03,   789.887E-03,            0.,"ASSEMBLY_PLATE-1__PICKEDSET2","ROCK","",  -970.593E-03,      -1.96973,      -1.96968,  -970.645E-03,   7.18141E-03
F:/Desktop/DeepOnet_Abaqus/StaticElasticJob.odb,Step-1,Increment      1: Step Time =    1.000,"PLATE-1",          2328,             1,  -625.745E-03,   38.6117E-03,            0.,"ASSEMBLY_PLATE-1__PICKEDSET2","ROCK","",      -1.21819,      -1.47192,      -1.46968,      -1.22043,  -23.7406E-03
F:/Desktop/DeepOnet_Abaqus/StaticElasticJob.odb,Step-1,Increment      1: Step Time =    1.000,"PLATE-1",          2329,             1,  -119.336E-03,  -497.482E-03,            0.,"ASSEMBLY_PLATE-1__PICKEDSET2","ROCK","",  -799.471E-03,      -2.08358,      -2.06799,  -815.057E-03,   140.608E-03
F:/Desktop/DeepOnet_Abaqus/StaticElasticJob.odb,Step-1,Increment      1: Step Time =    1.000,"PLATE-1",          2330,             1,  -533.503E-03,  -128.240E-03,            0.,"ASSEMBLY_PLATE-1__PICKEDSET2","ROCK","",      -1.11318,      -1.60292,      -1.48235,      -1.23374,   210.974E-03
F:/Desktop/DeepOnet_Abaqus/StaticElasticJob.odb,Step-1,Increment      1: Step Time =    1.000,"PLATE-1",          2331,             1,   517.499E-03,  -509.822E-03,            0.,"ASSEMBLY_PLATE-1__PICKEDSET2","ROCK","",  -962.009E-03,      -1.84614,      -1.82883,  -979.324E-03,  -122.512E-03
F:/Desktop/DeepOnet_Abaqus/StaticElasticJob.odb,Step-1,Increment      1: Step Time =    1.000,"PLATE-1",          2332,             1,   463.296E-03,  -562.924E-03,            0.,"ASSEMBLY_PLATE-1__PICKEDSET2","ROCK","",  -951.855E-03,      -1.86733,      -1.85307,  -966.113E-03,  -113.356E-03
F:/Desktop/DeepOnet_Abaqus/StaticElasticJob.odb,Step-1,Increment      1: Step Time =    1.000,"PLATE-1",          2333,             1,  -920.730E-03,  -561.690E-03,            0.,"ASSEMBLY_PLATE-1__PICKEDSET2","ROCK","",      -1.02133,      -1.77358,      -1.76637,      -1.02855,   73.3277E-03
F:/Desktop/DeepOnet_Abaqus/StaticElasticJob.odb,Step-1,Increment      1: Step Time =    1.000,"PLATE-1",          2334,             1,  -88.2633E-03,   429.945E-03,            0.,"ASSEMBLY_PLATE-1__PICKEDSET2","ROCK","",  -911.423E-03,      -2.22601,      -2.22574,  -911.687E-03,  -18.6485E-03
F:/Desktop/DeepOnet_Abaqus/StaticElasticJob.odb,Step-1,Increment      1: Step Time =    1.000,"PLATE-1",          2335,             1,   663.520E-03,   44.7182E-03,            0.,"ASSEMBLY_PLATE-1__PICKEDSET2","ROCK","",      -1.12234,      -1.54236,      -1.53783,      -1.12688,   43.4212E-03
F:/Desktop/DeepOnet_Abaqus/StaticElasticJob.odb,Step-1,Increment      1: Step Time =    1.000,"PLATE-1",          2336,             1,   371.144E-03,  -603.456E-03,            0.,"ASSEMBLY_PLATE-1__PICKEDSET2","ROCK","",  -934.184E-03,      -1.89837,      -1.88694,  -945.614E-03,  -104.354E-03
F:/Desktop/DeepOnet_Abaqus/StaticElasticJob.odb,Step-1,Increment      1: Step Time =    1.000,"PLATE-1",          2337,             1,  -313.687E-03,   507.174E-03,            0.,"ASSEMBLY_PLATE-1__PICKEDSET2","ROCK","",  -918.400E-03,      -2.03418,      -2.02417,  -928.409E-03,  -105.202E-03
F:/Desktop/DeepOnet_Abaqus/StaticElasticJob.odb,Step-1,Increment      1: Step Time =    1.000,"PLATE-1",          2338,             1,  -415.685E-03,   515.583E-03,            0.,"ASSEMBLY_PLATE-1__PICKEDSET2","ROCK","",  -926.037E-03,      -1.96794,      -1.95315,  -940.836E-03,  -123.291E-03
F:/Desktop/DeepOnet_Abaqus/StaticElasticJob.odb,Step-1,Increment      1: Step Time =    1.000,"PLATE-1",          2339,             1,  -419.947E-03,   472.114E-03,            0.,"ASSEMBLY_PLATE-1__PICKEDSET2","ROCK","",  -914.945E-03,      -1.96315,      -1.94011,  -937.984E-03,  -153.682E-03
F:/Desktop/DeepOnet_Abaqus/StaticElasticJob.odb,Step-1,Increment      1: Step Time =    1.000,"PLATE-1",          2340,             1,  -567.776E-03,  -64.8899E-03,            0.,"ASSEMBLY_PLATE-1__PICKEDSET2","ROCK","",      -1.19949,      -1.48683,      -1.43041,      -1.25591,   114.147E-03
F:/Desktop/DeepOnet_Abaqus/StaticElasticJob.odb,Step-1,Increment      1: Step Time =    1.000,"PLATE-1",          2341,             1,  -842.770E-03,   145.612E-03,            0.,"ASSEMBLY_PLATE-1__PICKEDSET2","ROCK","",      -1.10503,      -1.64584,      -1.64314,      -1.10773,  -38.1217E-03
F:/Desktop/DeepOnet_Abaqus/StaticElasticJob.odb,Step-1,Increment      1: Step Time =    1.000,"PLATE-1",          2342,             1,  -380.903E-03,   717.808E-03,            0.,"ASSEMBLY_PLATE-1__PICKEDSET2","ROCK","",  -971.494E-03,      -1.98967,      -1.98932,  -971.840E-03,  -18.7530E-03
F:/Desktop/DeepOnet_Abaqus/StaticElasticJob.odb,Step-1,Increment      1: Step Time =    1.000,"PLATE-1",          2343,             1,  -886.199E-03,   995.773E-03,            0.,"ASSEMBLY_PLATE-1__PICKEDSET2","ROCK","",  -999.776E-03,      -1.78015,      -1.77685,      -1.00308,   50.7040E-03
F:/Desktop/DeepOnet_Abaqus/StaticElasticJob.odb,Step-1,Increment      1: Step Time =    1.000,"PLATE-1",          2344,             1,  -85.1912E-03,  -537.340E-03,            0.,"ASSEMBLY_PLATE-1__PICKEDSET2","ROCK","",  -814.184E-03,      -2.05929,      -2.05205,  -821.418E-03,   94.6318E-03
F:/Desktop/DeepOnet_Abaqus/StaticElasticJob.odb,Step-1,Increment      1: Step Time =    1.000,"PLATE-1",          2345,             1,  -162.666E-03,  -530.119E-03,            0.,"ASSEMBLY_PLATE-1__PICKEDSET2","ROCK","",  -848.003E-03,      -2.03297,      -2.01574,  -865.232E-03,   141.843E-03
F:/Desktop/DeepOnet_Abaqus/StaticElasticJob.odb,Step-1,Increment      1: Step Time =    1.000,"PLATE-1",          2346,             1,   211.083E-03,  -598.471E-03,            0.,"ASSEMBLY_PLATE-1__PICKEDSET2","ROCK","",  -885.687E-03,      -1.96397,      -1.95623,  -893.431E-03,  -91.0522E-03
F:/Desktop/DeepOnet_Abaqus/StaticElasticJob.odb,Step-1,Increment      1: Step Time =    1.000,"PLATE-1",          2347,             1,       1.13546,   405.180E-03,            0.,"ASSEMBLY_PLATE-1__PICKEDSET2","ROCK","",  -983.335E-03,      -1.72592,      -1.72579,  -983.459E-03,  -9.60773E-03
F:/Desktop/DeepOnet_Abaqus/StaticElasticJob.odb,Step-1,Increment      1: Step Time =    1.000,"PLATE-1",          2348,             1,  -482.203E-03,  -535.246E-03,            0.,"ASSEMBLY_PLATE-1__PICKEDSET2","ROCK","",  -987.355E-03,      -1.86100,      -1.84005,      -1.00830,   133.645E-03
F:/Desktop/DeepOnet_Abaqus/StaticElasticJob.odb,Step-1,Increment      1: Step Time =    1.000,"PLATE-1",          2349,             1,   317.261E-03,  -856.439E-03,            0.,"ASSEMBLY_PLATE-1__PICKEDSET2","ROCK","",  -951.277E-03,      -1.86799,      -1.86645,  -952.819E-03,  -37.5578E-03
F:/Desktop/DeepOnet_Abaqus/StaticElasticJob.odb,Step-1,Increment      1: Step Time =    1.000,"PLATE-1",          2350,             1,  -613.451E-03,   205.495E-03,            0.,"ASSEMBLY_PLATE-1__PICKEDSET2","ROCK","",      -1.07430,      -1.64024,      -1.58795,      -1.12660,  -163.891E-03
F:/Desktop/DeepOnet_Abaqus/StaticElasticJob.odb,Step-1,Increment      1: Step Time =    1.000,"PLATE-1",          2351,             1,  -828.623E-03,  -616.773E-03,            0.,"ASSEMBLY_PLATE-1__PICKEDSET2","ROCK","",      -1.01250,      -1.79062,      -1.78296,      -1.02017,   76.8595E-03
F:/Desktop/DeepOnet_Abaqus/StaticElasticJob.odb,Step-1,Increment      1: Step Time =    1.000,"PLATE-1",          2352,             1,   714.296E-03,   412.338E-03,            0.,"ASSEMBLY_PLATE-1__PICKEDSET2","ROCK","",  -920.386E-03,      -1.80063,      -1.78864,  -932.376E-03,   102.032E-03
F:/Desktop/DeepOnet_Abaqus/StaticElasticJob.odb,Step-1,Increment      1: Step Time =    1.000,"PLATE-1",          2353,             1,   758.182E-03,  -145.782E-03,            0.,"ASSEMBLY_PLATE-1__PICKEDSET2","ROCK","",      -1.07002,      -1.64364,      -1.63227,      -1.08139,  -79.9569E-03
F:/Desktop/DeepOnet_Abaqus/StaticElasticJob.odb,Step-1,Increment      1: Step Time =    1.000,"PLATE-1",          2354,             1,   738.856E-03,  -82.0194E-03,            0.,"ASSEMBLY_PLATE-1__PICKEDSET2","ROCK","",      -1.09498,      -1.60318,      -1.59790,      -1.10026,  -51.5256E-03
F:/Desktop/DeepOnet_Abaqus/StaticElasticJob.odb,Step-1,Increment      1: Step Time =    1.000,"PLATE-1",          2355,             1,   815.140E-03,  -80.1865E-03,            0.,"ASSEMBLY_PLATE-1__PICKEDSET2","ROCK","",      -1.07147,      -1.63678,      -1.63331,      -1.07493,  -44.1139E-03
F:/Desktop/DeepOnet_Abaqus/StaticElasticJob.odb,Step-1,Increment      1: Step Time =    1.000,"PLATE-1",          2356,             1,  -801.202E-03,   275.771E-03,            0.,"ASSEMBLY_PLATE-1__PICKEDSET2","ROCK","",      -1.06428,      -1.69690,      -1.68542,      -1.07575,  -84.4307E-03
F:/Desktop/DeepOnet_Abaqus/StaticElasticJob.odb,Step-1,Increment      1: Step Time =    1.000,"PLATE-1",          2357,             1,   105.218E-03,  -529.647E-03,            0.,"ASSEMBLY_PLATE-1__PICKEDSET2","ROCK","",  -806.689E-03,      -2.05566,      -2.05134,  -811.007E-03,  -73.3128E-03
F:/Desktop/DeepOnet_Abaqus/StaticElasticJob.odb,Step-1,Increment      1: Step Time =    1.000,"PLATE-1",          2358,             1,   168.396E-03,  -539.311E-03,            0.,"ASSEMBLY_PLATE-1__PICKEDSET2","ROCK","",  -844.710E-03,      -2.01385,      -2.00322,  -855.347E-03,  -111.011E-03
F:/Desktop/DeepOnet_Abaqus/StaticElasticJob.odb,Step-1,Increment      1: Step Time =    1.000,"PLATE-1",          2359,             1,  -684.151E-03,  -70.9456E-03,            0.,"ASSEMBLY_PLATE-1__PICKEDSET2","ROCK","",      -1.16383,      -1.56399,      -1.54990,      -1.17791,   73.7452E-03
F:/Desktop/DeepOnet_Abaqus/StaticElasticJob.odb,Step-1,Increment      1: Step Time =    1.000,"PLATE-1",          2360,             1,  -624.471E-03,  -64.3858E-03,            0.,"ASSEMBLY_PLATE-1__PICKEDSET2","ROCK","",      -1.18658,      -1.52276,      -1.49868,      -1.21065,   86.6848E-03
F:/Desktop/DeepOnet_Abaqus/StaticElasticJob.odb,Step-1,Increment      1: Step Time =    1.000,"PLATE-1",          2361,             1,  -88.0100E-03,  -601.192E-03,            0.,"ASSEMBLY_PLATE-1__PICKEDSET2","ROCK","",  -858.512E-03,      -2.00557,      -2.00093,  -863.158E-03,   72.8475E-03
F:/Desktop/DeepOnet_Abaqus/StaticElasticJob.odb,Step-1,Increment      1: Step Time =    1.000,"PLATE-1",          2362,             1,   79.1992E-03,  -641.219E-03,            0.,"ASSEMBLY_PLATE-1__PICKEDSET2","ROCK","",  -870.352E-03,      -1.98129,      -1.98067,  -870.972E-03,  -26.2254E-03
F:/Desktop/DeepOnet_Abaqus/StaticElasticJob.odb,Step-1,Increment      1: Step Time =    1.000,"PLATE-1",          2363,             1,  -618.965E-03,  -111.164E-03,            0.,"ASSEMBLY_PLATE-1__PICKEDSET2","ROCK","",      -1.15341,      -1.56942,      -1.52459,      -1.19824,   128.999E-03
F:/Desktop/DeepOnet_Abaqus/StaticElasticJob.odb,Step-1,Increment      1: Step Time =    1.000,"PLATE-1",          2364,             1,   40.8321E-03,  -672.628E-03,            0.,"ASSEMBLY_PLATE-1__PICKEDSET2","ROCK","",  -879.688E-03,      -1.97028,      -1.97027,  -879.694E-03,  -2.59114E-03
F:/Desktop/DeepOnet_Abaqus/StaticElasticJob.odb,Step-1,Increment      1: Step Time =    1.000,"PLATE-1",          2365,             1,   571.448E-03,  -563.524E-03,            0.,"ASSEMBLY_PLATE-1__PICKEDSET2","ROCK","",  -966.147E-03,      -1.83337,      -1.82107,  -978.447E-03,  -102.545E-03
F:/Desktop/DeepOnet_Abaqus/StaticElasticJob.odb,Step-1,Increment      1: Step Time =    1.000,"PLATE-1",          2366,             1,  -837.042E-03,  -489.506E-03,            0.,"ASSEMBLY_PLATE-1__PICKEDSET2","ROCK","",      -1.02583,      -1.77049,      -1.75953,      -1.03679,   89.6842E-03
F:/Desktop/DeepOnet_Abaqus/StaticElasticJob.odb,Step-1,Increment      1: Step Time =    1.000,"PLATE-1",          2367,             1,   897.096E-03,   632.075E-03,            0.,"ASSEMBLY_PLATE-1__PICKEDSET2","ROCK","",  -913.629E-03,      -1.78540,      -1.78490,  -914.129E-03,  -20.8849E-03
F:/Desktop/DeepOnet_Abaqus/StaticElasticJob.odb,Step-1,Increment      1: Step Time =    1.000,"PLATE-1",          2368,             1,   707.889E-03,  -260.057E-03,            0.,"ASSEMBLY_PLATE-1__PICKEDSET2","ROCK","",      -1.03436,      -1.70062,      -1.67842,      -1.05656,  -119.567E-03
F:/Desktop/DeepOnet_Abaqus/StaticElasticJob.odb,Step-1,Increment      1: Step Time =    1.000,"PLATE-1",          2369,             1,   340.327E-03,  -666.247E-03,            0.,"ASSEMBLY_PLATE-1__PICKEDSET2","ROCK","",  -934.215E-03,      -1.89589,      -1.88899,  -941.106E-03,  -81.1181E-03
F:/Desktop/DeepOnet_Abaqus/StaticElasticJob.odb,Step-1,Increment      1: Step Time =    1.000,"PLATE-1",          2370,             1,   726.451E-03,   320.037E-03,            0.,"ASSEMBLY_PLATE-1__PICKEDSET2","ROCK","",  -960.480E-03,      -1.74924,      -1.73397,  -975.747E-03,   108.670E-03
F:/Desktop/DeepOnet_Abaqus/StaticElasticJob.odb,Step-1,Increment      1: Step Time =    1.000,"PLATE-1",          2371,             1,  -410.612E-03,   556.311E-03,            0.,"ASSEMBLY_PLATE-1__PICKEDSET2","ROCK","",  -938.266E-03,      -1.97413,      -1.96480,  -947.601E-03,  -97.8883E-03
F:/Desktop/DeepOnet_Abaqus/StaticElasticJob.odb,Step-1,Increment      1: Step Time =    1.000,"PLATE-1",          2372,             1,  -449.133E-03,   567.361E-03,            0.,"ASSEMBLY_PLATE-1__PICKEDSET2","ROCK","",  -940.467E-03,      -1.95211,      -1.94357,  -949.005E-03,  -92.5465E-03
F:/Desktop/DeepOnet_Abaqus/StaticElasticJob.odb,Step-1,Increment      1: Step Time =    1.000,"PLATE-1",          2373,             1,   743.134E-03,   473.463E-03,            0.,"ASSEMBLY_PLATE-1__PICKEDSET2","ROCK","",  -904.363E-03,      -1.81440,      -1.80927,  -909.494E-03,   68.1450E-03
F:/Desktop/DeepOnet_Abaqus/StaticElasticJob.odb,Step-1,Increment      1: Step Time =    1.000,"PLATE-1",          2374,             1,  -199.666E-03,  -581.065E-03,            0.,"ASSEMBLY_PLATE-1__PICKEDSET2","ROCK","",  -892.652E-03,      -1.98117,      -1.96615,  -907.678E-03,   127.003E-03
F:/Desktop/DeepOnet_Abaqus/StaticElasticJob.odb,Step-1,Increment      1: Step Time =    1.000,"PLATE-1",          2375,             1,  -150.679E-03,  -612.885E-03,            0.,"ASSEMBLY_PLATE-1__PICKEDSET2","ROCK","",  -881.998E-03,      -1.98274,      -1.97454,  -890.205E-03,   94.6922E-03
F:/Desktop/DeepOnet_Abaqus/StaticElasticJob.odb,Step-1,Increment      1: Step Time =    1.000,"PLATE-1",          2376,             1,  -658.405E-03,   346.183E-03,            0.,"ASSEMBLY_PLATE-1__PICKEDSET2","ROCK","",      -1.01192,      -1.75814,      -1.72770,      -1.04236,  -147.622E-03
F:/Desktop/DeepOnet_Abaqus/StaticElasticJob.odb,Step-1,Increment      1: Step Time =    1.000,"PLATE-1",          2377,             1,  -22.1404E-03,  -660.296E-03,            0.,"ASSEMBLY_PLATE-1__PICKEDSET2","ROCK","",  -880.008E-03,      -1.97277,      -1.97221,  -880.566E-03,   24.6851E-03
F:/Desktop/DeepOnet_Abaqus/StaticElasticJob.odb,Step-1,Increment      1: Step Time =    1.000,"PLATE-1",          2378,             1,   1.92573E-03,  -698.898E-03,            0.,"ASSEMBLY_PLATE-1__PICKEDSET2","ROCK","",  -891.951E-03,      -1.95712,      -1.95687,  -892.201E-03,   16.3105E-03
F:/Desktop/DeepOnet_Abaqus/StaticElasticJob.odb,Step-1,Increment      1: Step Time =    1.000,"PLATE-1",          2379,             1,   69.9350E-03,  -721.198E-03,            0.,"ASSEMBLY_PLATE-1__PICKEDSET2","ROCK","",  -901.766E-03,      -1.94200,      -1.94190,  -901.868E-03,  -10.3035E-03
F:/Desktop/DeepOnet_Abaqus/StaticElasticJob.odb,Step-1,Increment      1: Step Time =    1.000,"PLATE-1",          2380,             1,  -878.370E-03,   363.797E-03,            0.,"ASSEMBLY_PLATE-1__PICKEDSET2","ROCK","",      -1.04032,      -1.73415,      -1.72772,      -1.04675,  -66.4871E-03
F:/Desktop/DeepOnet_Abaqus/StaticElasticJob.odb,Step-1,Increment      1: Step Time =    1.000,"PLATE-1",          2381,             1,  -817.448E-03,  -95.3546E-03,            0.,"ASSEMBLY_PLATE-1__PICKEDSET2","ROCK","",      -1.12190,      -1.62853,      -1.62322,      -1.12721,   51.6014E-03
F:/Desktop/DeepOnet_Abaqus/StaticElasticJob.odb,Step-1,Increment      1: Step Time =    1.000,"PLATE-1",          2382,             1,   777.371E-03,   636.554E-03,            0.,"ASSEMBLY_PLATE-1__PICKEDSET2","ROCK","",  -879.498E-03,      -1.83038,      -1.83031,  -879.573E-03,  -8.39334E-03
F:/Desktop/DeepOnet_Abaqus/StaticElasticJob.odb,Step-1,Increment      1: Step Time =    1.000,"PLATE-1",          2383,             1,       1.06566,   364.211E-03,            0.,"ASSEMBLY_PLATE-1__PICKEDSET2","ROCK","",  -983.443E-03,      -1.72624,      -1.72622,  -983.458E-03,   3.26937E-03
F:/Desktop/DeepOnet_Abaqus/StaticElasticJob.odb,Step-1,Increment      1: Step Time =    1.000,"PLATE-1",          2384,             1,   834.000E-03,   619.745E-03,            0.,"ASSEMBLY_PLATE-1__PICKEDSET2","ROCK","",  -896.673E-03,      -1.80533,      -1.80526,  -896.735E-03,  -7.51866E-03
F:/Desktop/DeepOnet_Abaqus/StaticElasticJob.odb,Step-1,Increment      1: Step Time =    1.000,"PLATE-1",          2385,             1,   252.746E-03,  -749.501E-03,            0.,"ASSEMBLY_PLATE-1__PICKEDSET2","ROCK","",  -930.931E-03,      -1.89997,      -1.89744,  -933.463E-03,  -49.4709E-03
F:/Desktop/DeepOnet_Abaqus/StaticElasticJob.odb,Step-1,Increment      1: Step Time =    1.000,"PLATE-1",          2386,             1,  -726.000E-03,  -648.778E-03,            0.,"ASSEMBLY_PLATE-1__PICKEDSET2","ROCK","",      -1.00535,      -1.80672,      -1.79821,      -1.01386,   82.1388E-03
F:/Desktop/DeepOnet_Abaqus/StaticElasticJob.odb,Step-1,Increment      1: Step Time =    1.000,"PLATE-1",          2387,             1,   616.285E-03,  -469.716E-03,            0.,"ASSEMBLY_PLATE-1__PICKEDSET2","ROCK","",  -976.898E-03,      -1.80861,      -1.79076,  -994.749E-03,  -120.536E-03
F:/Desktop/DeepOnet_Abaqus/StaticElasticJob.odb,Step-1,Increment      1: Step Time =    1.000,"PLATE-1",          2388,             1,  -827.181E-03,   852.101E-03,            0.,"ASSEMBLY_PLATE-1__PICKEDSET2","ROCK","",  -981.381E-03,      -1.82107,      -1.82040,  -982.059E-03,   23.8448E-03
F:/Desktop/DeepOnet_Abaqus/StaticElasticJob.odb,Step-1,Increment      1: Step Time =    1.000,"PLATE-1",          2389,             1,  -743.433E-03,  -12.3448E-03,            0.,"ASSEMBLY_PLATE-1__PICKEDSET2","ROCK","",      -1.15762,      -1.57515,      -1.57327,      -1.15950,   27.9456E-03
F:/Desktop/DeepOnet_Abaqus/StaticElasticJob.odb,Step-1,Increment      1: Step Time =    1.000,"PLATE-1",          2390,             1,  -741.428E-03,   90.0103E-03,            0.,"ASSEMBLY_PLATE-1__PICKEDSET2","ROCK","",      -1.14538,      -1.58411,      -1.58048,      -1.14901,  -39.7060E-03
F:/Desktop/DeepOnet_Abaqus/StaticElasticJob.odb,Step-1,Increment      1: Step Time =    1.000,"PLATE-1",          2391,             1,  -125.742E-03,  -801.026E-03,            0.,"ASSEMBLY_PLATE-1__PICKEDSET2","ROCK","",  -936.277E-03,      -1.90459,      -1.90254,  -938.326E-03,   44.5025E-03
F:/Desktop/DeepOnet_Abaqus/StaticElasticJob.odb,Step-1,Increment      1: Step Time =    1.000,"PLATE-1",          2392,             1,  -17.9506E-03,  -762.210E-03,            0.,"ASSEMBLY_PLATE-1__PICKEDSET2","ROCK","",  -915.348E-03,      -1.92739,      -1.92705,  -915.691E-03,   18.6390E-03
F:/Desktop/DeepOnet_Abaqus/StaticElasticJob.odb,Step-1,Increment      1: Step Time =    1.000,"PLATE-1",          2393,             1,  -423.028E-03,  -863.596E-03,            0.,"ASSEMBLY_PLATE-1__PICKEDSET2","ROCK","",  -980.241E-03,      -1.84739,      -1.84332,  -984.314E-03,   59.2904E-03
F:/Desktop/DeepOnet_Abaqus/StaticElasticJob.odb,Step-1,Increment      1: Step Time =    1.000,"PLATE-1",          2394,             1,  -713.248E-03,   602.095E-03,            0.,"ASSEMBLY_PLATE-1__PICKEDSET2","ROCK","",  -976.143E-03,      -1.84416,      -1.83972,  -980.582E-03,  -61.9160E-03
F:/Desktop/DeepOnet_Abaqus/StaticElasticJob.odb,Step-1,Increment      1: Step Time =    1.000,"PLATE-1",          2395,             1,   935.492E-03,   144.767E-03,            0.,"ASSEMBLY_PLATE-1__PICKEDSET2","ROCK","",      -1.02778,      -1.68121,      -1.68075,      -1.02824,   17.3693E-03
F:/Desktop/DeepOnet_Abaqus/StaticElasticJob.odb,Step-1,Increment      1: Step Time =    1.000,"PLATE-1",          2396,             1,       1.03301,   178.013E-03,            0.,"ASSEMBLY_PLATE-1__PICKEDSET2","ROCK","",      -1.01393,      -1.69882,      -1.69876,      -1.01399,   6.45298E-03
F:/Desktop/DeepOnet_Abaqus/StaticElasticJob.odb,Step-1,Increment      1: Step Time =    1.000,"PLATE-1",          2397,             1,   613.028E-03,  -629.314E-03,            0.,"ASSEMBLY_PLATE-1__PICKEDSET2","ROCK","",  -968.460E-03,      -1.82681,      -1.81823,  -977.039E-03,  -85.3838E-03
F:/Desktop/DeepOnet_Abaqus/StaticElasticJob.odb,Step-1,Increment      1: Step Time =    1.000,"PLATE-1",          2398,             1,  -114.006E-03,  -682.665E-03,            0.,"ASSEMBLY_PLATE-1__PICKEDSET2","ROCK","",  -900.222E-03,      -1.95350,      -1.95001,  -903.712E-03,   60.5252E-03
F:/Desktop/DeepOnet_Abaqus/StaticElasticJob.odb,Step-1,Increment      1: Step Time =    1.000,"PLATE-1",          2399,             1,  -799.029E-03,   500.508E-03,            0.,"ASSEMBLY_PLATE-1__PICKEDSET2","ROCK","",      -1.00383,      -1.78998,      -1.78320,      -1.01061,  -72.6773E-03
F:/Desktop/DeepOnet_Abaqus/StaticElasticJob.odb,Step-1,Increment      1: Step Time =    1.000,"PLATE-1",          2400,             1,       1.43136,       1.74721,            0.,"ASSEMBLY_PLATE-1__PICKEDSET2","ROCK","",      -1.01635,      -1.72888,      -1.71883,      -1.02640,   84.0344E-03
F:/Desktop/DeepOnet_Abaqus/StaticElasticJob.odb,Step-1,Increment      1: Step Time =    1.000,"PLATE-1",          2401,             1,   518.653E-03,      -1.83903,            0.,"ASSEMBLY_PLATE-1__PICKEDSET2","ROCK","",  -994.396E-03,      -1.79188,      -1.79187,  -994.406E-03,  -2.81128E-03
F:/Desktop/DeepOnet_Abaqus/StaticElasticJob.odb,Step-1,Increment      1: Step Time =    1.000,"PLATE-1",          2402,             1,      -1.90454,   117.786E-03,            0.,"ASSEMBLY_PLATE-1__PICKEDSET2","ROCK","",      -1.02579,      -1.74463,      -1.74431,      -1.02611,   15.0770E-03
F:/Desktop/DeepOnet_Abaqus/StaticElasticJob.odb,Step-1,Increment      1: Step Time =    1.000,"PLATE-1",          2403,             1,       1.86695,       1.45649,            0.,"ASSEMBLY_PLATE-1__PICKEDSET2","ROCK","",      -1.03628,      -1.70625,      -1.70440,      -1.03812,   35.0921E-03
F:/Desktop/DeepOnet_Abaqus/StaticElasticJob.odb,Step-1,Increment      1: Step Time =    1.000,"PLATE-1",          2404,             1,  -459.623E-03,      -1.94080,            0.,"ASSEMBLY_PLATE-1__PICKEDSET2","ROCK","",      -1.00258,      -1.78573,      -1.78562,      -1.00269,   9.29573E-03
F:/Desktop/DeepOnet_Abaqus/StaticElasticJob.odb,Step-1,Increment      1: Step Time =    1.000,"PLATE-1",          2405,             1,      -1.86426,       1.34070,            0.,"ASSEMBLY_PLATE-1__PICKEDSET2","ROCK","",      -1.02841,      -1.72768,      -1.72768,      -1.02841,  -458.121E-06
F:/Desktop/DeepOnet_Abaqus/StaticElasticJob.odb,Step-1,Increment      1: Step Time =    1.000,"PLATE-1",          2406,             1,  -792.090E-03,       2.04371,            0.,"ASSEMBLY_PLATE-1__PICKEDSET2","ROCK","",  -969.449E-03,      -1.71232,      -1.69330,  -988.469E-03,  -117.336E-03
F:/Desktop/DeepOnet_Abaqus/StaticElasticJob.odb,Step-1,Increment      1: Step Time =    1.000,"PLATE-1",          2407,             1,       1.57370,      -2.23625,            0.,"ASSEMBLY_PLATE-1__PICKEDSET2","ROCK","",  -997.039E-03,      -1.77517,      -1.77505,  -997.162E-03,  -9.77006E-03
F:/Desktop/DeepOnet_Abaqus/StaticElasticJob.odb,Step-1,Increment      1: Step Time =    1.000,"PLATE-1",          2408,             1,       1.18999,      -2.33178,            0.,"ASSEMBLY_PLATE-1__PICKEDSET2","ROCK","",  -997.848E-03,      -1.77716,      -1.77711,  -997.896E-03,  -6.12139E-03
F:/Desktop/DeepOnet_Abaqus/StaticElasticJob.odb,Step-1,Increment      1: Step Time =    1.000,"PLATE-1",          2409,             1,       1.92134,   889.225E-03,            0.,"ASSEMBLY_PLATE-1__PICKEDSET2","ROCK","",      -1.03032,      -1.70620,      -1.70618,      -1.03034,  -3.47627E-03
F:/Desktop/DeepOnet_Abaqus/StaticElasticJob.odb,Step-1,Increment      1: Step Time =    1.000,"PLATE-1",          2410,             1,  -275.643E-03,      -1.98071,            0.,"ASSEMBLY_PLATE-1__PICKEDSET2","ROCK","",      -1.00167,      -1.78716,      -1.78708,      -1.00175,   7.72372E-03
F:/Desktop/DeepOnet_Abaqus/StaticElasticJob.odb,Step-1,Increment      1: Step Time =    1.000,"PLATE-1",          2411,             1,       1.88762,  -151.488E-03,            0.,"ASSEMBLY_PLATE-1__PICKEDSET2","ROCK","",      -1.01022,      -1.74150,      -1.74025,      -1.01148,  -30.2658E-03
F:/Desktop/DeepOnet_Abaqus/StaticElasticJob.odb,Step-1,Increment      1: Step Time =    1.000,"PLATE-1",          2412,             1,       2.08098,   339.103E-03,            0.,"ASSEMBLY_PLATE-1__PICKEDSET2","ROCK","",      -1.02054,      -1.72552,      -1.72494,      -1.02112,  -20.2464E-03
F:/Desktop/DeepOnet_Abaqus/StaticElasticJob.odb,Step-1,Increment      1: Step Time =    1.000,"PLATE-1",          2413,             1,       2.59697,  -961.351E-03,            0.,"ASSEMBLY_PLATE-1__PICKEDSET2","ROCK","",      -1.00666,      -1.76079,      -1.76013,      -1.00731,  -22.2219E-03
F:/Desktop/DeepOnet_Abaqus/StaticElasticJob.odb,Step-1,Increment      1: Step Time =    1.000,"PLATE-1",          2414,             1,   450.113E-03,      -2.25801,            0.,"ASSEMBLY_PLATE-1__PICKEDSET2","ROCK","",  -999.675E-03,      -1.78233,      -1.78233,  -999.675E-03,   289.100E-06
F:/Desktop/DeepOnet_Abaqus/StaticElasticJob.odb,Step-1,Increment      1: Step Time =    1.000,"PLATE-1",          2415,             1,       1.34928,      -2.03430,            0.,"ASSEMBLY_PLATE-1__PICKEDSET2","ROCK","",  -995.258E-03,      -1.77933,      -1.77918,  -995.402E-03,  -10.6132E-03
F:/Desktop/DeepOnet_Abaqus/StaticElasticJob.odb,Step-1,Increment      1: Step Time =    1.000,"PLATE-1",          2416,             1,      -2.17209,       2.36372,            0.,"ASSEMBLY_PLATE-1__PICKEDSET2","ROCK","",      -1.01592,      -1.74788,      -1.74711,      -1.01669,  -23.7208E-03
F:/Desktop/DeepOnet_Abaqus/StaticElasticJob.odb,Step-1,Increment      1: Step Time =    1.000,"PLATE-1",          2417,             1,       1.07330,       2.34977,            0.,"ASSEMBLY_PLATE-1__PICKEDSET2","ROCK","",  -995.815E-03,      -1.85628,      -1.85490,  -997.199E-03,   34.4785E-03
F:/Desktop/DeepOnet_Abaqus/StaticElasticJob.odb,Step-1,Increment      1: Step Time =    1.000,"PLATE-1",          2418,             1,       1.54579,       2.22730,            0.,"ASSEMBLY_PLATE-1__PICKEDSET2","ROCK","",  -994.026E-03,      -1.79693,      -1.79342,  -997.536E-03,   52.9691E-03
F:/Desktop/DeepOnet_Abaqus/StaticElasticJob.odb,Step-1,Increment      1: Step Time =    1.000,"PLATE-1",          2419,             1,      -2.02309,      -2.43805,            0.,"ASSEMBLY_PLATE-1__PICKEDSET2","ROCK","",      -1.00371,      -1.76668,      -1.76660,      -1.00380,   7.97490E-03
F:/Desktop/DeepOnet_Abaqus/StaticElasticJob.odb,Step-1,Increment      1: Step Time =    1.000,"PLATE-1",          2420,             1,       2.59235,  -37.4846E-03,            0.,"ASSEMBLY_PLATE-1__PICKEDSET2","ROCK","",      -1.01917,      -1.74445,      -1.74393,      -1.01969,  -19.3034E-03
F:/Desktop/DeepOnet_Abaqus/StaticElasticJob.odb,Step-1,Increment      1: Step Time =    1.000,"PLATE-1",          2421,             1,  -123.943E-03,       2.67473,            0.,"ASSEMBLY_PLATE-1__PICKEDSET2","ROCK","",  -951.517E-03,      -1.86758,      -1.86714,  -951.963E-03,   20.2088E-03
F:/Desktop/DeepOnet_Abaqus/StaticElasticJob.odb,Step-1,Increment      1: Step Time =    1.000,"PLATE-1",          2422,             1,       2.80289,      -2.57233,            0.,"ASSEMBLY_PLATE-1__PICKEDSET2","ROCK","",  -999.238E-03,      -1.76147,      -1.76139,  -999.322E-03,  -8.03259E-03
F:/Desktop/DeepOnet_Abaqus/StaticElasticJob.odb,Step-1,Increment      1: Step Time =    1.000,"PLATE-1",          2423,             1,   427.233E-03,       1.87050,            0.,"ASSEMBLY_PLATE-1__PICKEDSET2","ROCK","",      -1.08857,      -2.28315,      -2.20715,      -1.16457,  -291.585E-03
F:/Desktop/DeepOnet_Abaqus/StaticElasticJob.odb,Step-1,Increment      1: Step Time =    1.000,"PLATE-1",          2424,             1,      -1.91504,  -880.532E-03,            0.,"ASSEMBLY_PLATE-1__PICKEDSET2","ROCK","",      -1.01285,      -1.76305,      -1.76229,      -1.01361,   23.8905E-03
F:/Desktop/DeepOnet_Abaqus/StaticElasticJob.odb,Step-1,Increment      1: Step Time =    1.000,"PLATE-1",          2425,             1,  -127.613E-03,      -1.93950,            0.,"ASSEMBLY_PLATE-1__PICKEDSET2","ROCK","",  -999.592E-03,      -1.79055,      -1.79049,  -999.645E-03,   6.46078E-03
F:/Desktop/DeepOnet_Abaqus/StaticElasticJob.odb,Step-1,Increment      1: Step Time =    1.000,"PLATE-1",          2426,             1,       3.03431,      -1.53027,            0.,"ASSEMBLY_PLATE-1__PICKEDSET2","ROCK","",      -1.00632,      -1.75951,      -1.75924,      -1.00659,  -14.0791E-03
F:/Desktop/DeepOnet_Abaqus/StaticElasticJob.odb,Step-1,Increment      1: Step Time =    1.000,"PLATE-1",          2427,             1,  -770.243E-03,       1.93093,            0.,"ASSEMBLY_PLATE-1__PICKEDSET2","ROCK","",      -1.00138,      -1.68418,      -1.66684,      -1.01873,  -107.424E-03
F:/Desktop/DeepOnet_Abaqus/StaticElasticJob.odb,Step-1,Increment      1: Step Time =    1.000,"PLATE-1",          2428,             1,       2.01441,      -1.95412,            0.,"ASSEMBLY_PLATE-1__PICKEDSET2","ROCK","",  -997.179E-03,      -1.77171,      -1.77140,  -997.482E-03,  -15.3092E-03
F:/Desktop/DeepOnet_Abaqus/StaticElasticJob.odb,Step-1,Increment      1: Step Time =    1.000,"PLATE-1",          2429,             1,       1.29325,       2.23783,            0.,"ASSEMBLY_PLATE-1__PICKEDSET2","ROCK","",  -989.046E-03,      -1.82602,      -1.82239,  -992.671E-03,   54.9591E-03
F:/Desktop/DeepOnet_Abaqus/StaticElasticJob.odb,Step-1,Increment      1: Step Time =    1.000,"PLATE-1",          2430,             1,       1.03990,       1.85934,            0.,"ASSEMBLY_PLATE-1__PICKEDSET2","ROCK","",      -1.00717,      -1.80834,      -1.78059,      -1.03492,   146.502E-03
F:/Desktop/DeepOnet_Abaqus/StaticElasticJob.odb,Step-1,Increment      1: Step Time =    1.000,"PLATE-1",          2431,             1,  -862.618E-03,       1.76386,            0.,"ASSEMBLY_PLATE-1__PICKEDSET2","ROCK","",      -1.04654,      -1.62900,      -1.62172,      -1.05382,  -64.7086E-03
F:/Desktop/DeepOnet_Abaqus/StaticElasticJob.odb,Step-1,Increment      1: Step Time =    1.000,"PLATE-1",          2432,             1,      -1.36983,       1.71253,            0.,"ASSEMBLY_PLATE-1__PICKEDSET2","ROCK","",      -1.03844,      -1.69474,      -1.69414,      -1.03904,  -19.8970E-03
F:/Desktop/DeepOnet_Abaqus/StaticElasticJob.odb,Step-1,Increment      1: Step Time =    1.000,"PLATE-1",          2433,             1,      -1.66933,   149.835E-03,            0.,"ASSEMBLY_PLATE-1__PICKEDSET2","ROCK","",      -1.03208,      -1.73880,      -1.73856,      -1.03232,   13.1570E-03
F:/Desktop/DeepOnet_Abaqus/StaticElasticJob.odb,Step-1,Increment      1: Step Time =    1.000,"PLATE-1",          2434,             1,      -1.69187,      -1.36127,            0.,"ASSEMBLY_PLATE-1__PICKEDSET2","ROCK","",      -1.00747,      -1.77081,      -1.77026,      -1.00802,   20.5346E-03
F:/Desktop/DeepOnet_Abaqus/StaticElasticJob.odb,Step-1,Increment      1: Step Time =    1.000,"PLATE-1",          2435,             1,  -255.603E-03,      -1.83905,            0.,"ASSEMBLY_PLATE-1__PICKEDSET2","ROCK","",      -1.00000,      -1.79122,      -1.79113,      -1.00010,   8.80549E-03
F:/Desktop/DeepOnet_Abaqus/StaticElasticJob.odb,Step-1,Increment      1: Step Time =    1.000,"PLATE-1",          2436,             1,       1.35792,      -1.85627,            0.,"ASSEMBLY_PLATE-1__PICKEDSET2","ROCK","",  -993.487E-03,      -1.78124,      -1.78101,  -993.712E-03,  -13.3075E-03
F:/Desktop/DeepOnet_Abaqus/StaticElasticJob.odb,Step-1,Increment      1: Step Time =    1.000,"PLATE-1",          2437,             1,       1.66106,  -148.929E-03,            0.,"ASSEMBLY_PLATE-1__PICKEDSET2","ROCK","",      -1.00888,      -1.73645,      -1.73481,      -1.01052,  -34.5115E-03
F:/Desktop/DeepOnet_Abaqus/StaticElasticJob.odb,Step-1,Increment      1: Step Time =    1.000,"PLATE-1",          2438,             1,       1.66354,       1.34962,            0.,"ASSEMBLY_PLATE-1__PICKEDSET2","ROCK","",      -1.04227,      -1.68430,      -1.68294,      -1.04363,   29.5255E-03
F:/Desktop/DeepOnet_Abaqus/StaticElasticJob.odb,Step-1,Increment      1: Step Time =    1.000,"PLATE-1",          2439,             1,   592.372E-03,       1.65753,            0.,"ASSEMBLY_PLATE-1__PICKEDSET2","ROCK","",  -719.980E-03,      -1.99205,      -1.60595,      -1.10608,   584.872E-03
F:/Desktop/DeepOnet_Abaqus/StaticElasticJob.odb,Step-1,Increment      1: Step Time =    1.000,"PLATE-1",          2440,             1,       1.35749,       1.65069,            0.,"ASSEMBLY_PLATE-1__PICKEDSET2","ROCK","",      -1.02859,      -1.70240,      -1.69126,      -1.03973,   85.9301E-03
F:/Desktop/DeepOnet_Abaqus/StaticElasticJob.odb,Step-1,Increment      1: Step Time =    1.000,"PLATE-1",          2441,             1,   396.342E-03,       1.76702,            0.,"ASSEMBLY_PLATE-1__PICKEDSET2","ROCK","",  -805.103E-03,      -3.57633,      -3.20913,      -1.17230,   939.551E-03
F:/Desktop/DeepOnet_Abaqus/StaticElasticJob.odb,Step-1,Increment      1: Step Time =    1.000,"PLATE-1",          2442,             1,   789.777E-03,       1.65531,            0.,"ASSEMBLY_PLATE-1__PICKEDSET2","ROCK","",  -958.819E-03,      -1.74187,      -1.61437,      -1.08632,   289.105E-03
F:/Desktop/DeepOnet_Abaqus/StaticElasticJob.odb,Step-1,Increment      1: Step Time =    1.000,"PLATE-1",          2443,             1,   482.375E-03,       1.64748,            0.,"ASSEMBLY_PLATE-1__PICKEDSET2","ROCK","",  -579.191E-03,      -2.46794,      -1.30190,      -1.74523,   917.990E-03
F:/Desktop/DeepOnet_Abaqus/StaticElasticJob.odb,Step-1,Increment      1: Step Time =    1.000,"PLATE-1",          2444,             1,   118.355E-03,       1.73168,            0.,"ASSEMBLY_PLATE-1__PICKEDSET2","ROCK","",  -358.205E-03,      -2.37829,      -2.17037,  -566.131E-03,  -613.838E-03
F:/Desktop/DeepOnet_Abaqus/StaticElasticJob.odb,Step-1,Increment      1: Step Time =    1.000,"PLATE-1",          2445,             1,   2.34371E-03,       1.68091,            0.,"ASSEMBLY_PLATE-1__PICKEDSET2","ROCK","",  -179.619E-03,      -1.89363,      -1.49881,  -574.446E-03,  -721.700E-03
F:/Desktop/DeepOnet_Abaqus/StaticElasticJob.odb,Step-1,Increment      1: Step Time =    1.000,"PLATE-1",          2446,             1,  -92.8160E-03,       1.67449,            0.,"ASSEMBLY_PLATE-1__PICKEDSET2","ROCK","",  -403.178E-03,      -1.68314,      -1.33712,  -749.202E-03,  -568.477E-03
F:/Desktop/DeepOnet_Abaqus/StaticElasticJob.odb,Step-1,Increment      1: Step Time =    1.000,"PLATE-1",          2447,             1,  -206.232E-03,       1.82979,            0.,"ASSEMBLY_PLATE-1__PICKEDSET2","ROCK","",  -643.176E-03,      -1.85735,      -1.73898,  -761.539E-03,  -360.143E-03
F:/Desktop/DeepOnet_Abaqus/StaticElasticJob.odb,Step-1,Increment      1: Step Time =    1.000,"PLATE-1",          2448,             1,  -189.953E-03,       1.67536,            0.,"ASSEMBLY_PLATE-1__PICKEDSET2","ROCK","",  -547.748E-03,      -1.65865,      -1.32915,  -877.251E-03,  -507.419E-03
F:/Desktop/DeepOnet_Abaqus/StaticElasticJob.odb,Step-1,Increment      1: Step Time =    1.000,"PLATE-1",          2449,             1,  -30.4789E-03,       1.82453,            0.,"ASSEMBLY_PLATE-1__PICKEDSET2","ROCK","",  -492.113E-03,      -2.23085,      -2.15781,  -565.156E-03,  -348.809E-03
F:/Desktop/DeepOnet_Abaqus/StaticElasticJob.odb,Step-1,Increment      1: Step Time =    1.000,"PLATE-1",          2450,             1,  -287.595E-03,       1.67583,            0.,"ASSEMBLY_PLATE-1__PICKEDSET2","ROCK","",  -779.148E-03,      -1.57019,      -1.34681,      -1.00252,  -356.094E-03
F:/Desktop/DeepOnet_Abaqus/StaticElasticJob.odb,Step-1,Increment      1: Step Time =    1.000,"PLATE-1",          2451,             1,  -773.966E-03,       1.75844,            0.,"ASSEMBLY_PLATE-1__PICKEDSET2","ROCK","",      -1.04612,      -1.61257,      -1.60079,      -1.05790,  -80.8301E-03
F:/Desktop/DeepOnet_Abaqus/StaticElasticJob.odb,Step-1,Increment      1: Step Time =    1.000,"PLATE-1",          2452,             1,  -577.644E-03,       1.66024,            0.,"ASSEMBLY_PLATE-1__PICKEDSET2","ROCK","",      -1.05493,      -1.52430,      -1.49506,      -1.08417,  -113.442E-03
F:/Desktop/DeepOnet_Abaqus/StaticElasticJob.odb,Step-1,Increment      1: Step Time =    1.000,"PLATE-1",          2453,             1,  -673.518E-03,       1.65503,            0.,"ASSEMBLY_PLATE-1__PICKEDSET2","ROCK","",      -1.07805,      -1.54954,      -1.53819,      -1.08940,  -72.2606E-03
F:/Desktop/DeepOnet_Abaqus/StaticElasticJob.odb,Step-1,Increment      1: Step Time =    1.000,"PLATE-1",          2454,             1,  -769.516E-03,       1.65319,            0.,"ASSEMBLY_PLATE-1__PICKEDSET2","ROCK","",      -1.06987,      -1.58538,      -1.58033,      -1.07493,  -50.7820E-03
F:/Desktop/DeepOnet_Abaqus/StaticElasticJob.odb,Step-1,Increment      1: Step Time =    1.000,"PLATE-1",          2455,             1,      -1.05626,       1.67212,            0.,"ASSEMBLY_PLATE-1__PICKEDSET2","ROCK","",      -1.05195,      -1.65406,      -1.65278,      -1.05323,  -27.7393E-03
F:/Desktop/DeepOnet_Abaqus/StaticElasticJob.odb,Step-1,Increment      1: Step Time =    1.000,"PLATE-1",          2456,             1,      -1.15479,       1.68848,            0.,"ASSEMBLY_PLATE-1__PICKEDSET2","ROCK","",      -1.04705,      -1.67124,      -1.67043,      -1.04787,  -22.4973E-03
F:/Desktop/DeepOnet_Abaqus/StaticElasticJob.odb,Step-1,Increment      1: Step Time =    1.000,"PLATE-1",          2457,             1,      -1.26011,       1.70309,            0.,"ASSEMBLY_PLATE-1__PICKEDSET2","ROCK","",      -1.04325,      -1.68169,      -1.68094,      -1.04400,  -21.8680E-03
F:/Desktop/DeepOnet_Abaqus/StaticElasticJob.odb,Step-1,Increment      1: Step Time =    1.000,"PLATE-1",          2458,             1,       1.81136,       1.71867,            0.,"ASSEMBLY_PLATE-1__PICKEDSET2","ROCK","",      -1.02139,      -1.73408,      -1.73042,      -1.02505,   50.9600E-03
F:/Desktop/DeepOnet_Abaqus/StaticElasticJob.odb,Step-1,Increment      1: Step Time =    1.000,"PLATE-1",          2459,             1,       1.54285,       1.66909,            0.,"ASSEMBLY_PLATE-1__PICKEDSET2","ROCK","",      -1.02690,      -1.71682,      -1.71048,      -1.03324,   65.8348E-03
F:/Desktop/DeepOnet_Abaqus/StaticElasticJob.odb,Step-1,Increment      1: Step Time =    1.000,"PLATE-1",          2460,             1,       1.26394,       1.65247,            0.,"ASSEMBLY_PLATE-1__PICKEDSET2","ROCK","",      -1.03812,      -1.69721,      -1.68297,      -1.05236,   95.8247E-03
F:/Desktop/DeepOnet_Abaqus/StaticElasticJob.odb,Step-1,Increment      1: Step Time =    1.000,"PLATE-1",          2461,             1,       1.16804,       1.65635,            0.,"ASSEMBLY_PLATE-1__PICKEDSET2","ROCK","",      -1.02919,      -1.68914,      -1.66636,      -1.05196,   120.467E-03
F:/Desktop/DeepOnet_Abaqus/StaticElasticJob.odb,Step-1,Increment      1: Step Time =    1.000,"PLATE-1",          2462,             1,       1.27448,       1.75460,            0.,"ASSEMBLY_PLATE-1__PICKEDSET2","ROCK","",      -1.01464,      -1.73471,      -1.71880,      -1.03054,   105.822E-03
F:/Desktop/DeepOnet_Abaqus/StaticElasticJob.odb,Step-1,Increment      1: Step Time =    1.000,"PLATE-1",          2463,             1,   693.504E-03,       1.65923,            0.,"ASSEMBLY_PLATE-1__PICKEDSET2","ROCK","",  -983.241E-03,      -1.73639,      -1.54531,      -1.17432,   327.717E-03
F:/Desktop/DeepOnet_Abaqus/StaticElasticJob.odb,Step-1,Increment      1: Step Time =    1.000,"PLATE-1",          2464,             1,       1.69106,      -1.53397,            0.,"ASSEMBLY_PLATE-1__PICKEDSET2","ROCK","",  -993.655E-03,      -1.77688,      -1.77634,  -994.189E-03,  -20.4455E-03
F:/Desktop/DeepOnet_Abaqus/StaticElasticJob.odb,Step-1,Increment      1: Step Time =    1.000,"PLATE-1",          2465,             1,       1.67068,      -1.43469,            0.,"ASSEMBLY_PLATE-1__PICKEDSET2","ROCK","",  -993.450E-03,      -1.77673,      -1.77609,  -994.088E-03,  -22.3516E-03
F:/Desktop/DeepOnet_Abaqus/StaticElasticJob.odb,Step-1,Increment      1: Step Time =    1.000,"PLATE-1",          2466,             1,       1.65931,      -1.15967,            0.,"ASSEMBLY_PLATE-1__PICKEDSET2","ROCK","",  -993.460E-03,      -1.77463,      -1.77361,  -994.473E-03,  -28.0997E-03
F:/Desktop/DeepOnet_Abaqus/StaticElasticJob.odb,Step-1,Increment      1: Step Time =    1.000,"PLATE-1",          2467,             1,       1.65734,      -1.33883,            0.,"ASSEMBLY_PLATE-1__PICKEDSET2","ROCK","",  -993.072E-03,      -1.77657,      -1.77580,  -993.841E-03,  -24.5309E-03
F:/Desktop/DeepOnet_Abaqus/StaticElasticJob.odb,Step-1,Increment      1: Step Time =    1.000,"PLATE-1",          2468,             1,       1.84307,  -961.156E-03,            0.,"ASSEMBLY_PLATE-1__PICKEDSET2","ROCK","",  -997.262E-03,      -1.76748,      -1.76628,  -998.461E-03,  -30.3663E-03
F:/Desktop/DeepOnet_Abaqus/StaticElasticJob.odb,Step-1,Increment      1: Step Time =    1.000,"PLATE-1",          2469,             1,       1.68536,  -847.929E-03,            0.,"ASSEMBLY_PLATE-1__PICKEDSET2","ROCK","",  -996.402E-03,      -1.76686,      -1.76534,  -997.919E-03,  -34.1475E-03
F:/Desktop/DeepOnet_Abaqus/StaticElasticJob.odb,Step-1,Increment      1: Step Time =    1.000,"PLATE-1",          2470,             1,       1.68244,  -640.291E-03,            0.,"ASSEMBLY_PLATE-1__PICKEDSET2","ROCK","",  -999.536E-03,      -1.75952,      -1.75772,      -1.00134,  -37.0112E-03
F:/Desktop/DeepOnet_Abaqus/StaticElasticJob.odb,Step-1,Increment      1: Step Time =    1.000,"PLATE-1",          2471,             1,       1.67469,  -540.130E-03,            0.,"ASSEMBLY_PLATE-1__PICKEDSET2","ROCK","",      -1.00139,      -1.75505,      -1.75314,      -1.00330,  -37.8966E-03
F:/Desktop/DeepOnet_Abaqus/StaticElasticJob.odb,Step-1,Increment      1: Step Time =    1.000,"PLATE-1",          2472,             1,       1.66015,  -344.747E-03,            0.,"ASSEMBLY_PLATE-1__PICKEDSET2","ROCK","",      -1.00554,      -1.74559,      -1.74370,      -1.00743,  -37.3478E-03
F:/Desktop/DeepOnet_Abaqus/StaticElasticJob.odb,Step-1,Increment      1: Step Time =    1.000,"PLATE-1",          2473,             1,       1.65995,  -246.959E-03,            0.,"ASSEMBLY_PLATE-1__PICKEDSET2","ROCK","",      -1.00720,      -1.74091,      -1.73913,      -1.00898,  -36.1155E-03
F:/Desktop/DeepOnet_Abaqus/StaticElasticJob.odb,Step-1,Increment      1: Step Time =    1.000,"PLATE-1",          2474,             1,       1.66279,  -49.5926E-03,            0.,"ASSEMBLY_PLATE-1__PICKEDSET2","ROCK","",      -1.01012,      -1.73224,      -1.73079,      -1.01156,  -32.3222E-03
F:/Desktop/DeepOnet_Abaqus/StaticElasticJob.odb,Step-1,Increment      1: Step Time =    1.000,"PLATE-1",          2475,             1,       1.79028,   58.4835E-03,            0.,"ASSEMBLY_PLATE-1__PICKEDSET2","ROCK","",      -1.01213,      -1.73067,      -1.72946,      -1.01334,  -29.3939E-03
F:/Desktop/DeepOnet_Abaqus/StaticElasticJob.odb,Step-1,Increment      1: Step Time =    1.000,"PLATE-1",          2476,             1,       1.66156,   50.2735E-03,            0.,"ASSEMBLY_PLATE-1__PICKEDSET2","ROCK","",      -1.01093,      -1.72813,      -1.72684,      -1.01222,  -30.3825E-03
F:/Desktop/DeepOnet_Abaqus/StaticElasticJob.odb,Step-1,Increment      1: Step Time =    1.000,"PLATE-1",          2477,             1,       1.66535,   236.053E-03,            0.,"ASSEMBLY_PLATE-1__PICKEDSET2","ROCK","",      -1.01192,      -1.72275,      -1.72174,      -1.01293,  -26.7083E-03
F:/Desktop/DeepOnet_Abaqus/StaticElasticJob.odb,Step-1,Increment      1: Step Time =    1.000,"PLATE-1",          2478,             1,       1.68038,   335.161E-03,            0.,"ASSEMBLY_PLATE-1__PICKEDSET2","ROCK","",      -1.01276,      -1.71984,      -1.71893,      -1.01368,  -25.3789E-03
F:/Desktop/DeepOnet_Abaqus/StaticElasticJob.odb,Step-1,Increment      1: Step Time =    1.000,"PLATE-1",          2479,             1,       1.69869,   670.562E-03,            0.,"ASSEMBLY_PLATE-1__PICKEDSET2","ROCK","",      -1.01945,      -1.70625,      -1.70567,      -1.02004,  -20.0034E-03
F:/Desktop/DeepOnet_Abaqus/StaticElasticJob.odb,Step-1,Increment      1: Step Time =    1.000,"PLATE-1",          2480,             1,       1.66216,   764.320E-03,            0.,"ASSEMBLY_PLATE-1__PICKEDSET2","ROCK","",      -1.02375,      -1.69730,      -1.69681,      -1.02424,  -18.2718E-03
F:/Desktop/DeepOnet_Abaqus/StaticElasticJob.odb,Step-1,Increment      1: Step Time =    1.000,"PLATE-1",          2481,             1,       1.65453,   851.490E-03,            0.,"ASSEMBLY_PLATE-1__PICKEDSET2","ROCK","",      -1.02712,      -1.69227,      -1.69194,      -1.02746,  -14.9771E-03
F:/Desktop/DeepOnet_Abaqus/StaticElasticJob.odb,Step-1,Increment      1: Step Time =    1.000,"PLATE-1",          2482,             1,       1.66459,   946.067E-03,            0.,"ASSEMBLY_PLATE-1__PICKEDSET2","ROCK","",      -1.03212,      -1.68696,      -1.68682,      -1.03225,  -9.46436E-03
F:/Desktop/DeepOnet_Abaqus/StaticElasticJob.odb,Step-1,Increment      1: Step Time =    1.000,"PLATE-1",          2483,             1,       1.66623,       1.04554,            0.,"ASSEMBLY_PLATE-1__PICKEDSET2","ROCK","",      -1.03551,      -1.68318,      -1.68318,      -1.03552,  -2.32390E-03
F:/Desktop/DeepOnet_Abaqus/StaticElasticJob.odb,Step-1,Increment      1: Step Time =    1.000,"PLATE-1",          2484,             1,       1.66513,       1.14641,            0.,"ASSEMBLY_PLATE-1__PICKEDSET2","ROCK","",      -1.04073,      -1.67962,      -1.67953,      -1.04083,   7.90671E-03
F:/Desktop/DeepOnet_Abaqus/StaticElasticJob.odb,Step-1,Increment      1: Step Time =    1.000,"PLATE-1",          2485,             1,       1.66536,       1.24773,            0.,"ASSEMBLY_PLATE-1__PICKEDSET2","ROCK","",      -1.04407,      -1.67862,      -1.67803,      -1.04465,   19.2727E-03
F:/Desktop/DeepOnet_Abaqus/StaticElasticJob.odb,Step-1,Increment      1: Step Time =    1.000,"PLATE-1",          2486,             1,      -1.82847,      -2.62450,            0.,"ASSEMBLY_PLATE-1__PICKEDSET2","ROCK","",      -1.00433,      -1.76506,      -1.76500,      -1.00439,   6.48478E-03
F:/Desktop/DeepOnet_Abaqus/StaticElasticJob.odb,Step-1,Increment      1: Step Time =    1.000,"PLATE-1",          2487,             1,      -1.43393,      -1.67502,            0.,"ASSEMBLY_PLATE-1__PICKEDSET2","ROCK","",      -1.00555,      -1.77546,      -1.77511,      -1.00590,   16.4861E-03
F:/Desktop/DeepOnet_Abaqus/StaticElasticJob.odb,Step-1,Increment      1: Step Time =    1.000,"PLATE-1",          2488,             1,      -1.29100,      -1.77703,            0.,"ASSEMBLY_PLATE-1__PICKEDSET2","ROCK","",      -1.00524,      -1.77690,      -1.77660,      -1.00554,   15.2062E-03
F:/Desktop/DeepOnet_Abaqus/StaticElasticJob.odb,Step-1,Increment      1: Step Time =    1.000,"PLATE-1",          2489,             1,      -1.24438,      -1.64363,            0.,"ASSEMBLY_PLATE-1__PICKEDSET2","ROCK","",      -1.00515,      -1.77869,      -1.77829,      -1.00554,   17.4224E-03
F:/Desktop/DeepOnet_Abaqus/StaticElasticJob.odb,Step-1,Increment      1: Step Time =    1.000,"PLATE-1",          2490,             1,      -1.33545,      -1.66002,            0.,"ASSEMBLY_PLATE-1__PICKEDSET2","ROCK","",      -1.00541,      -1.77721,      -1.77684,      -1.00579,   17.0014E-03
F:/Desktop/DeepOnet_Abaqus/StaticElasticJob.odb,Step-1,Increment      1: Step Time =    1.000,"PLATE-1",          2491,             1,      -1.15973,      -1.64408,            0.,"ASSEMBLY_PLATE-1__PICKEDSET2","ROCK","",      -1.00478,      -1.78058,      -1.78019,      -1.00518,   17.5187E-03
F:/Desktop/DeepOnet_Abaqus/StaticElasticJob.odb,Step-1,Increment      1: Step Time =    1.000,"PLATE-1",          2492,             1,  -911.505E-03,      -1.84580,            0.,"ASSEMBLY_PLATE-1__PICKEDSET2","ROCK","",      -1.00426,      -1.78193,      -1.78169,      -1.00450,   13.6821E-03
F:/Desktop/DeepOnet_Abaqus/StaticElasticJob.odb,Step-1,Increment      1: Step Time =    1.000,"PLATE-1",          2493,             1,  -870.139E-03,      -1.68148,            0.,"ASSEMBLY_PLATE-1__PICKEDSET2","ROCK","",      -1.00338,      -1.78581,      -1.78546,      -1.00372,   16.4078E-03
F:/Desktop/DeepOnet_Abaqus/StaticElasticJob.odb,Step-1,Increment      1: Step Time =    1.000,"PLATE-1",          2494,             1,  -764.375E-03,      -1.68283,            0.,"ASSEMBLY_PLATE-1__PICKEDSET2","ROCK","",      -1.00271,      -1.78791,      -1.78758,      -1.00304,   16.1324E-03
F:/Desktop/DeepOnet_Abaqus/StaticElasticJob.odb,Step-1,Increment      1: Step Time =    1.000,"PLATE-1",          2495,             1,  -659.347E-03,      -1.68167,            0.,"ASSEMBLY_PLATE-1__PICKEDSET2","ROCK","",      -1.00188,      -1.79007,      -1.78976,      -1.00219,   15.5047E-03
F:/Desktop/DeepOnet_Abaqus/StaticElasticJob.odb,Step-1,Increment      1: Step Time =    1.000,"PLATE-1",          2496,             1,  -555.962E-03,      -1.67916,            0.,"ASSEMBLY_PLATE-1__PICKEDSET2","ROCK","",      -1.00084,      -1.79234,      -1.79207,      -1.00111,   14.5914E-03
F:/Desktop/DeepOnet_Abaqus/StaticElasticJob.odb,Step-1,Increment      1: Step Time =    1.000,"PLATE-1",          2497,             1,  -453.917E-03,      -1.67695,            0.,"ASSEMBLY_PLATE-1__PICKEDSET2","ROCK","",  -999.903E-03,      -1.79427,      -1.79403,      -1.00014,   13.6622E-03
F:/Desktop/DeepOnet_Abaqus/StaticElasticJob.odb,Step-1,Increment      1: Step Time =    1.000,"PLATE-1",          2498,             1,  -352.978E-03,      -1.67710,            0.,"ASSEMBLY_PLATE-1__PICKEDSET2","ROCK","",  -998.796E-03,      -1.79581,      -1.79562,  -998.986E-03,   12.2918E-03
F:/Desktop/DeepOnet_Abaqus/StaticElasticJob.odb,Step-1,Increment      1: Step Time =    1.000,"PLATE-1",          2499,             1,  -54.1156E-03,      -1.66828,            0.,"ASSEMBLY_PLATE-1__PICKEDSET2","ROCK","",  -995.293E-03,      -1.80008,      -1.80000,  -995.365E-03,   7.61376E-03
F:/Desktop/DeepOnet_Abaqus/StaticElasticJob.odb,Step-1,Increment      1: Step Time =    1.000,"PLATE-1",          2500,             1,   58.4284E-03,      -1.89159,            0.,"ASSEMBLY_PLATE-1__PICKEDSET2","ROCK","",  -998.144E-03,      -1.79204,      -1.79201,  -998.175E-03,   4.97876E-03
F:/Desktop/DeepOnet_Abaqus/StaticElasticJob.odb,Step-1,Increment      1: Step Time =    1.000,"PLATE-1",          2501,             1,   44.1526E-03,      -1.66481,            0.,"ASSEMBLY_PLATE-1__PICKEDSET2","ROCK","",  -994.266E-03,      -1.80065,      -1.80061,  -994.305E-03,   5.58718E-03
F:/Desktop/DeepOnet_Abaqus/StaticElasticJob.odb,Step-1,Increment      1: Step Time =    1.000,"PLATE-1",          2502,             1,   238.044E-03,      -1.67737,            0.,"ASSEMBLY_PLATE-1__PICKEDSET2","ROCK","",  -992.622E-03,      -1.80030,      -1.80030,  -992.625E-03,   1.57487E-03
F:/Desktop/DeepOnet_Abaqus/StaticElasticJob.odb,Step-1,Increment      1: Step Time =    1.000,"PLATE-1",          2503,             1,   425.240E-03,      -1.86392,            0.,"ASSEMBLY_PLATE-1__PICKEDSET2","ROCK","",  -995.002E-03,      -1.79212,      -1.79212,  -995.003E-03,  -906.494E-06
F:/Desktop/DeepOnet_Abaqus/StaticElasticJob.odb,Step-1,Increment      1: Step Time =    1.000,"PLATE-1",          2504,             1,   538.652E-03,      -1.69121,            0.,"ASSEMBLY_PLATE-1__PICKEDSET2","ROCK","",  -991.182E-03,      -1.79674,      -1.79672,  -991.209E-03,  -4.62276E-03
F:/Desktop/DeepOnet_Abaqus/StaticElasticJob.odb,Step-1,Increment      1: Step Time =    1.000,"PLATE-1",          2505,             1,   638.036E-03,      -1.69732,            0.,"ASSEMBLY_PLATE-1__PICKEDSET2","ROCK","",  -990.961E-03,      -1.79531,      -1.79525,  -991.017E-03,  -6.70018E-03
F:/Desktop/DeepOnet_Abaqus/StaticElasticJob.odb,Step-1,Increment      1: Step Time =    1.000,"PLATE-1",          2506,             1,   848.728E-03,      -1.69810,            0.,"ASSEMBLY_PLATE-1__PICKEDSET2","ROCK","",  -990.717E-03,      -1.79188,      -1.79175,  -990.846E-03,  -10.1562E-03
F:/Desktop/DeepOnet_Abaqus/StaticElasticJob.odb,Step-1,Increment      1: Step Time =    1.000,"PLATE-1",          2507,             1,   722.640E-03,      -1.90492,            0.,"ASSEMBLY_PLATE-1__PICKEDSET2","ROCK","",  -994.053E-03,      -1.78906,      -1.78903,  -994.086E-03,  -5.12972E-03
F:/Desktop/DeepOnet_Abaqus/StaticElasticJob.odb,Step-1,Increment      1: Step Time =    1.000,"PLATE-1",          2508,             1,       1.06077,      -1.67918,            0.,"ASSEMBLY_PLATE-1__PICKEDSET2","ROCK","",  -990.805E-03,      -1.78820,      -1.78798,  -991.025E-03,  -13.2598E-03
F:/Desktop/DeepOnet_Abaqus/StaticElasticJob.odb,Step-1,Increment      1: Step Time =    1.000,"PLATE-1",          2509,             1,       1.16157,      -1.66688,            0.,"ASSEMBLY_PLATE-1__PICKEDSET2","ROCK","",  -991.059E-03,      -1.78615,      -1.78587,  -991.337E-03,  -14.8583E-03
F:/Desktop/DeepOnet_Abaqus/StaticElasticJob.odb,Step-1,Increment      1: Step Time =    1.000,"PLATE-1",          2510,             1,       1.34665,      -1.66197,            0.,"ASSEMBLY_PLATE-1__PICKEDSET2","ROCK","",  -991.899E-03,      -1.78261,      -1.78227,  -992.238E-03,  -16.3736E-03
F:/Desktop/DeepOnet_Abaqus/StaticElasticJob.odb,Step-1,Increment      1: Step Time =    1.000,"PLATE-1",          2511,             1,      -1.74431,       1.68478,            0.,"ASSEMBLY_PLATE-1__PICKEDSET2","ROCK","",      -1.03121,      -1.71864,      -1.71844,      -1.03141,  -11.6169E-03
F:/Desktop/DeepOnet_Abaqus/StaticElasticJob.odb,Step-1,Increment      1: Step Time =    1.000,"PLATE-1",          2512,             1,      -1.68530,       1.54730,            0.,"ASSEMBLY_PLATE-1__PICKEDSET2","ROCK","",      -1.03277,      -1.71587,      -1.71580,      -1.03284,  -6.95375E-03
F:/Desktop/DeepOnet_Abaqus/StaticElasticJob.odb,Step-1,Increment      1: Step Time =    1.000,"PLATE-1",          2513,             1,      -1.79959,       1.43160,            0.,"ASSEMBLY_PLATE-1__PICKEDSET2","ROCK","",      -1.03050,      -1.72284,      -1.72284,      -1.03051,  -1.69776E-03
F:/Desktop/DeepOnet_Abaqus/StaticElasticJob.odb,Step-1,Increment      1: Step Time =    1.000,"PLATE-1",          2514,             1,      -1.66402,       1.34799,            0.,"ASSEMBLY_PLATE-1__PICKEDSET2","ROCK","",      -1.03140,      -1.72053,      -1.72051,      -1.03142,   3.19458E-03
F:/Desktop/DeepOnet_Abaqus/StaticElasticJob.odb,Step-1,Increment      1: Step Time =    1.000,"PLATE-1",          2515,             1,      -1.67034,       1.44679,            0.,"ASSEMBLY_PLATE-1__PICKEDSET2","ROCK","",      -1.03311,      -1.71666,      -1.71666,      -1.03311,  -551.157E-06
F:/Desktop/DeepOnet_Abaqus/StaticElasticJob.odb,Step-1,Increment      1: Step Time =    1.000,"PLATE-1",          2516,             1,      -1.66564,       1.24914,            0.,"ASSEMBLY_PLATE-1__PICKEDSET2","ROCK","",      -1.03006,      -1.72374,      -1.72367,      -1.03013,   6.92375E-03
F:/Desktop/DeepOnet_Abaqus/StaticElasticJob.odb,Step-1,Increment      1: Step Time =    1.000,"PLATE-1",          2517,             1,      -1.83219,   933.852E-03,            0.,"ASSEMBLY_PLATE-1__PICKEDSET2","ROCK","",      -1.02509,      -1.73696,      -1.73686,      -1.02520,   8.72353E-03
F:/Desktop/DeepOnet_Abaqus/StaticElasticJob.odb,Step-1,Increment      1: Step Time =    1.000,"PLATE-1",          2518,             1,      -1.67711,   944.237E-03,            0.,"ASSEMBLY_PLATE-1__PICKEDSET2","ROCK","",      -1.02469,      -1.73662,      -1.73648,      -1.02483,   10.0607E-03
F:/Desktop/DeepOnet_Abaqus/StaticElasticJob.odb,Step-1,Increment      1: Step Time =    1.000,"PLATE-1",          2519,             1,      -1.67401,   839.778E-03,            0.,"ASSEMBLY_PLATE-1__PICKEDSET2","ROCK","",      -1.02388,      -1.73951,      -1.73938,      -1.02401,   9.69246E-03
F:/Desktop/DeepOnet_Abaqus/StaticElasticJob.odb,Step-1,Increment      1: Step Time =    1.000,"PLATE-1",          2520,             1,      -1.64859,   557.041E-03,            0.,"ASSEMBLY_PLATE-1__PICKEDSET2","ROCK","",      -1.02548,      -1.74248,      -1.74240,      -1.02556,   7.39757E-03
F:/Desktop/DeepOnet_Abaqus/StaticElasticJob.odb,Step-1,Increment      1: Step Time =    1.000,"PLATE-1",          2521,             1,      -1.66439,   464.832E-03,            0.,"ASSEMBLY_PLATE-1__PICKEDSET2","ROCK","",      -1.02685,      -1.74165,      -1.74157,      -1.02692,   7.46623E-03
F:/Desktop/DeepOnet_Abaqus/StaticElasticJob.odb,Step-1,Increment      1: Step Time =    1.000,"PLATE-1",          2522,             1,      -1.68349,   363.434E-03,            0.,"ASSEMBLY_PLATE-1__PICKEDSET2","ROCK","",      -1.02843,      -1.74103,      -1.74092,      -1.02854,   8.91194E-03
F:/Desktop/DeepOnet_Abaqus/StaticElasticJob.odb,Step-1,Increment      1: Step Time =    1.000,"PLATE-1",          2523,             1,      -1.80019,   139.775E-03,            0.,"ASSEMBLY_PLATE-1__PICKEDSET2","ROCK","",      -1.02879,      -1.74208,      -1.74180,      -1.02907,   14.1875E-03
F:/Desktop/DeepOnet_Abaqus/StaticElasticJob.odb,Step-1,Increment      1: Step Time =    1.000,"PLATE-1",          2524,             1,      -1.66372,   51.3730E-03,            0.,"ASSEMBLY_PLATE-1__PICKEDSET2","ROCK","",      -1.03260,      -1.73905,      -1.73869,      -1.03297,   15.9889E-03
F:/Desktop/DeepOnet_Abaqus/StaticElasticJob.odb,Step-1,Increment      1: Step Time =    1.000,"PLATE-1",          2525,             1,      -1.89438,  -479.981E-03,            0.,"ASSEMBLY_PLATE-1__PICKEDSET2","ROCK","",      -1.02006,      -1.75473,      -1.75391,      -1.02088,   24.5397E-03
F:/Desktop/DeepOnet_Abaqus/StaticElasticJob.odb,Step-1,Increment      1: Step Time =    1.000,"PLATE-1",          2526,             1,      -1.67269,  -244.727E-03,            0.,"ASSEMBLY_PLATE-1__PICKEDSET2","ROCK","",      -1.02952,      -1.74473,      -1.74385,      -1.03040,   25.1166E-03
F:/Desktop/DeepOnet_Abaqus/StaticElasticJob.odb,Step-1,Increment      1: Step Time =    1.000,"PLATE-1",          2527,             1,      -1.66287,  -344.579E-03,            0.,"ASSEMBLY_PLATE-1__PICKEDSET2","ROCK","",      -1.02711,      -1.74818,      -1.74713,      -1.02816,   27.4735E-03
F:/Desktop/DeepOnet_Abaqus/StaticElasticJob.odb,Step-1,Increment      1: Step Time =    1.000,"PLATE-1",          2528,             1,      -1.65998,  -442.171E-03,            0.,"ASSEMBLY_PLATE-1__PICKEDSET2","ROCK","",      -1.02442,      -1.75203,      -1.75083,      -1.02562,   29.5596E-03
F:/Desktop/DeepOnet_Abaqus/StaticElasticJob.odb,Step-1,Increment      1: Step Time =    1.000,"PLATE-1",          2529,             1,      -1.66886,  -538.517E-03,            0.,"ASSEMBLY_PLATE-1__PICKEDSET2","ROCK","",      -1.02179,      -1.75536,      -1.75414,      -1.02301,   29.8728E-03
F:/Desktop/DeepOnet_Abaqus/StaticElasticJob.odb,Step-1,Increment      1: Step Time =    1.000,"PLATE-1",          2530,             1,      -1.69330,  -635.713E-03,            0.,"ASSEMBLY_PLATE-1__PICKEDSET2","ROCK","",      -1.01904,      -1.75839,      -1.75725,      -1.02018,   29.0061E-03
F:/Desktop/DeepOnet_Abaqus/StaticElasticJob.odb,Step-1,Increment      1: Step Time =    1.000,"PLATE-1",          2531,             1,      -1.69799,  -741.551E-03,            0.,"ASSEMBLY_PLATE-1__PICKEDSET2","ROCK","",      -1.01643,      -1.76161,      -1.76051,      -1.01753,   28.6177E-03
F:/Desktop/DeepOnet_Abaqus/StaticElasticJob.odb,Step-1,Increment      1: Step Time =    1.000,"PLATE-1",          2532,             1,      -1.67404,      -1.05144,            0.,"ASSEMBLY_PLATE-1__PICKEDSET2","ROCK","",      -1.01059,      -1.76873,      -1.76785,      -1.01147,   25.8492E-03
F:/Desktop/DeepOnet_Abaqus/StaticElasticJob.odb,Step-1,Increment      1: Step Time =    1.000,"PLATE-1",          2533,             1,      -1.68050,      -1.15348,            0.,"ASSEMBLY_PLATE-1__PICKEDSET2","ROCK","",      -1.00922,      -1.76989,      -1.76913,      -1.00998,   24.0307E-03
F:/Desktop/DeepOnet_Abaqus/StaticElasticJob.odb,Step-1,Increment      1: Step Time =    1.000,"PLATE-1",          2534,             1,      -1.68898,      -1.25688,            0.,"ASSEMBLY_PLATE-1__PICKEDSET2","ROCK","",      -1.00820,      -1.77057,      -1.76993,      -1.00884,   22.1816E-03
F:/Desktop/DeepOnet_Abaqus/StaticElasticJob.odb,Step-1,Increment      1: Step Time =    1.000,"PLATE-1",          2535,             1,       3.61360,      -3.62579,            0.,"ASSEMBLY_PLATE-1__PICKEDSET2","ROCK","",  -989.632E-03,      -1.75765,      -1.75765,  -989.633E-03,  -573.906E-06
F:/Desktop/DeepOnet_Abaqus/StaticElasticJob.odb,Step-1,Increment      1: Step Time =    1.000,"PLATE-1",          2536,             1,       2.89412,      -3.02252,            0.,"ASSEMBLY_PLATE-1__PICKEDSET2","ROCK","",  -997.608E-03,      -1.76137,      -1.76133,  -997.645E-03,  -5.31030E-03
F:/Desktop/DeepOnet_Abaqus/StaticElasticJob.odb,Step-1,Increment      1: Step Time =    1.000,"PLATE-1",          2537,             1,       2.16416,      -1.49829,            0.,"ASSEMBLY_PLATE-1__PICKEDSET2","ROCK","",  -998.523E-03,      -1.76893,      -1.76836,  -999.096E-03,  -20.9944E-03
F:/Desktop/DeepOnet_Abaqus/StaticElasticJob.odb,Step-1,Increment      1: Step Time =    1.000,"PLATE-1",          2538,             1,       1.46315,      -1.83168,            0.,"ASSEMBLY_PLATE-1__PICKEDSET2","ROCK","",  -993.846E-03,      -1.77920,      -1.77893,  -994.115E-03,  -14.5293E-03
F:/Desktop/DeepOnet_Abaqus/StaticElasticJob.odb,Step-1,Increment      1: Step Time =    1.000,"PLATE-1",          2539,             1,  -673.410E-03,      -1.84447,            0.,"ASSEMBLY_PLATE-1__PICKEDSET2","ROCK","",      -1.00306,      -1.78584,      -1.78564,      -1.00326,   12.6396E-03
F:/Desktop/DeepOnet_Abaqus/StaticElasticJob.odb,Step-1,Increment      1: Step Time =    1.000,"PLATE-1",          2540,             1,      -1.20582,      -1.72019,            0.,"ASSEMBLY_PLATE-1__PICKEDSET2","ROCK","",      -1.00495,      -1.77879,      -1.77846,      -1.00528,   16.0241E-03
F:/Desktop/DeepOnet_Abaqus/StaticElasticJob.odb,Step-1,Increment      1: Step Time =    1.000,"PLATE-1",          2541,             1,      -1.87105,      -1.49759,            0.,"ASSEMBLY_PLATE-1__PICKEDSET2","ROCK","",      -1.00633,      -1.76857,      -1.76819,      -1.00671,   17.0768E-03
F:/Desktop/DeepOnet_Abaqus/StaticElasticJob.odb,Step-1,Increment      1: Step Time =    1.000,"PLATE-1",          2542,             1,       3.61748,       3.61666,            0.,"ASSEMBLY_PLATE-1__PICKEDSET2","ROCK","",      -1.00157,      -1.75865,      -1.75865,      -1.00158,   1.57698E-03
F:/Desktop/DeepOnet_Abaqus/StaticElasticJob.odb,Step-1,Increment      1: Step Time =    1.000,"PLATE-1",          2543,             1,       2.11605,       2.49160,            0.,"ASSEMBLY_PLATE-1__PICKEDSET2","ROCK","",  -999.418E-03,      -1.78104,      -1.77986,      -1.00060,   30.3622E-03
F:/Desktop/DeepOnet_Abaqus/StaticElasticJob.odb,Step-1,Increment      1: Step Time =    1.000,"PLATE-1",          2544,             1,       1.78824,       1.35347,            0.,"ASSEMBLY_PLATE-1__PICKEDSET2","ROCK","",      -1.03890,      -1.69581,      -1.69454,      -1.04017,   28.7658E-03
F:/Desktop/DeepOnet_Abaqus/StaticElasticJob.odb,Step-1,Increment      1: Step Time =    1.000,"PLATE-1",          2545,             1,       1.75468,   827.248E-03,            0.,"ASSEMBLY_PLATE-1__PICKEDSET2","ROCK","",      -1.02748,      -1.69780,      -1.69756,      -1.02772,  -12.8006E-03
F:/Desktop/DeepOnet_Abaqus/StaticElasticJob.odb,Step-1,Increment      1: Step Time =    1.000,"PLATE-1",          2546,             1,       1.83473,   422.685E-03,            0.,"ASSEMBLY_PLATE-1__PICKEDSET2","ROCK","",      -1.01720,      -1.71830,      -1.71754,      -1.01796,  -23.1396E-03
F:/Desktop/DeepOnet_Abaqus/StaticElasticJob.odb,Step-1,Increment      1: Step Time =    1.000,"PLATE-1",          2547,             1,       1.86030,  -727.922E-03,            0.,"ASSEMBLY_PLATE-1__PICKEDSET2","ROCK","",      -1.00067,      -1.76036,      -1.75893,      -1.00211,  -32.9841E-03
F:/Desktop/DeepOnet_Abaqus/StaticElasticJob.odb,Step-1,Increment      1: Step Time =    1.000,"PLATE-1",          2548,             1,       1.76570,      -1.30642,            0.,"ASSEMBLY_PLATE-1__PICKEDSET2","ROCK","",  -994.338E-03,      -1.77421,      -1.77340,  -995.154E-03,  -25.2196E-03
F:/Desktop/DeepOnet_Abaqus/StaticElasticJob.odb,Step-1,Increment      1: Step Time =    1.000,"PLATE-1",          2549,             1,       1.86693,      -1.47479,            0.,"ASSEMBLY_PLATE-1__PICKEDSET2","ROCK","",  -995.572E-03,      -1.77342,      -1.77284,  -996.152E-03,  -21.2426E-03
F:/Desktop/DeepOnet_Abaqus/StaticElasticJob.odb,Step-1,Increment      1: Step Time =    1.000,"PLATE-1",          2550,             1,       2.52931,      -1.64452,            0.,"ASSEMBLY_PLATE-1__PICKEDSET2","ROCK","",      -1.00116,      -1.76534,      -1.76498,      -1.00152,  -16.6252E-03
F:/Desktop/DeepOnet_Abaqus/StaticElasticJob.odb,Step-1,Increment      1: Step Time =    1.000,"PLATE-1",          2551,             1,      -3.58809,       3.58846,            0.,"ASSEMBLY_PLATE-1__PICKEDSET2","ROCK","",      -1.00274,      -1.75982,      -1.75981,      -1.00275,  -2.74499E-03
F:/Desktop/DeepOnet_Abaqus/StaticElasticJob.odb,Step-1,Increment      1: Step Time =    1.000,"PLATE-1",          2552,             1,      -2.33177,       2.61098,            0.,"ASSEMBLY_PLATE-1__PICKEDSET2","ROCK","",      -1.01292,      -1.75570,      -1.75501,      -1.01360,  -22.5722E-03
F:/Desktop/DeepOnet_Abaqus/StaticElasticJob.odb,Step-1,Increment      1: Step Time =    1.000,"PLATE-1",          2553,             1,      -1.39791,       1.95093,            0.,"ASSEMBLY_PLATE-1__PICKEDSET2","ROCK","",      -1.02710,      -1.70953,      -1.70757,      -1.02906,  -36.5730E-03
F:/Desktop/DeepOnet_Abaqus/StaticElasticJob.odb,Step-1,Increment      1: Step Time =    1.000,"PLATE-1",          2554,             1,      -1.02793,       1.81279,            0.,"ASSEMBLY_PLATE-1__PICKEDSET2","ROCK","",      -1.03849,      -1.66444,      -1.65998,      -1.04294,  -52.6164E-03
F:/Desktop/DeepOnet_Abaqus/StaticElasticJob.odb,Step-1,Increment      1: Step Time =    1.000,"PLATE-1",          2555,             1,  -701.096E-03,       1.85769,            0.,"ASSEMBLY_PLATE-1__PICKEDSET2","ROCK","",      -1.00891,      -1.64007,      -1.61636,      -1.03262,  -120.009E-03
F:/Desktop/DeepOnet_Abaqus/StaticElasticJob.odb,Step-1,Increment      1: Step Time =    1.000,"PLATE-1",          2556,             1,   218.367E-03,       1.85967,            0.,"ASSEMBLY_PLATE-1__PICKEDSET2","ROCK","",  -727.297E-03,      -2.60430,      -2.60135,  -730.248E-03,  -74.3692E-03
F:/Desktop/DeepOnet_Abaqus/StaticElasticJob.odb,Step-1,Increment      1: Step Time =    1.000,"PLATE-1",          2557,             1,       1.36144,       1.75102,            0.,"ASSEMBLY_PLATE-1__PICKEDSET2","ROCK","",      -1.02365,      -1.73019,      -1.71946,      -1.03438,   86.3927E-03
F:/Desktop/DeepOnet_Abaqus/StaticElasticJob.odb,Step-1,Increment      1: Step Time =    1.000,"PLATE-1",          2558,             1,       2.18426,       3.02051,            0.,"ASSEMBLY_PLATE-1__PICKEDSET2","ROCK","",  -996.678E-03,      -1.78004,      -1.77977,  -996.946E-03,   14.4919E-03
F:/Desktop/DeepOnet_Abaqus/StaticElasticJob.odb,Step-1,Increment      1: Step Time =    1.000,"PLATE-1",          2559,             1,      -3.61853,      -3.61967,            0.,"ASSEMBLY_PLATE-1__PICKEDSET2","ROCK","",  -987.101E-03,      -1.75730,      -1.75730,  -987.101E-03,   231.568E-06
F:/Desktop/DeepOnet_Abaqus/StaticElasticJob.odb,Step-1,Increment      1: Step Time =    1.000,"PLATE-1",          2560,             1,      -2.85115,      -3.65591,            0.,"ASSEMBLY_PLATE-1__PICKEDSET2","ROCK","",  -996.609E-03,      -1.75875,      -1.75875,  -996.610E-03,   1.00230E-03
F:/Desktop/DeepOnet_Abaqus/StaticElasticJob.odb,Step-1,Increment      1: Step Time =    1.000,"PLATE-1",          2561,             1,      -1.79629,   696.267E-03,            0.,"ASSEMBLY_PLATE-1__PICKEDSET2","ROCK","",      -1.02439,      -1.74140,      -1.74128,      -1.02450,   9.11926E-03
F:/Desktop/DeepOnet_Abaqus/StaticElasticJob.odb,Step-1,Increment      1: Step Time =    1.000,"PLATE-1",          2562,             1,      -1.79193,       1.25394,            0.,"ASSEMBLY_PLATE-1__PICKEDSET2","ROCK","",      -1.02861,      -1.72771,      -1.72769,      -1.02863,   4.28714E-03
F:/Desktop/DeepOnet_Abaqus/StaticElasticJob.odb,Step-1,Increment      1: Step Time =    1.000,"PLATE-1",          2563,             1,       1.07199,       1.65445,            0.,"ASSEMBLY_PLATE-1__PICKEDSET2","ROCK","",      -1.04716,      -1.67566,      -1.64708,      -1.07574,   130.950E-03
F:/Desktop/DeepOnet_Abaqus/StaticElasticJob.odb,Step-1,Increment      1: Step Time =    1.000,"PLATE-1",          2564,             1,   173.778E-03,       2.12049,            0.,"ASSEMBLY_PLATE-1__PICKEDSET2","ROCK","",  -929.216E-03,      -2.07728,      -2.07160,  -934.898E-03,   80.5697E-03
F:/Desktop/DeepOnet_Abaqus/StaticElasticJob.odb,Step-1,Increment      1: Step Time =    1.000,"PLATE-1",          2565,             1,       1.66198,       1.69639,            0.,"ASSEMBLY_PLATE-1__PICKEDSET2","ROCK","",      -1.02515,      -1.72487,      -1.71978,      -1.03024,   59.4345E-03
F:/Desktop/DeepOnet_Abaqus/StaticElasticJob.odb,Step-1,Increment      1: Step Time =    1.000,"PLATE-1",          2566,             1,   982.137E-03,       1.74404,            0.,"ASSEMBLY_PLATE-1__PICKEDSET2","ROCK","",      -1.01796,      -1.73938,      -1.69794,      -1.05940,   167.861E-03
F:/Desktop/DeepOnet_Abaqus/StaticElasticJob.odb,Step-1,Increment      1: Step Time =    1.000,"PLATE-1",          2567,             1,       1.44819,       1.65570,            0.,"ASSEMBLY_PLATE-1__PICKEDSET2","ROCK","",      -1.03196,      -1.71092,      -1.70249,      -1.04039,   75.1816E-03
F:/Desktop/DeepOnet_Abaqus/StaticElasticJob.odb,Step-1,Increment      1: Step Time =    1.000,"PLATE-1",          2568,             1,       1.62890,       1.85385,            0.,"ASSEMBLY_PLATE-1__PICKEDSET2","ROCK","",      -1.01204,      -1.75146,      -1.74525,      -1.01825,   67.4657E-03
F:/Desktop/DeepOnet_Abaqus/StaticElasticJob.odb,Step-1,Increment      1: Step Time =    1.000,"PLATE-1",          2569,             1,       1.07219,       1.77032,            0.,"ASSEMBLY_PLATE-1__PICKEDSET2","ROCK","",  -993.680E-03,      -1.75886,      -1.72604,      -1.02650,   155.027E-03
F:/Desktop/DeepOnet_Abaqus/StaticElasticJob.odb,Step-1,Increment      1: Step Time =    1.000,"PLATE-1",          2570,             1,   976.873E-03,       1.64917,            0.,"ASSEMBLY_PLATE-1__PICKEDSET2","ROCK","",      -1.01889,      -1.68472,      -1.63814,      -1.06547,   169.834E-03
F:/Desktop/DeepOnet_Abaqus/StaticElasticJob.odb,Step-1,Increment      1: Step Time =    1.000,"PLATE-1",          2571,             1,   903.937E-03,       1.74593,            0.,"ASSEMBLY_PLATE-1__PICKEDSET2","ROCK","",  -975.866E-03,      -1.79281,      -1.72939,      -1.03929,   218.610E-03
F:/Desktop/DeepOnet_Abaqus/StaticElasticJob.odb,Step-1,Increment      1: Step Time =    1.000,"PLATE-1",          2572,             1,   883.118E-03,       1.64962,            0.,"ASSEMBLY_PLATE-1__PICKEDSET2","ROCK","",      -1.04085,      -1.66939,      -1.59707,      -1.11318,   200.572E-03
F:/Desktop/DeepOnet_Abaqus/StaticElasticJob.odb,Step-1,Increment      1: Step Time =    1.000,"PLATE-1",          2573,             1,       1.17613,       1.77713,            0.,"ASSEMBLY_PLATE-1__PICKEDSET2","ROCK","",      -1.01031,      -1.74935,      -1.72956,      -1.03010,   119.291E-03
F:/Desktop/DeepOnet_Abaqus/StaticElasticJob.odb,Step-1,Increment      1: Step Time =    1.000,"PLATE-1",          2574,             1,   720.809E-03,       1.78258,            0.,"ASSEMBLY_PLATE-1__PICKEDSET2","ROCK","",  -914.576E-03,      -1.96889,      -1.85801,      -1.02545,   323.419E-03
F:/Desktop/DeepOnet_Abaqus/StaticElasticJob.odb,Step-1,Increment      1: Step Time =    1.000,"PLATE-1",          2575,             1,   316.935E-03,       1.79045,            0.,"ASSEMBLY_PLATE-1__PICKEDSET2","ROCK","",  -695.858E-03,      -3.37966,      -3.36601,  -709.510E-03,   190.927E-03
F:/Desktop/DeepOnet_Abaqus/StaticElasticJob.odb,Step-1,Increment      1: Step Time =    1.000,"PLATE-1",          2576,             1,  -960.629E-03,       1.65990,            0.,"ASSEMBLY_PLATE-1__PICKEDSET2","ROCK","",      -1.05868,      -1.63400,      -1.63219,      -1.06050,  -32.2568E-03
F:/Desktop/DeepOnet_Abaqus/StaticElasticJob.odb,Step-1,Increment      1: Step Time =    1.000,"PLATE-1",          2577,             1,  -481.744E-03,       1.66710,            0.,"ASSEMBLY_PLATE-1__PICKEDSET2","ROCK","",      -1.02543,      -1.51092,      -1.44843,      -1.08793,  -162.592E-03
F:/Desktop/DeepOnet_Abaqus/StaticElasticJob.odb,Step-1,Increment      1: Step Time =    1.000,"PLATE-1",          2578,             1,  -506.169E-03,       1.80288,            0.,"ASSEMBLY_PLATE-1__PICKEDSET2","ROCK","",  -940.076E-03,      -1.62859,      -1.56367,      -1.00499,  -201.200E-03
F:/Desktop/DeepOnet_Abaqus/StaticElasticJob.odb,Step-1,Increment      1: Step Time =    1.000,"PLATE-1",          2579,             1,  -385.029E-03,       1.67294,            0.,"ASSEMBLY_PLATE-1__PICKEDSET2","ROCK","",  -921.575E-03,      -1.52080,      -1.38674,      -1.05564,  -249.722E-03
F:/Desktop/DeepOnet_Abaqus/StaticElasticJob.odb,Step-1,Increment      1: Step Time =    1.000,"PLATE-1",          2580,             1,  -409.671E-03,       1.82342,            0.,"ASSEMBLY_PLATE-1__PICKEDSET2","ROCK","",  -868.148E-03,      -1.68543,      -1.59679,  -956.790E-03,  -254.142E-03
F:/Desktop/DeepOnet_Abaqus/StaticElasticJob.odb,Step-1,Increment      1: Step Time =    1.000,"PLATE-1",          2581,             1,  -308.527E-03,       1.83385,            0.,"ASSEMBLY_PLATE-1__PICKEDSET2","ROCK","",  -746.602E-03,      -1.75930,      -1.64487,  -861.037E-03,  -320.613E-03
F:/Desktop/DeepOnet_Abaqus/StaticElasticJob.odb,Step-1,Increment      1: Step Time =    1.000,"PLATE-1",          2582,             1,  -596.541E-03,       1.77928,            0.,"ASSEMBLY_PLATE-1__PICKEDSET2","ROCK","",      -1.00821,      -1.60383,      -1.56694,      -1.04510,  -143.568E-03
F:/Desktop/DeepOnet_Abaqus/StaticElasticJob.odb,Step-1,Increment      1: Step Time =    1.000,"PLATE-1",          2583,             1,  -684.937E-03,       1.76270,            0.,"ASSEMBLY_PLATE-1__PICKEDSET2","ROCK","",      -1.02846,      -1.60232,      -1.57965,      -1.05113,  -111.780E-03
F:/Desktop/DeepOnet_Abaqus/StaticElasticJob.odb,Step-1,Increment      1: Step Time =    1.000,"PLATE-1",          2584,             1,  -865.030E-03,       1.65470,            0.,"ASSEMBLY_PLATE-1__PICKEDSET2","ROCK","",      -1.06609,      -1.61126,      -1.60831,      -1.06904,  -39.9969E-03
F:/Desktop/DeepOnet_Abaqus/StaticElasticJob.odb,Step-1,Increment      1: Step Time =    1.000,"PLATE-1",          2585,             1,      -1.12445,       1.86793,            0.,"ASSEMBLY_PLATE-1__PICKEDSET2","ROCK","",      -1.03155,      -1.68056,      -1.67641,      -1.03570,  -51.7400E-03
F:/Desktop/DeepOnet_Abaqus/StaticElasticJob.odb,Step-1,Increment      1: Step Time =    1.000,"PLATE-1",          2586,             1,      -1.47948,       1.70980,            0.,"ASSEMBLY_PLATE-1__PICKEDSET2","ROCK","",      -1.03608,      -1.70287,      -1.70240,      -1.03655,  -17.7733E-03
F:/Desktop/DeepOnet_Abaqus/StaticElasticJob.odb,Step-1,Increment      1: Step Time =    1.000,"PLATE-1",          2587,             1,      -1.66970,       1.89575,            0.,"ASSEMBLY_PLATE-1__PICKEDSET2","ROCK","",      -1.02831,      -1.71949,      -1.71875,      -1.02904,  -22.5547E-03
F:/Desktop/DeepOnet_Abaqus/StaticElasticJob.odb,Step-1,Increment      1: Step Time =    1.000,"PLATE-1",          2588,             1,      -1.91443,       1.63720,            0.,"ASSEMBLY_PLATE-1__PICKEDSET2","ROCK","",      -1.02874,      -1.72506,      -1.72491,      -1.02889,  -10.1410E-03
F:/Desktop/DeepOnet_Abaqus/StaticElasticJob.odb,Step-1,Increment      1: Step Time =    1.000,"PLATE-1",          2589,             1,      -1.59352,       1.70002,            0.,"ASSEMBLY_PLATE-1__PICKEDSET2","ROCK","",      -1.03235,      -1.71239,      -1.71203,      -1.03270,  -15.4834E-03
F:/Desktop/DeepOnet_Abaqus/StaticElasticJob.odb,Step-1,Increment      1: Step Time =    1.000,"PLATE-1",          2590,             1,       1.57069,      -1.67922,            0.,"ASSEMBLY_PLATE-1__PICKEDSET2","ROCK","",  -993.279E-03,      -1.77868,      -1.77828,  -993.675E-03,  -17.6285E-03
F:/Desktop/DeepOnet_Abaqus/StaticElasticJob.odb,Step-1,Increment      1: Step Time =    1.000,"PLATE-1",          2591,             1,       1.45195,      -1.67893,            0.,"ASSEMBLY_PLATE-1__PICKEDSET2","ROCK","",  -992.524E-03,      -1.78085,      -1.78048,  -992.893E-03,  -17.0440E-03
F:/Desktop/DeepOnet_Abaqus/StaticElasticJob.odb,Step-1,Increment      1: Step Time =    1.000,"PLATE-1",          2592,             1,       1.68187,  -953.200E-03,            0.,"ASSEMBLY_PLATE-1__PICKEDSET2","ROCK","",  -995.035E-03,      -1.76996,      -1.76861,  -996.384E-03,  -32.3045E-03
F:/Desktop/DeepOnet_Abaqus/StaticElasticJob.odb,Step-1,Increment      1: Step Time =    1.000,"PLATE-1",          2593,             1,       1.67762,      -1.06090,            0.,"ASSEMBLY_PLATE-1__PICKEDSET2","ROCK","",  -994.164E-03,      -1.77255,      -1.77138,  -995.337E-03,  -30.1938E-03
F:/Desktop/DeepOnet_Abaqus/StaticElasticJob.odb,Step-1,Increment      1: Step Time =    1.000,"PLATE-1",          2594,             1,       1.68614,   444.441E-03,            0.,"ASSEMBLY_PLATE-1__PICKEDSET2","ROCK","",      -1.01407,      -1.71598,      -1.71515,      -1.01489,  -24.0443E-03
F:/Desktop/DeepOnet_Abaqus/StaticElasticJob.odb,Step-1,Increment      1: Step Time =    1.000,"PLATE-1",          2595,             1,      -1.64925,   643.226E-03,            0.,"ASSEMBLY_PLATE-1__PICKEDSET2","ROCK","",      -1.02431,      -1.74229,      -1.74220,      -1.02440,   7.88688E-03
F:/Desktop/DeepOnet_Abaqus/StaticElasticJob.odb,Step-1,Increment      1: Step Time =    1.000,"PLATE-1",          2596,             1,       2.02122,  -852.100E-03,            0.,"ASSEMBLY_PLATE-1__PICKEDSET2","ROCK","",      -1.00148,      -1.76198,      -1.76085,      -1.00261,  -29.3787E-03
F:/Desktop/DeepOnet_Abaqus/StaticElasticJob.odb,Step-1,Increment      1: Step Time =    1.000,"PLATE-1",          2597,             1,       1.85254,  -613.127E-03,            0.,"ASSEMBLY_PLATE-1__PICKEDSET2","ROCK","",      -1.00197,      -1.75666,      -1.75510,      -1.00353,  -34.3004E-03
F:/Desktop/DeepOnet_Abaqus/StaticElasticJob.odb,Step-1,Increment      1: Step Time =    1.000,"PLATE-1",          2598,             1,       1.66522,  -442.350E-03,            0.,"ASSEMBLY_PLATE-1__PICKEDSET2","ROCK","",      -1.00328,      -1.75052,      -1.74860,      -1.00520,  -37.8292E-03
F:/Desktop/DeepOnet_Abaqus/StaticElasticJob.odb,Step-1,Increment      1: Step Time =    1.000,"PLATE-1",          2599,             1,       1.99101,  -435.476E-03,            0.,"ASSEMBLY_PLATE-1__PICKEDSET2","ROCK","",      -1.00671,      -1.74997,      -1.74858,      -1.00810,  -32.1400E-03
F:/Desktop/DeepOnet_Abaqus/StaticElasticJob.odb,Step-1,Increment      1: Step Time =    1.000,"PLATE-1",          2600,             1,       1.77973,  -333.103E-03,            0.,"ASSEMBLY_PLATE-1__PICKEDSET2","ROCK","",      -1.00652,      -1.74533,      -1.74366,      -1.00819,  -35.1071E-03
F:/Desktop/DeepOnet_Abaqus/StaticElasticJob.odb,Step-1,Increment      1: Step Time =    1.000,"PLATE-1",          2601,             1,       1.92770,   361.775E-03,            0.,"ASSEMBLY_PLATE-1__PICKEDSET2","ROCK","",      -1.01852,      -1.72127,      -1.72051,      -1.01928,  -23.0436E-03
F:/Desktop/DeepOnet_Abaqus/StaticElasticJob.odb,Step-1,Increment      1: Step Time =    1.000,"PLATE-1",          2602,             1,       1.70720,   558.266E-03,            0.,"ASSEMBLY_PLATE-1__PICKEDSET2","ROCK","",      -1.01674,      -1.71173,      -1.71101,      -1.01746,  -22.2790E-03
F:/Desktop/DeepOnet_Abaqus/StaticElasticJob.odb,Step-1,Increment      1: Step Time =    1.000,"PLATE-1",          2603,             1,       1.78593,  -148.196E-03,            0.,"ASSEMBLY_PLATE-1__PICKEDSET2","ROCK","",      -1.00928,      -1.73887,      -1.73743,      -1.01071,  -32.3662E-03
F:/Desktop/DeepOnet_Abaqus/StaticElasticJob.odb,Step-1,Increment      1: Step Time =    1.000,"PLATE-1",          2604,             1,       1.91575,       1.10467,            0.,"ASSEMBLY_PLATE-1__PICKEDSET2","ROCK","",      -1.03529,      -1.70120,      -1.70103,      -1.03547,   10.8365E-03
F:/Desktop/DeepOnet_Abaqus/StaticElasticJob.odb,Step-1,Increment      1: Step Time =    1.000,"PLATE-1",          2605,             1,       1.80338,   931.983E-03,            0.,"ASSEMBLY_PLATE-1__PICKEDSET2","ROCK","",      -1.03071,      -1.69832,      -1.69828,      -1.03074,  -4.64564E-03
F:/Desktop/DeepOnet_Abaqus/StaticElasticJob.odb,Step-1,Increment      1: Step Time =    1.000,"PLATE-1",          2606,             1,  -973.051E-03,      -1.67492,            0.,"ASSEMBLY_PLATE-1__PICKEDSET2","ROCK","",      -1.00396,      -1.78394,      -1.78358,      -1.00432,   16.7646E-03
F:/Desktop/DeepOnet_Abaqus/StaticElasticJob.odb,Step-1,Increment      1: Step Time =    1.000,"PLATE-1",          2607,             1,      -1.07066,      -1.66163,            0.,"ASSEMBLY_PLATE-1__PICKEDSET2","ROCK","",      -1.00447,      -1.78221,      -1.78182,      -1.00485,   17.3153E-03
F:/Desktop/DeepOnet_Abaqus/StaticElasticJob.odb,Step-1,Increment      1: Step Time =    1.000,"PLATE-1",          2608,             1,  -789.665E-03,      -1.84690,            0.,"ASSEMBLY_PLATE-1__PICKEDSET2","ROCK","",      -1.00366,      -1.78376,      -1.78354,      -1.00388,   13.0449E-03
F:/Desktop/DeepOnet_Abaqus/StaticElasticJob.odb,Step-1,Increment      1: Step Time =    1.000,"PLATE-1",          2609,             1,  -551.312E-03,      -1.99761,            0.,"ASSEMBLY_PLATE-1__PICKEDSET2","ROCK","",      -1.00356,      -1.78369,      -1.78356,      -1.00368,   9.76512E-03
F:/Desktop/DeepOnet_Abaqus/StaticElasticJob.odb,Step-1,Increment      1: Step Time =    1.000,"PLATE-1",          2610,             1,  -562.664E-03,      -1.83620,            0.,"ASSEMBLY_PLATE-1__PICKEDSET2","ROCK","",      -1.00248,      -1.78741,      -1.78723,      -1.00267,   12.1026E-03
F:/Desktop/DeepOnet_Abaqus/StaticElasticJob.odb,Step-1,Increment      1: Step Time =    1.000,"PLATE-1",          2611,             1,  -458.900E-03,      -1.82689,            0.,"ASSEMBLY_PLATE-1__PICKEDSET2","ROCK","",      -1.00145,      -1.78921,      -1.78905,      -1.00161,   11.1236E-03
F:/Desktop/DeepOnet_Abaqus/StaticElasticJob.odb,Step-1,Increment      1: Step Time =    1.000,"PLATE-1",          2612,             1,  -252.745E-03,      -1.67747,            0.,"ASSEMBLY_PLATE-1__PICKEDSET2","ROCK","",  -997.445E-03,      -1.79812,      -1.79797,  -997.596E-03,   11.0046E-03
F:/Desktop/DeepOnet_Abaqus/StaticElasticJob.odb,Step-1,Increment      1: Step Time =    1.000,"PLATE-1",          2613,             1,   202.852E-03,      -1.83270,            0.,"ASSEMBLY_PLATE-1__PICKEDSET2","ROCK","",  -995.584E-03,      -1.79460,      -1.79459,  -995.590E-03,   2.18183E-03
F:/Desktop/DeepOnet_Abaqus/StaticElasticJob.odb,Step-1,Increment      1: Step Time =    1.000,"PLATE-1",          2614,             1,  -153.130E-03,      -1.67401,            0.,"ASSEMBLY_PLATE-1__PICKEDSET2","ROCK","",  -996.410E-03,      -1.79914,      -1.79903,  -996.524E-03,   9.55921E-03
F:/Desktop/DeepOnet_Abaqus/StaticElasticJob.odb,Step-1,Increment      1: Step Time =    1.000,"PLATE-1",          2615,             1,   438.323E-03,      -1.68854,            0.,"ASSEMBLY_PLATE-1__PICKEDSET2","ROCK","",  -991.391E-03,      -1.79883,      -1.79882,  -991.400E-03,  -2.69616E-03
F:/Desktop/DeepOnet_Abaqus/StaticElasticJob.odb,Step-1,Increment      1: Step Time =    1.000,"PLATE-1",          2616,             1,   336.729E-03,      -1.68520,            0.,"ASSEMBLY_PLATE-1__PICKEDSET2","ROCK","",  -991.945E-03,      -1.79941,      -1.79941,  -991.946E-03,  -814.085E-06
F:/Desktop/DeepOnet_Abaqus/StaticElasticJob.odb,Step-1,Increment      1: Step Time =    1.000,"PLATE-1",          2617,             1,       1.43195,      -1.97401,            0.,"ASSEMBLY_PLATE-1__PICKEDSET2","ROCK","",  -994.802E-03,      -1.77886,      -1.77868,  -994.981E-03,  -11.8519E-03
F:/Desktop/DeepOnet_Abaqus/StaticElasticJob.odb,Step-1,Increment      1: Step Time =    1.000,"PLATE-1",          2618,             1,   956.014E-03,      -1.69004,            0.,"ASSEMBLY_PLATE-1__PICKEDSET2","ROCK","",  -990.707E-03,      -1.79005,      -1.78987,  -990.883E-03,  -11.8329E-03
F:/Desktop/DeepOnet_Abaqus/StaticElasticJob.odb,Step-1,Increment      1: Step Time =    1.000,"PLATE-1",          2619,             1,   853.617E-03,      -1.89499,            0.,"ASSEMBLY_PLATE-1__PICKEDSET2","ROCK","",  -993.587E-03,      -1.78776,      -1.78769,  -993.649E-03,  -6.98033E-03
F:/Desktop/DeepOnet_Abaqus/StaticElasticJob.odb,Step-1,Increment      1: Step Time =    1.000,"PLATE-1",          2620,             1,   980.487E-03,      -1.86809,            0.,"ASSEMBLY_PLATE-1__PICKEDSET2","ROCK","",  -993.148E-03,      -1.78634,      -1.78624,  -993.250E-03,  -9.00558E-03
F:/Desktop/DeepOnet_Abaqus/StaticElasticJob.odb,Step-1,Increment      1: Step Time =    1.000,"PLATE-1",          2621,             1,      -1.67593,       1.04735,            0.,"ASSEMBLY_PLATE-1__PICKEDSET2","ROCK","",      -1.02618,      -1.73254,      -1.73239,      -1.02633,   10.1246E-03
F:/Desktop/DeepOnet_Abaqus/StaticElasticJob.odb,Step-1,Increment      1: Step Time =    1.000,"PLATE-1",          2622,             1,      -1.82160,   816.050E-03,            0.,"ASSEMBLY_PLATE-1__PICKEDSET2","ROCK","",      -1.02440,      -1.73963,      -1.73951,      -1.02451,   8.94740E-03
F:/Desktop/DeepOnet_Abaqus/StaticElasticJob.odb,Step-1,Increment      1: Step Time =    1.000,"PLATE-1",          2623,             1,      -1.66514,   736.949E-03,            0.,"ASSEMBLY_PLATE-1__PICKEDSET2","ROCK","",      -1.02371,      -1.74160,      -1.74150,      -1.02381,   8.58579E-03
F:/Desktop/DeepOnet_Abaqus/StaticElasticJob.odb,Step-1,Increment      1: Step Time =    1.000,"PLATE-1",          2624,             1,      -1.73795,   600.578E-03,            0.,"ASSEMBLY_PLATE-1__PICKEDSET2","ROCK","",      -1.02485,      -1.74203,      -1.74193,      -1.02495,   8.57865E-03
F:/Desktop/DeepOnet_Abaqus/StaticElasticJob.odb,Step-1,Increment      1: Step Time =    1.000,"PLATE-1",          2625,             1,      -1.83986,  -125.684E-03,            0.,"ASSEMBLY_PLATE-1__PICKEDSET2","ROCK","",      -1.02619,      -1.74639,      -1.74583,      -1.02676,   20.1174E-03
F:/Desktop/DeepOnet_Abaqus/StaticElasticJob.odb,Step-1,Increment      1: Step Time =    1.000,"PLATE-1",          2626,             1,      -1.84219,  -574.865E-03,            0.,"ASSEMBLY_PLATE-1__PICKEDSET2","ROCK","",      -1.01902,      -1.75671,      -1.75579,      -1.01994,   26.0738E-03
F:/Desktop/DeepOnet_Abaqus/StaticElasticJob.odb,Step-1,Increment      1: Step Time =    1.000,"PLATE-1",          2627,             1,      -1.67981,  -849.463E-03,            0.,"ASSEMBLY_PLATE-1__PICKEDSET2","ROCK","",      -1.01392,      -1.76488,      -1.76382,      -1.01498,   28.1930E-03
F:/Desktop/DeepOnet_Abaqus/StaticElasticJob.odb,Step-1,Increment      1: Step Time =    1.000,"PLATE-1",          2628,             1,      -1.96413,      -1.11427,            0.,"ASSEMBLY_PLATE-1__PICKEDSET2","ROCK","",      -1.01001,      -1.76542,      -1.76483,      -1.01061,   21.1508E-03
F:/Desktop/DeepOnet_Abaqus/StaticElasticJob.odb,Step-1,Increment      1: Step Time =    1.000,"PLATE-1",          2629,             1,      -1.67309,  -950.807E-03,            0.,"ASSEMBLY_PLATE-1__PICKEDSET2","ROCK","",      -1.01215,      -1.76710,      -1.76612,      -1.01313,   27.2563E-03
F:/Desktop/DeepOnet_Abaqus/StaticElasticJob.odb,Step-1,Increment      1: Step Time =    1.000,"PLATE-1",          2630,             1,      -1.79526,  -28.2421E-03,            0.,"ASSEMBLY_PLATE-1__PICKEDSET2","ROCK","",      -1.02826,      -1.74366,      -1.74323,      -1.02869,   17.7032E-03
F:/Desktop/DeepOnet_Abaqus/StaticElasticJob.odb,Step-1,Increment      1: Step Time =    1.000,"PLATE-1",          2631,             1,  -151.175E-03,      -1.82680,            0.,"ASSEMBLY_PLATE-1__PICKEDSET2","ROCK","",  -998.729E-03,      -1.79311,      -1.79304,  -998.800E-03,   7.52677E-03
F:/Desktop/DeepOnet_Abaqus/StaticElasticJob.odb,Step-1,Increment      1: Step Time =    1.000,"PLATE-1",          2632,             1,       1.65413,   146.443E-03,            0.,"ASSEMBLY_PLATE-1__PICKEDSET2","ROCK","",      -1.01126,      -1.72544,      -1.72430,      -1.01240,  -28.5871E-03
F:/Desktop/DeepOnet_Abaqus/StaticElasticJob.odb,Step-1,Increment      1: Step Time =    1.000,"PLATE-1",          2633,             1,       1.87374,   209.434E-03,            0.,"ASSEMBLY_PLATE-1__PICKEDSET2","ROCK","",      -1.01489,      -1.72711,      -1.72620,      -1.01579,  -25.4032E-03
F:/Desktop/DeepOnet_Abaqus/StaticElasticJob.odb,Step-1,Increment      1: Step Time =    1.000,"PLATE-1",          2634,             1,  -359.635E-03,      -1.83036,            0.,"ASSEMBLY_PLATE-1__PICKEDSET2","ROCK","",      -1.00078,      -1.79081,      -1.79067,      -1.00091,   10.2694E-03
F:/Desktop/DeepOnet_Abaqus/StaticElasticJob.odb,Step-1,Increment      1: Step Time =    1.000,"PLATE-1",          2635,             1,   141.429E-03,      -1.66818,            0.,"ASSEMBLY_PLATE-1__PICKEDSET2","ROCK","",  -993.166E-03,      -1.80086,      -1.80084,  -993.181E-03,   3.46738E-03
F:/Desktop/DeepOnet_Abaqus/StaticElasticJob.odb,Step-1,Increment      1: Step Time =    1.000,"PLATE-1",          2636,             1,   304.740E-03,      -1.85715,            0.,"ASSEMBLY_PLATE-1__PICKEDSET2","ROCK","",  -995.469E-03,      -1.79361,      -1.79361,  -995.471E-03,   1.13097E-03
F:/Desktop/DeepOnet_Abaqus/StaticElasticJob.odb,Step-1,Increment      1: Step Time =    1.000,"PLATE-1",          2637,             1,   117.876E-03,      -1.79614,            0.,"ASSEMBLY_PLATE-1__PICKEDSET2","ROCK","",  -995.952E-03,      -1.79535,      -1.79533,  -995.970E-03,   3.76182E-03
F:/Desktop/DeepOnet_Abaqus/StaticElasticJob.odb,Step-1,Increment      1: Step Time =    1.000,"PLATE-1",          2638,             1,      -1.68488,   255.298E-03,            0.,"ASSEMBLY_PLATE-1__PICKEDSET2","ROCK","",      -1.03043,      -1.73983,      -1.73966,      -1.03060,   10.9819E-03
F:/Desktop/DeepOnet_Abaqus/StaticElasticJob.odb,Step-1,Increment      1: Step Time =    1.000,"PLATE-1",          2639,             1,      -1.78304,   53.9020E-03,            0.,"ASSEMBLY_PLATE-1__PICKEDSET2","ROCK","",      -1.02934,      -1.74196,      -1.74160,      -1.02970,   15.9561E-03
F:/Desktop/DeepOnet_Abaqus/StaticElasticJob.odb,Step-1,Increment      1: Step Time =    1.000,"PLATE-1",          2640,             1,      -1.66699,  -46.3880E-03,            0.,"ASSEMBLY_PLATE-1__PICKEDSET2","ROCK","",      -1.03194,      -1.74048,      -1.73995,      -1.03247,   19.2874E-03
F:/Desktop/DeepOnet_Abaqus/StaticElasticJob.odb,Step-1,Increment      1: Step Time =    1.000,"PLATE-1",          2641,             1,       1.82803,  -506.948E-03,            0.,"ASSEMBLY_PLATE-1__PICKEDSET2","ROCK","",      -1.00334,      -1.75341,      -1.75178,      -1.00497,  -34.9279E-03
F:/Desktop/DeepOnet_Abaqus/StaticElasticJob.odb,Step-1,Increment      1: Step Time =    1.000,"PLATE-1",          2642,             1,       1.75579,   168.151E-03,            0.,"ASSEMBLY_PLATE-1__PICKEDSET2","ROCK","",      -1.01277,      -1.72613,      -1.72505,      -1.01385,  -27.7425E-03
F:/Desktop/DeepOnet_Abaqus/StaticElasticJob.odb,Step-1,Increment      1: Step Time =    1.000,"PLATE-1",          2643,             1,       1.82397,   323.956E-03,            0.,"ASSEMBLY_PLATE-1__PICKEDSET2","ROCK","",      -1.01593,      -1.72115,      -1.72030,      -1.01679,  -24.5049E-03
F:/Desktop/DeepOnet_Abaqus/StaticElasticJob.odb,Step-1,Increment      1: Step Time =    1.000,"PLATE-1",          2644,             1,      -1.82698,   415.349E-03,            0.,"ASSEMBLY_PLATE-1__PICKEDSET2","ROCK","",      -1.02611,      -1.74247,      -1.74232,      -1.02626,   10.3012E-03
F:/Desktop/DeepOnet_Abaqus/StaticElasticJob.odb,Step-1,Increment      1: Step Time =    1.000,"PLATE-1",          2645,             1,      -1.76971,  -426.302E-03,            0.,"ASSEMBLY_PLATE-1__PICKEDSET2","ROCK","",      -1.02286,      -1.75271,      -1.75171,      -1.02385,   26.9302E-03
F:/Desktop/DeepOnet_Abaqus/StaticElasticJob.odb,Step-1,Increment      1: Step Time =    1.000,"PLATE-1",          2646,             1,      -1.87604,  -756.187E-03,            0.,"ASSEMBLY_PLATE-1__PICKEDSET2","ROCK","",      -1.01501,      -1.76101,      -1.76016,      -1.01586,   25.0746E-03
F:/Desktop/DeepOnet_Abaqus/StaticElasticJob.odb,Step-1,Increment      1: Step Time =    1.000,"PLATE-1",          2647,             1,       1.96214,      -1.10718,            0.,"ASSEMBLY_PLATE-1__PICKEDSET2","ROCK","",  -997.507E-03,      -1.76866,      -1.76771,  -998.460E-03,  -27.0913E-03
F:/Desktop/DeepOnet_Abaqus/StaticElasticJob.odb,Step-1,Increment      1: Step Time =    1.000,"PLATE-1",          2648,             1,       1.64812,      -1.24713,            0.,"ASSEMBLY_PLATE-1__PICKEDSET2","ROCK","",  -992.776E-03,      -1.77646,      -1.77557,  -993.668E-03,  -26.4316E-03
F:/Desktop/DeepOnet_Abaqus/StaticElasticJob.odb,Step-1,Increment      1: Step Time =    1.000,"PLATE-1",          2649,             1,       1.73997,      -1.21515,            0.,"ASSEMBLY_PLATE-1__PICKEDSET2","ROCK","",  -994.048E-03,      -1.77400,      -1.77308,  -994.968E-03,  -26.7717E-03
F:/Desktop/DeepOnet_Abaqus/StaticElasticJob.odb,Step-1,Increment      1: Step Time =    1.000,"PLATE-1",          2650,             1,       1.82788,      -1.07145,            0.,"ASSEMBLY_PLATE-1__PICKEDSET2","ROCK","",  -996.045E-03,      -1.77008,      -1.76901,  -997.116E-03,  -28.7778E-03
F:/Desktop/DeepOnet_Abaqus/StaticElasticJob.odb,Step-1,Increment      1: Step Time =    1.000,"PLATE-1",          2651,             1,       1.79378,       1.14080,            0.,"ASSEMBLY_PLATE-1__PICKEDSET2","ROCK","",      -1.03872,      -1.69060,      -1.69036,      -1.03896,   12.5143E-03
F:/Desktop/DeepOnet_Abaqus/StaticElasticJob.odb,Step-1,Increment      1: Step Time =    1.000,"PLATE-1",          2652,             1,       1.79918,       1.24543,            0.,"ASSEMBLY_PLATE-1__PICKEDSET2","ROCK","",      -1.03915,      -1.69181,      -1.69123,      -1.03973,   19.4559E-03
F:/Desktop/DeepOnet_Abaqus/StaticElasticJob.odb,Step-1,Increment      1: Step Time =    1.000,"PLATE-1",          2653,             1,       1.66280,       1.45266,            0.,"ASSEMBLY_PLATE-1__PICKEDSET2","ROCK","",      -1.04000,      -1.69356,      -1.69100,      -1.04257,   40.8640E-03
F:/Desktop/DeepOnet_Abaqus/StaticElasticJob.odb,Step-1,Increment      1: Step Time =    1.000,"PLATE-1",          2654,             1,      -1.53583,      -1.69599,            0.,"ASSEMBLY_PLATE-1__PICKEDSET2","ROCK","",      -1.00562,      -1.77359,      -1.77327,      -1.00594,   15.7636E-03
F:/Desktop/DeepOnet_Abaqus/StaticElasticJob.odb,Step-1,Increment      1: Step Time =    1.000,"PLATE-1",          2655,             1,      -1.36212,      -1.94616,            0.,"ASSEMBLY_PLATE-1__PICKEDSET2","ROCK","",      -1.00528,      -1.77467,      -1.77447,      -1.00549,   12.5475E-03
F:/Desktop/DeepOnet_Abaqus/StaticElasticJob.odb,Step-1,Increment      1: Step Time =    1.000,"PLATE-1",          2656,             1,      -1.12884,      -1.78262,            0.,"ASSEMBLY_PLATE-1__PICKEDSET2","ROCK","",      -1.00474,      -1.77968,      -1.77940,      -1.00503,   14.9080E-03
F:/Desktop/DeepOnet_Abaqus/StaticElasticJob.odb,Step-1,Increment      1: Step Time =    1.000,"PLATE-1",          2657,             1,      -1.02865,      -1.82719,            0.,"ASSEMBLY_PLATE-1__PICKEDSET2","ROCK","",      -1.00460,      -1.78068,      -1.78041,      -1.00487,   14.3081E-03
F:/Desktop/DeepOnet_Abaqus/StaticElasticJob.odb,Step-1,Increment      1: Step Time =    1.000,"PLATE-1",          2658,             1,   535.163E-03,      -2.10029,            0.,"ASSEMBLY_PLATE-1__PICKEDSET2","ROCK","",  -997.583E-03,      -1.78595,      -1.78595,  -997.584E-03,  -965.746E-06
F:/Desktop/DeepOnet_Abaqus/StaticElasticJob.odb,Step-1,Increment      1: Step Time =    1.000,"PLATE-1",          2659,             1,       1.09657,      -1.83339,            0.,"ASSEMBLY_PLATE-1__PICKEDSET2","ROCK","",  -992.783E-03,      -1.78513,      -1.78498,  -992.939E-03,  -11.1077E-03
F:/Desktop/DeepOnet_Abaqus/StaticElasticJob.odb,Step-1,Increment      1: Step Time =    1.000,"PLATE-1",          2660,             1,       1.25537,      -1.65361,            0.,"ASSEMBLY_PLATE-1__PICKEDSET2","ROCK","",  -991.241E-03,      -1.78479,      -1.78448,  -991.556E-03,  -15.8067E-03
F:/Desktop/DeepOnet_Abaqus/StaticElasticJob.odb,Step-1,Increment      1: Step Time =    1.000,"PLATE-1",          2661,             1,       1.26643,      -1.92165,            0.,"ASSEMBLY_PLATE-1__PICKEDSET2","ROCK","",  -993.869E-03,      -1.78147,      -1.78130,  -994.039E-03,  -11.5873E-03
F:/Desktop/DeepOnet_Abaqus/StaticElasticJob.odb,Step-1,Increment      1: Step Time =    1.000,"PLATE-1",          2662,             1,       1.29669,      -1.74975,            0.,"ASSEMBLY_PLATE-1__PICKEDSET2","ROCK","",  -992.457E-03,      -1.78273,      -1.78247,  -992.721E-03,  -14.4522E-03
F:/Desktop/DeepOnet_Abaqus/StaticElasticJob.odb,Step-1,Increment      1: Step Time =    1.000,"PLATE-1",          2663,             1,      -1.89825,       1.39503,            0.,"ASSEMBLY_PLATE-1__PICKEDSET2","ROCK","",      -1.02973,      -1.72592,      -1.72592,      -1.02973,  -317.015E-06
F:/Desktop/DeepOnet_Abaqus/StaticElasticJob.odb,Step-1,Increment      1: Step Time =    1.000,"PLATE-1",          2664,             1,      -1.78290,       1.34380,            0.,"ASSEMBLY_PLATE-1__PICKEDSET2","ROCK","",      -1.03041,      -1.72371,      -1.72371,      -1.03042,   2.20972E-03
F:/Desktop/DeepOnet_Abaqus/StaticElasticJob.odb,Step-1,Increment      1: Step Time =    1.000,"PLATE-1",          2665,             1,      -1.67127,       1.14897,            0.,"ASSEMBLY_PLATE-1__PICKEDSET2","ROCK","",      -1.02785,      -1.72873,      -1.72863,      -1.02795,   8.65872E-03
F:/Desktop/DeepOnet_Abaqus/StaticElasticJob.odb,Step-1,Increment      1: Step Time =    1.000,"PLATE-1",          2666,             1,      -1.92425,  -947.163E-03,            0.,"ASSEMBLY_PLATE-1__PICKEDSET2","ROCK","",      -1.01213,      -1.76413,      -1.76339,      -1.01286,   23.5509E-03
F:/Desktop/DeepOnet_Abaqus/StaticElasticJob.odb,Step-1,Increment      1: Step Time =    1.000,"PLATE-1",          2667,             1,      -1.80822,  -953.002E-03,            0.,"ASSEMBLY_PLATE-1__PICKEDSET2","ROCK","",      -1.01203,      -1.76549,      -1.76465,      -1.01287,   25.1548E-03
F:/Desktop/DeepOnet_Abaqus/StaticElasticJob.odb,Step-1,Increment      1: Step Time =    1.000,"PLATE-1",          2668,             1,      -1.81283,      -1.04808,            0.,"ASSEMBLY_PLATE-1__PICKEDSET2","ROCK","",      -1.01081,      -1.76665,      -1.76588,      -1.01157,   23.9848E-03
F:/Desktop/DeepOnet_Abaqus/StaticElasticJob.odb,Step-1,Increment      1: Step Time =    1.000,"PLATE-1",          2669,             1,      -1.87483,      -1.26265,            0.,"ASSEMBLY_PLATE-1__PICKEDSET2","ROCK","",      -1.00828,      -1.76764,      -1.76711,      -1.00882,   20.1665E-03
F:/Desktop/DeepOnet_Abaqus/StaticElasticJob.odb,Step-1,Increment      1: Step Time =    1.000,"PLATE-1",          2670,             1,      -1.69232,      -1.47037,            0.,"ASSEMBLY_PLATE-1__PICKEDSET2","ROCK","",      -1.00680,      -1.77091,      -1.77046,      -1.00725,   18.5608E-03
F:/Desktop/DeepOnet_Abaqus/StaticElasticJob.odb,Step-1,Increment      1: Step Time =    1.000,"PLATE-1",          2671,             1,       1.73130,      -1.66065,            0.,"ASSEMBLY_PLATE-1__PICKEDSET2","ROCK","",  -994.428E-03,      -1.77612,      -1.77568,  -994.868E-03,  -18.5241E-03
F:/Desktop/DeepOnet_Abaqus/StaticElasticJob.odb,Step-1,Increment      1: Step Time =    1.000,"PLATE-1",          2672,             1,       1.80012,      -1.38695,            0.,"ASSEMBLY_PLATE-1__PICKEDSET2","ROCK","",  -995.024E-03,      -1.77380,      -1.77311,  -995.720E-03,  -23.2614E-03
F:/Desktop/DeepOnet_Abaqus/StaticElasticJob.odb,Step-1,Increment      1: Step Time =    1.000,"PLATE-1",          2673,             1,      -2.02542,      -1.46104,            0.,"ASSEMBLY_PLATE-1__PICKEDSET2","ROCK","",      -1.00656,      -1.76664,      -1.76628,      -1.00693,   16.6236E-03
F:/Desktop/DeepOnet_Abaqus/StaticElasticJob.odb,Step-1,Increment      1: Step Time =    1.000,"PLATE-1",          2674,             1,      -1.69275,      -1.58986,            0.,"ASSEMBLY_PLATE-1__PICKEDSET2","ROCK","",      -1.00589,      -1.77146,      -1.77109,      -1.00625,   16.6450E-03
F:/Desktop/DeepOnet_Abaqus/StaticElasticJob.odb,Step-1,Increment      1: Step Time =    1.000,"PLATE-1",          2675,             1,       1.78185,       1.45635,            0.,"ASSEMBLY_PLATE-1__PICKEDSET2","ROCK","",      -1.03430,      -1.70466,      -1.70258,      -1.03638,   37.2949E-03
F:/Desktop/DeepOnet_Abaqus/StaticElasticJob.odb,Step-1,Increment      1: Step Time =    1.000,"PLATE-1",          2676,             1,       1.66537,       1.56059,            0.,"ASSEMBLY_PLATE-1__PICKEDSET2","ROCK","",      -1.03267,      -1.70748,      -1.70381,      -1.03633,   49.6036E-03
F:/Desktop/DeepOnet_Abaqus/StaticElasticJob.odb,Step-1,Increment      1: Step Time =    1.000,"PLATE-1",          2677,             1,      -1.96961,       1.45327,            0.,"ASSEMBLY_PLATE-1__PICKEDSET2","ROCK","",      -1.02824,      -1.72864,      -1.72863,      -1.02826,  -3.07095E-03
F:/Desktop/DeepOnet_Abaqus/StaticElasticJob.odb,Step-1,Increment      1: Step Time =    1.000,"PLATE-1",          2678,             1,      -1.67512,      -1.76173,            0.,"ASSEMBLY_PLATE-1__PICKEDSET2","ROCK","",      -1.00528,      -1.77131,      -1.77103,      -1.00555,   14.5877E-03
F:/Desktop/DeepOnet_Abaqus/StaticElasticJob.odb,Step-1,Increment      1: Step Time =    1.000,"PLATE-1",          2679,             1,      -1.38956,      -1.81156,            0.,"ASSEMBLY_PLATE-1__PICKEDSET2","ROCK","",      -1.00538,      -1.77558,      -1.77530,      -1.00566,   14.6265E-03
F:/Desktop/DeepOnet_Abaqus/StaticElasticJob.odb,Step-1,Increment      1: Step Time =    1.000,"PLATE-1",          2680,             1,  -330.759E-03,       2.00948,            0.,"ASSEMBLY_PLATE-1__PICKEDSET2","ROCK","",  -812.152E-03,      -1.84897,      -1.81357,  -847.547E-03,  -188.269E-03
F:/Desktop/DeepOnet_Abaqus/StaticElasticJob.odb,Step-1,Increment      1: Step Time =    1.000,"PLATE-1",          2681,             1,   491.447E-03,       1.76444,            0.,"ASSEMBLY_PLATE-1__PICKEDSET2","ROCK","",      -1.04065,      -2.69929,      -2.43979,      -1.30015,   602.562E-03
F:/Desktop/DeepOnet_Abaqus/StaticElasticJob.odb,Step-1,Increment      1: Step Time =    1.000,"PLATE-1",          2682,             1,       1.50174,       1.79785,            0.,"ASSEMBLY_PLATE-1__PICKEDSET2","ROCK","",      -1.01594,      -1.73972,      -1.73147,      -1.02419,   76.8229E-03
F:/Desktop/DeepOnet_Abaqus/StaticElasticJob.odb,Step-1,Increment      1: Step Time =    1.000,"PLATE-1",          2683,             1,       1.09047,       1.96703,            0.,"ASSEMBLY_PLATE-1__PICKEDSET2","ROCK","",  -976.807E-03,      -1.82759,      -1.81144,  -992.958E-03,   116.103E-03
F:/Desktop/DeepOnet_Abaqus/StaticElasticJob.odb,Step-1,Increment      1: Step Time =    1.000,"PLATE-1",          2684,             1,   947.979E-03,       2.02963,            0.,"ASSEMBLY_PLATE-1__PICKEDSET2","ROCK","",  -976.753E-03,      -1.88403,      -1.87231,  -988.472E-03,   102.442E-03
F:/Desktop/DeepOnet_Abaqus/StaticElasticJob.odb,Step-1,Increment      1: Step Time =    1.000,"PLATE-1",          2685,             1,   755.673E-03,       1.91623,            0.,"ASSEMBLY_PLATE-1__PICKEDSET2","ROCK","",  -956.129E-03,      -1.97438,      -1.95183,  -978.673E-03,   149.823E-03
F:/Desktop/DeepOnet_Abaqus/StaticElasticJob.odb,Step-1,Increment      1: Step Time =    1.000,"PLATE-1",          2686,             1,   820.879E-03,       1.76894,            0.,"ASSEMBLY_PLATE-1__PICKEDSET2","ROCK","",  -976.962E-03,      -1.82555,      -1.75907,      -1.04345,   228.037E-03
F:/Desktop/DeepOnet_Abaqus/StaticElasticJob.odb,Step-1,Increment      1: Step Time =    1.000,"PLATE-1",          2687,             1,   877.132E-03,       1.88650,            0.,"ASSEMBLY_PLATE-1__PICKEDSET2","ROCK","",  -964.930E-03,      -1.88643,      -1.85114,      -1.00022,   176.836E-03
F:/Desktop/DeepOnet_Abaqus/StaticElasticJob.odb,Step-1,Increment      1: Step Time =    1.000,"PLATE-1",          2688,             1,   610.033E-03,       1.78028,            0.,"ASSEMBLY_PLATE-1__PICKEDSET2","ROCK","",  -912.288E-03,      -2.06625,      -1.97028,      -1.00826,   318.649E-03
F:/Desktop/DeepOnet_Abaqus/StaticElasticJob.odb,Step-1,Increment      1: Step Time =    1.000,"PLATE-1",          2689,             1,       1.21947,       1.90527,            0.,"ASSEMBLY_PLATE-1__PICKEDSET2","ROCK","",  -999.409E-03,      -1.78177,      -1.76745,      -1.01373,   104.867E-03
F:/Desktop/DeepOnet_Abaqus/StaticElasticJob.odb,Step-1,Increment      1: Step Time =    1.000,"PLATE-1",          2690,             1,   635.328E-03,       2.07276,            0.,"ASSEMBLY_PLATE-1__PICKEDSET2","ROCK","",      -1.04892,      -1.97787,      -1.97697,      -1.04982,   28.8538E-03
F:/Desktop/DeepOnet_Abaqus/StaticElasticJob.odb,Step-1,Increment      1: Step Time =    1.000,"PLATE-1",          2691,             1,       1.54513,       2.00596,            0.,"ASSEMBLY_PLATE-1__PICKEDSET2","ROCK","",      -1.00096,      -1.77345,      -1.76689,      -1.00752,   70.8563E-03
F:/Desktop/DeepOnet_Abaqus/StaticElasticJob.odb,Step-1,Increment      1: Step Time =    1.000,"PLATE-1",          2692,             1,      -1.08126,       2.24828,            0.,"ASSEMBLY_PLATE-1__PICKEDSET2","ROCK","",  -993.318E-03,      -1.73837,      -1.73227,  -999.417E-03,  -67.1348E-03
F:/Desktop/DeepOnet_Abaqus/StaticElasticJob.odb,Step-1,Increment      1: Step Time =    1.000,"PLATE-1",          2693,             1,  -948.807E-03,       1.77309,            0.,"ASSEMBLY_PLATE-1__PICKEDSET2","ROCK","",      -1.04577,      -1.64411,      -1.63880,      -1.05108,  -56.1217E-03
F:/Desktop/DeepOnet_Abaqus/StaticElasticJob.odb,Step-1,Increment      1: Step Time =    1.000,"PLATE-1",          2694,             1,  -633.009E-03,       1.88806,            0.,"ASSEMBLY_PLATE-1__PICKEDSET2","ROCK","",  -970.762E-03,      -1.66266,      -1.62732,      -1.00610,  -152.320E-03
F:/Desktop/DeepOnet_Abaqus/StaticElasticJob.odb,Step-1,Increment      1: Step Time =    1.000,"PLATE-1",          2695,             1,   294.530E-03,       2.02147,            0.,"ASSEMBLY_PLATE-1__PICKEDSET2","ROCK","",      -1.03000,      -2.15694,      -2.11476,      -1.07219,   213.917E-03
F:/Desktop/DeepOnet_Abaqus/StaticElasticJob.odb,Step-1,Increment      1: Step Time =    1.000,"PLATE-1",          2696,             1,   3.28953E-03,       1.99904,            0.,"ASSEMBLY_PLATE-1__PICKEDSET2","ROCK","",  -756.115E-03,      -2.05428,      -2.04501,  -765.390E-03,  -109.334E-03
F:/Desktop/DeepOnet_Abaqus/StaticElasticJob.odb,Step-1,Increment      1: Step Time =    1.000,"PLATE-1",          2697,             1,      -1.20175,       2.10844,            0.,"ASSEMBLY_PLATE-1__PICKEDSET2","ROCK","",      -1.01048,      -1.72003,      -1.71569,      -1.01482,  -55.3101E-03
F:/Desktop/DeepOnet_Abaqus/StaticElasticJob.odb,Step-1,Increment      1: Step Time =    1.000,"PLATE-1",          2698,             1,      -1.25038,       1.91028,            0.,"ASSEMBLY_PLATE-1__PICKEDSET2","ROCK","",      -1.02745,      -1.70026,      -1.69741,      -1.03029,  -43.6622E-03
F:/Desktop/DeepOnet_Abaqus/StaticElasticJob.odb,Step-1,Increment      1: Step Time =    1.000,"PLATE-1",          2699,             1,      -1.36456,       2.20408,            0.,"ASSEMBLY_PLATE-1__PICKEDSET2","ROCK","",      -1.01235,      -1.73042,      -1.72757,      -1.01521,  -45.1981E-03
F:/Desktop/DeepOnet_Abaqus/StaticElasticJob.odb,Step-1,Increment      1: Step Time =    1.000,"PLATE-1",          2700,             1,      -1.53601,       1.93246,            0.,"ASSEMBLY_PLATE-1__PICKEDSET2","ROCK","",      -1.02615,      -1.71622,      -1.71488,      -1.02749,  -30.3905E-03
F:/Desktop/DeepOnet_Abaqus/StaticElasticJob.odb,Step-1,Increment      1: Step Time =    1.000,"PLATE-1",          2701,             1,      -1.90393,       1.28211,            0.,"ASSEMBLY_PLATE-1__PICKEDSET2","ROCK","",      -1.02822,      -1.72939,      -1.72938,      -1.02824,   2.80560E-03
F:/Desktop/DeepOnet_Abaqus/StaticElasticJob.odb,Step-1,Increment      1: Step Time =    1.000,"PLATE-1",          2702,             1,      -1.87821,      -1.37962,            0.,"ASSEMBLY_PLATE-1__PICKEDSET2","ROCK","",      -1.00740,      -1.76799,      -1.76753,      -1.00786,   18.6902E-03
F:/Desktop/DeepOnet_Abaqus/StaticElasticJob.odb,Step-1,Increment      1: Step Time =    1.000,"PLATE-1",          2703,             1,      -2.19249,      -1.35028,            0.,"ASSEMBLY_PLATE-1__PICKEDSET2","ROCK","",      -1.00711,      -1.76471,      -1.76436,      -1.00747,   16.4759E-03
F:/Desktop/DeepOnet_Abaqus/StaticElasticJob.odb,Step-1,Increment      1: Step Time =    1.000,"PLATE-1",          2704,             1,       1.60101,      -1.84575,            0.,"ASSEMBLY_PLATE-1__PICKEDSET2","ROCK","",  -994.309E-03,      -1.77750,      -1.77719,  -994.621E-03,  -15.6130E-03
F:/Desktop/DeepOnet_Abaqus/StaticElasticJob.odb,Step-1,Increment      1: Step Time =    1.000,"PLATE-1",          2705,             1,       2.03487,      -1.34621,            0.,"ASSEMBLY_PLATE-1__PICKEDSET2","ROCK","",  -997.453E-03,      -1.77006,      -1.76935,  -998.162E-03,  -23.4029E-03
F:/Desktop/DeepOnet_Abaqus/StaticElasticJob.odb,Step-1,Increment      1: Step Time =    1.000,"PLATE-1",          2706,             1,      -1.22593,      -1.90122,            0.,"ASSEMBLY_PLATE-1__PICKEDSET2","ROCK","",      -1.00519,      -1.77652,      -1.77630,      -1.00541,   13.1164E-03
F:/Desktop/DeepOnet_Abaqus/StaticElasticJob.odb,Step-1,Increment      1: Step Time =    1.000,"PLATE-1",          2707,             1,       1.58914,      -2.03709,            0.,"ASSEMBLY_PLATE-1__PICKEDSET2","ROCK","",  -995.738E-03,      -1.77592,      -1.77573,  -995.927E-03,  -12.1341E-03
F:/Desktop/DeepOnet_Abaqus/StaticElasticJob.odb,Step-1,Increment      1: Step Time =    1.000,"PLATE-1",          2708,             1,       2.04117,   998.568E-03,            0.,"ASSEMBLY_PLATE-1__PICKEDSET2","ROCK","",      -1.03237,      -1.70935,      -1.70931,      -1.03241,   5.16614E-03
F:/Desktop/DeepOnet_Abaqus/StaticElasticJob.odb,Step-1,Increment      1: Step Time =    1.000,"PLATE-1",          2709,             1,  -948.539E-03,      -2.02292,            0.,"ASSEMBLY_PLATE-1__PICKEDSET2","ROCK","",      -1.00484,      -1.77870,      -1.77854,      -1.00501,   11.3919E-03
F:/Desktop/DeepOnet_Abaqus/StaticElasticJob.odb,Step-1,Increment      1: Step Time =    1.000,"PLATE-1",          2710,             1,      -1.82998,       1.04691,            0.,"ASSEMBLY_PLATE-1__PICKEDSET2","ROCK","",      -1.02621,      -1.73411,      -1.73403,      -1.02630,   7.64928E-03
F:/Desktop/DeepOnet_Abaqus/StaticElasticJob.odb,Step-1,Increment      1: Step Time =    1.000,"PLATE-1",          2711,             1,      -1.99373,   923.719E-03,            0.,"ASSEMBLY_PLATE-1__PICKEDSET2","ROCK","",      -1.02485,      -1.73839,      -1.73832,      -1.02492,   7.14089E-03
F:/Desktop/DeepOnet_Abaqus/StaticElasticJob.odb,Step-1,Increment      1: Step Time =    1.000,"PLATE-1",          2712,             1,  -465.515E-03,      -2.14318,            0.,"ASSEMBLY_PLATE-1__PICKEDSET2","ROCK","",      -1.00399,      -1.78160,      -1.78152,      -1.00407,   7.64915E-03
F:/Desktop/DeepOnet_Abaqus/StaticElasticJob.odb,Step-1,Increment      1: Step Time =    1.000,"PLATE-1",          2713,             1,      -1.82336,  -860.378E-03,            0.,"ASSEMBLY_PLATE-1__PICKEDSET2","ROCK","",      -1.01346,      -1.76376,      -1.76288,      -1.01434,   25.6761E-03
F:/Desktop/DeepOnet_Abaqus/StaticElasticJob.odb,Step-1,Increment      1: Step Time =    1.000,"PLATE-1",          2714,             1,      -2.03670,      -1.03462,            0.,"ASSEMBLY_PLATE-1__PICKEDSET2","ROCK","",      -1.01074,      -1.76397,      -1.76338,      -1.01132,   20.9822E-03
F:/Desktop/DeepOnet_Abaqus/StaticElasticJob.odb,Step-1,Increment      1: Step Time =    1.000,"PLATE-1",          2715,             1,       2.07860,  -162.965E-03,            0.,"ASSEMBLY_PLATE-1__PICKEDSET2","ROCK","",      -1.01221,      -1.74216,      -1.74107,      -1.01330,  -28.2003E-03
F:/Desktop/DeepOnet_Abaqus/StaticElasticJob.odb,Step-1,Increment      1: Step Time =    1.000,"PLATE-1",          2716,             1,       2.03760,  -573.475E-03,            0.,"ASSEMBLY_PLATE-1__PICKEDSET2","ROCK","",      -1.00512,      -1.75439,      -1.75309,      -1.00641,  -31.0713E-03
F:/Desktop/DeepOnet_Abaqus/StaticElasticJob.odb,Step-1,Increment      1: Step Time =    1.000,"PLATE-1",          2717,             1,       1.79245,  -417.409E-03,            0.,"ASSEMBLY_PLATE-1__PICKEDSET2","ROCK","",      -1.00490,      -1.74989,      -1.74823,      -1.00656,  -35.0977E-03
F:/Desktop/DeepOnet_Abaqus/StaticElasticJob.odb,Step-1,Increment      1: Step Time =    1.000,"PLATE-1",          2718,             1,       2.21226,   858.492E-03,            0.,"ASSEMBLY_PLATE-1__PICKEDSET2","ROCK","",      -1.02944,      -1.71963,      -1.71963,      -1.02944,   444.176E-06
F:/Desktop/DeepOnet_Abaqus/StaticElasticJob.odb,Step-1,Increment      1: Step Time =    1.000,"PLATE-1",          2719,             1,   597.610E-03,      -1.88665,            0.,"ASSEMBLY_PLATE-1__PICKEDSET2","ROCK","",  -994.132E-03,      -1.79068,      -1.79066,  -994.150E-03,  -3.72577E-03
F:/Desktop/DeepOnet_Abaqus/StaticElasticJob.odb,Step-1,Increment      1: Step Time =    1.000,"PLATE-1",          2720,             1,       1.03173,      -2.04340,            0.,"ASSEMBLY_PLATE-1__PICKEDSET2","ROCK","",  -995.174E-03,      -1.78275,      -1.78268,  -995.249E-03,  -7.67626E-03
F:/Desktop/DeepOnet_Abaqus/StaticElasticJob.odb,Step-1,Increment      1: Step Time =    1.000,"PLATE-1",          2721,             1,      -2.16747,  -170.037E-03,            0.,"ASSEMBLY_PLATE-1__PICKEDSET2","ROCK","",      -1.02032,      -1.75128,      -1.75084,      -1.02075,   17.7567E-03
F:/Desktop/DeepOnet_Abaqus/StaticElasticJob.odb,Step-1,Increment      1: Step Time =    1.000,"PLATE-1",          2722,             1,      -1.94092,   648.843E-03,            0.,"ASSEMBLY_PLATE-1__PICKEDSET2","ROCK","",      -1.02418,      -1.74227,      -1.74214,      -1.02431,   9.70548E-03
F:/Desktop/DeepOnet_Abaqus/StaticElasticJob.odb,Step-1,Increment      1: Step Time =    1.000,"PLATE-1",          2723,             1,      -1.78222,  -345.136E-03,            0.,"ASSEMBLY_PLATE-1__PICKEDSET2","ROCK","",      -1.02406,      -1.75055,      -1.74967,      -1.02493,   25.1912E-03
F:/Desktop/DeepOnet_Abaqus/StaticElasticJob.odb,Step-1,Increment      1: Step Time =    1.000,"PLATE-1",          2724,             1,      -1.99427,  -623.129E-03,            0.,"ASSEMBLY_PLATE-1__PICKEDSET2","ROCK","",      -1.01649,      -1.75795,      -1.75723,      -1.01721,   23.0097E-03
F:/Desktop/DeepOnet_Abaqus/StaticElasticJob.odb,Step-1,Increment      1: Step Time =    1.000,"PLATE-1",          2725,             1,      -1.88849,   39.4649E-03,            0.,"ASSEMBLY_PLATE-1__PICKEDSET2","ROCK","",      -1.02661,      -1.74457,      -1.74420,      -1.02698,   16.1268E-03
F:/Desktop/DeepOnet_Abaqus/StaticElasticJob.odb,Step-1,Increment      1: Step Time =    1.000,"PLATE-1",          2726,             1,      -1.78485,   510.976E-03,            0.,"ASSEMBLY_PLATE-1__PICKEDSET2","ROCK","",      -1.02562,      -1.74219,      -1.74207,      -1.02574,   9.25254E-03
F:/Desktop/DeepOnet_Abaqus/StaticElasticJob.odb,Step-1,Increment      1: Step Time =    1.000,"PLATE-1",          2727,             1,       2.25765,  -533.739E-03,            0.,"ASSEMBLY_PLATE-1__PICKEDSET2","ROCK","",      -1.00784,      -1.75283,      -1.75174,      -1.00893,  -28.4796E-03
F:/Desktop/DeepOnet_Abaqus/StaticElasticJob.odb,Step-1,Increment      1: Step Time =    1.000,"PLATE-1",          2728,             1,       1.78485,  -241.576E-03,            0.,"ASSEMBLY_PLATE-1__PICKEDSET2","ROCK","",      -1.00780,      -1.74259,      -1.74097,      -1.00943,  -34.5287E-03
F:/Desktop/DeepOnet_Abaqus/StaticElasticJob.odb,Step-1,Increment      1: Step Time =    1.000,"PLATE-1",          2729,             1,      -2.64191,  -109.826E-03,            0.,"ASSEMBLY_PLATE-1__PICKEDSET2","ROCK","",      -1.01632,      -1.75419,      -1.75394,      -1.01657,   13.6447E-03
F:/Desktop/DeepOnet_Abaqus/StaticElasticJob.odb,Step-1,Increment      1: Step Time =    1.000,"PLATE-1",          2730,             1,       1.99959,   265.931E-03,            0.,"ASSEMBLY_PLATE-1__PICKEDSET2","ROCK","",      -1.01846,      -1.72584,      -1.72514,      -1.01916,  -22.3398E-03
F:/Desktop/DeepOnet_Abaqus/StaticElasticJob.odb,Step-1,Increment      1: Step Time =    1.000,"PLATE-1",          2731,             1,       1.79417,  -49.2093E-03,            0.,"ASSEMBLY_PLATE-1__PICKEDSET2","ROCK","",      -1.01110,      -1.73414,      -1.73281,      -1.01243,  -30.9872E-03
F:/Desktop/DeepOnet_Abaqus/StaticElasticJob.odb,Step-1,Increment      1: Step Time =    1.000,"PLATE-1",          2732,             1,  -53.6617E-03,      -1.80299,            0.,"ASSEMBLY_PLATE-1__PICKEDSET2","ROCK","",  -997.466E-03,      -1.79519,      -1.79513,  -997.520E-03,   6.57396E-03
F:/Desktop/DeepOnet_Abaqus/StaticElasticJob.odb,Step-1,Increment      1: Step Time =    1.000,"PLATE-1",          2733,             1,       2.22438,   313.132E-03,            0.,"ASSEMBLY_PLATE-1__PICKEDSET2","ROCK","",      -1.02149,      -1.73094,      -1.73049,      -1.02194,  -17.9499E-03
F:/Desktop/DeepOnet_Abaqus/StaticElasticJob.odb,Step-1,Increment      1: Step Time =    1.000,"PLATE-1",          2734,             1,      -1.78816,  -504.969E-03,            0.,"ASSEMBLY_PLATE-1__PICKEDSET2","ROCK","",      -1.02125,      -1.75476,      -1.75374,      -1.02227,   27.3454E-03
F:/Desktop/DeepOnet_Abaqus/StaticElasticJob.odb,Step-1,Increment      1: Step Time =    1.000,"PLATE-1",          2735,             1,       1.86059,      -1.17727,            0.,"ASSEMBLY_PLATE-1__PICKEDSET2","ROCK","",  -995.992E-03,      -1.77114,      -1.77022,  -996.915E-03,  -26.7314E-03
F:/Desktop/DeepOnet_Abaqus/StaticElasticJob.odb,Step-1,Increment      1: Step Time =    1.000,"PLATE-1",          2736,             1,  -38.8981E-03,      -1.93512,            0.,"ASSEMBLY_PLATE-1__PICKEDSET2","ROCK","",  -999.087E-03,      -1.79110,      -1.79105,  -999.133E-03,   6.04574E-03
F:/Desktop/DeepOnet_Abaqus/StaticElasticJob.odb,Step-1,Increment      1: Step Time =    1.000,"PLATE-1",          2737,             1,   129.132E-03,      -2.00473,            0.,"ASSEMBLY_PLATE-1__PICKEDSET2","ROCK","",  -999.031E-03,      -1.78848,      -1.78847,  -999.047E-03,   3.50007E-03
F:/Desktop/DeepOnet_Abaqus/StaticElasticJob.odb,Step-1,Increment      1: Step Time =    1.000,"PLATE-1",          2738,             1,  -375.099E-03,      -1.98266,            0.,"ASSEMBLY_PLATE-1__PICKEDSET2","ROCK","",      -1.00213,      -1.78654,      -1.78645,      -1.00222,   8.43162E-03
F:/Desktop/DeepOnet_Abaqus/StaticElasticJob.odb,Step-1,Increment      1: Step Time =    1.000,"PLATE-1",          2739,             1,      -1.82992,   237.503E-03,            0.,"ASSEMBLY_PLATE-1__PICKEDSET2","ROCK","",      -1.02762,      -1.74226,      -1.74204,      -1.02784,   12.4599E-03
F:/Desktop/DeepOnet_Abaqus/StaticElasticJob.odb,Step-1,Increment      1: Step Time =    1.000,"PLATE-1",          2740,             1,      -1.96094,   206.272E-03,            0.,"ASSEMBLY_PLATE-1__PICKEDSET2","ROCK","",      -1.02547,      -1.74467,      -1.74441,      -1.02574,   13.8852E-03
F:/Desktop/DeepOnet_Abaqus/StaticElasticJob.odb,Step-1,Increment      1: Step Time =    1.000,"PLATE-1",          2741,             1,      -1.92620,   327.372E-03,            0.,"ASSEMBLY_PLATE-1__PICKEDSET2","ROCK","",      -1.02547,      -1.74409,      -1.74389,      -1.02568,   12.1996E-03
F:/Desktop/DeepOnet_Abaqus/StaticElasticJob.odb,Step-1,Increment      1: Step Time =    1.000,"PLATE-1",          2742,             1,       2.13657,      -1.16728,            0.,"ASSEMBLY_PLATE-1__PICKEDSET2","ROCK","",  -999.589E-03,      -1.76705,      -1.76625,      -1.00038,  -24.6873E-03
F:/Desktop/DeepOnet_Abaqus/StaticElasticJob.odb,Step-1,Increment      1: Step Time =    1.000,"PLATE-1",          2743,             1,      -1.48019,      -1.86193,            0.,"ASSEMBLY_PLATE-1__PICKEDSET2","ROCK","",      -1.00529,      -1.77363,      -1.77340,      -1.00552,   13.4000E-03
F:/Desktop/DeepOnet_Abaqus/StaticElasticJob.odb,Step-1,Increment      1: Step Time =    1.000,"PLATE-1",          2744,             1,  -649.403E-03,      -2.31962,            0.,"ASSEMBLY_PLATE-1__PICKEDSET2","ROCK","",      -1.00541,      -1.77707,      -1.77701,      -1.00548,   7.09308E-03
F:/Desktop/DeepOnet_Abaqus/StaticElasticJob.odb,Step-1,Increment      1: Step Time =    1.000,"PLATE-1",          2745,             1,      -1.84144,       1.52297,            0.,"ASSEMBLY_PLATE-1__PICKEDSET2","ROCK","",      -1.03011,      -1.72367,      -1.72364,      -1.03015,  -5.07844E-03
F:/Desktop/DeepOnet_Abaqus/StaticElasticJob.odb,Step-1,Increment      1: Step Time =    1.000,"PLATE-1",          2746,             1,      -1.99079,       1.35533,            0.,"ASSEMBLY_PLATE-1__PICKEDSET2","ROCK","",      -1.02703,      -1.73160,      -1.73160,      -1.02703,  -663.175E-06
F:/Desktop/DeepOnet_Abaqus/StaticElasticJob.odb,Step-1,Increment      1: Step Time =    1.000,"PLATE-1",          2747,             1,       1.90341,       1.37753,            0.,"ASSEMBLY_PLATE-1__PICKEDSET2","ROCK","",      -1.03393,      -1.70753,      -1.70615,      -1.03531,   30.4849E-03
F:/Desktop/DeepOnet_Abaqus/StaticElasticJob.odb,Step-1,Increment      1: Step Time =    1.000,"PLATE-1",          2748,             1,       1.20043,      -1.79511,            0.,"ASSEMBLY_PLATE-1__PICKEDSET2","ROCK","",  -992.499E-03,      -1.78418,      -1.78398,  -992.702E-03,  -12.6736E-03
F:/Desktop/DeepOnet_Abaqus/StaticElasticJob.odb,Step-1,Increment      1: Step Time =    1.000,"PLATE-1",          2749,             1,      -1.81376,       1.15476,            0.,"ASSEMBLY_PLATE-1__PICKEDSET2","ROCK","",      -1.02756,      -1.73049,      -1.73043,      -1.02762,   6.81985E-03
F:/Desktop/DeepOnet_Abaqus/StaticElasticJob.odb,Step-1,Increment      1: Step Time =    1.000,"PLATE-1",          2750,             1,      -1.83466,      -1.14882,            0.,"ASSEMBLY_PLATE-1__PICKEDSET2","ROCK","",      -1.00962,      -1.76720,      -1.76655,      -1.01027,   22.1772E-03
F:/Desktop/DeepOnet_Abaqus/StaticElasticJob.odb,Step-1,Increment      1: Step Time =    1.000,"PLATE-1",          2751,             1,       1.91366,       1.54099,            0.,"ASSEMBLY_PLATE-1__PICKEDSET2","ROCK","",      -1.02901,      -1.71884,      -1.71655,      -1.03130,   39.6801E-03
F:/Desktop/DeepOnet_Abaqus/StaticElasticJob.odb,Step-1,Increment      1: Step Time =    1.000,"PLATE-1",          2752,             1,       1.79475,       1.56952,            0.,"ASSEMBLY_PLATE-1__PICKEDSET2","ROCK","",      -1.03164,      -1.71398,      -1.71096,      -1.03466,   45.3060E-03
F:/Desktop/DeepOnet_Abaqus/StaticElasticJob.odb,Step-1,Increment      1: Step Time =    1.000,"PLATE-1",          2753,             1,   836.071E-03,       2.25329,            0.,"ASSEMBLY_PLATE-1__PICKEDSET2","ROCK","",      -1.01174,      -1.89401,      -1.89293,      -1.01282,   30.8491E-03
F:/Desktop/DeepOnet_Abaqus/StaticElasticJob.odb,Step-1,Increment      1: Step Time =    1.000,"PLATE-1",          2754,             1,   50.7023E-03,       1.86863,            0.,"ASSEMBLY_PLATE-1__PICKEDSET2","ROCK","",  -612.680E-03,      -2.19304,      -2.18873,  -616.989E-03,  -82.4101E-03
F:/Desktop/DeepOnet_Abaqus/StaticElasticJob.odb,Step-1,Increment      1: Step Time =    1.000,"PLATE-1",          2755,             1,   958.705E-03,       1.82634,            0.,"ASSEMBLY_PLATE-1__PICKEDSET2","ROCK","",  -974.208E-03,      -1.80879,      -1.77627,      -1.00673,   161.499E-03
F:/Desktop/DeepOnet_Abaqus/StaticElasticJob.odb,Step-1,Increment      1: Step Time =    1.000,"PLATE-1",          2756,             1,   487.656E-03,       2.02487,            0.,"ASSEMBLY_PLATE-1__PICKEDSET2","ROCK","",      -1.08362,      -2.06057,      -2.04970,      -1.09450,   102.490E-03
F:/Desktop/DeepOnet_Abaqus/StaticElasticJob.odb,Step-1,Increment      1: Step Time =    1.000,"PLATE-1",          2757,             1,       1.32333,       1.83852,            0.,"ASSEMBLY_PLATE-1__PICKEDSET2","ROCK","",      -1.00614,      -1.75498,      -1.74248,      -1.01864,   95.9480E-03
F:/Desktop/DeepOnet_Abaqus/StaticElasticJob.odb,Step-1,Increment      1: Step Time =    1.000,"PLATE-1",          2758,             1,  -111.645E-03,       1.81490,            0.,"ASSEMBLY_PLATE-1__PICKEDSET2","ROCK","",  -468.283E-03,      -2.02602,      -1.86266,  -631.647E-03,  -477.275E-03
F:/Desktop/DeepOnet_Abaqus/StaticElasticJob.odb,Step-1,Increment      1: Step Time =    1.000,"PLATE-1",          2759,             1,       1.14321,       2.64138,            0.,"ASSEMBLY_PLATE-1__PICKEDSET2","ROCK","",      -1.00349,      -1.82819,      -1.82772,      -1.00396,   19.6618E-03
F:/Desktop/DeepOnet_Abaqus/StaticElasticJob.odb,Step-1,Increment      1: Step Time =    1.000,"PLATE-1",          2760,             1,  -707.036E-03,       2.14772,            0.,"ASSEMBLY_PLATE-1__PICKEDSET2","ROCK","",  -943.647E-03,      -1.75944,      -1.74358,  -959.508E-03,  -112.640E-03
F:/Desktop/DeepOnet_Abaqus/StaticElasticJob.odb,Step-1,Increment      1: Step Time =    1.000,"PLATE-1",          2761,             1,  -858.175E-03,       1.86923,            0.,"ASSEMBLY_PLATE-1__PICKEDSET2","ROCK","",      -1.01809,      -1.66486,      -1.65310,      -1.02984,  -86.3883E-03
F:/Desktop/DeepOnet_Abaqus/StaticElasticJob.odb,Step-1,Increment      1: Step Time =    1.000,"PLATE-1",          2762,             1,       2.02472,   672.673E-03,            0.,"ASSEMBLY_PLATE-1__PICKEDSET2","ROCK","",      -1.02573,      -1.71658,      -1.71642,      -1.02589,  -10.5854E-03
F:/Desktop/DeepOnet_Abaqus/StaticElasticJob.odb,Step-1,Increment      1: Step Time =    1.000,"PLATE-1",          2763,             1,       2.37421,       1.10201,            0.,"ASSEMBLY_PLATE-1__PICKEDSET2","ROCK","",      -1.03013,      -1.72509,      -1.72491,      -1.03031,   11.1445E-03
F:/Desktop/DeepOnet_Abaqus/StaticElasticJob.odb,Step-1,Increment      1: Step Time =    1.000,"PLATE-1",          2764,             1,       1.93466,      -1.60441,            0.,"ASSEMBLY_PLATE-1__PICKEDSET2","ROCK","",  -995.901E-03,      -1.77323,      -1.77274,  -996.390E-03,  -19.4939E-03
F:/Desktop/DeepOnet_Abaqus/StaticElasticJob.odb,Step-1,Increment      1: Step Time =    1.000,"PLATE-1",          2765,             1,       2.44838,      -1.37858,            0.,"ASSEMBLY_PLATE-1__PICKEDSET2","ROCK","",      -1.00273,      -1.76495,      -1.76438,      -1.00330,  -20.8932E-03
F:/Desktop/DeepOnet_Abaqus/StaticElasticJob.odb,Step-1,Increment      1: Step Time =    1.000,"PLATE-1",          2766,             1,      -2.12361,   763.153E-03,            0.,"ASSEMBLY_PLATE-1__PICKEDSET2","ROCK","",      -1.02358,      -1.74236,      -1.74226,      -1.02368,   8.62233E-03
F:/Desktop/DeepOnet_Abaqus/StaticElasticJob.odb,Step-1,Increment      1: Step Time =    1.000,"PLATE-1",          2767,             1,      -2.00731,  -34.4961E-03,            0.,"ASSEMBLY_PLATE-1__PICKEDSET2","ROCK","",      -1.02387,      -1.74772,      -1.74731,      -1.02428,   17.1909E-03
F:/Desktop/DeepOnet_Abaqus/StaticElasticJob.odb,Step-1,Increment      1: Step Time =    1.000,"PLATE-1",          2768,             1,      -2.31976,  -354.737E-03,            0.,"ASSEMBLY_PLATE-1__PICKEDSET2","ROCK","",      -1.01655,      -1.75489,      -1.75445,      -1.01699,   18.0236E-03
F:/Desktop/DeepOnet_Abaqus/StaticElasticJob.odb,Step-1,Increment      1: Step Time =    1.000,"PLATE-1",          2769,             1,  -679.948E-03,      -2.01363,            0.,"ASSEMBLY_PLATE-1__PICKEDSET2","ROCK","",      -1.00408,      -1.78191,      -1.78178,      -1.00421,   10.1362E-03
F:/Desktop/DeepOnet_Abaqus/StaticElasticJob.odb,Step-1,Increment      1: Step Time =    1.000,"PLATE-1",          2770,             1,      -1.79426,      -2.11849,            0.,"ASSEMBLY_PLATE-1__PICKEDSET2","ROCK","",      -1.00442,      -1.76853,      -1.76839,      -1.00456,   10.3885E-03
F:/Desktop/DeepOnet_Abaqus/StaticElasticJob.odb,Step-1,Increment      1: Step Time =    1.000,"PLATE-1",          2771,             1,      -2.10981,       1.25748,            0.,"ASSEMBLY_PLATE-1__PICKEDSET2","ROCK","",      -1.02654,      -1.73443,      -1.73442,      -1.02655,   2.02728E-03
F:/Desktop/DeepOnet_Abaqus/StaticElasticJob.odb,Step-1,Increment      1: Step Time =    1.000,"PLATE-1",          2772,             1,   628.843E-03,       1.91661,            0.,"ASSEMBLY_PLATE-1__PICKEDSET2","ROCK","",      -1.01061,      -2.13202,      -2.10771,      -1.03492,   163.306E-03
F:/Desktop/DeepOnet_Abaqus/StaticElasticJob.odb,Step-1,Increment      1: Step Time =    1.000,"PLATE-1",          2773,             1,   793.905E-03,       2.07099,            0.,"ASSEMBLY_PLATE-1__PICKEDSET2","ROCK","",  -995.796E-03,      -1.94068,      -1.93386,      -1.00262,   79.9953E-03
F:/Desktop/DeepOnet_Abaqus/StaticElasticJob.odb,Step-1,Increment      1: Step Time =    1.000,"PLATE-1",          2774,             1,  -960.818E-03,       2.60939,            0.,"ASSEMBLY_PLATE-1__PICKEDSET2","ROCK","",  -969.265E-03,      -1.78622,      -1.78294,  -972.549E-03,  -51.6910E-03
F:/Desktop/DeepOnet_Abaqus/StaticElasticJob.odb,Step-1,Increment      1: Step Time =    1.000,"PLATE-1",          2775,             1,  -953.699E-03,       1.88009,            0.,"ASSEMBLY_PLATE-1__PICKEDSET2","ROCK","",      -1.02673,      -1.67125,      -1.66406,      -1.03392,  -67.6968E-03
F:/Desktop/DeepOnet_Abaqus/StaticElasticJob.odb,Step-1,Increment      1: Step Time =    1.000,"PLATE-1",          2776,             1,  -448.003E-03,       1.98214,            0.,"ASSEMBLY_PLATE-1__PICKEDSET2","ROCK","",  -858.203E-03,      -1.77134,      -1.72791,  -901.634E-03,  -194.350E-03
F:/Desktop/DeepOnet_Abaqus/StaticElasticJob.odb,Step-1,Increment      1: Step Time =    1.000,"PLATE-1",          2777,             1,   115.241E-03,       1.96176,            0.,"ASSEMBLY_PLATE-1__PICKEDSET2","ROCK","",  -760.426E-03,      -2.09614,      -2.09613,  -760.427E-03,  -1.49871E-03
F:/Desktop/DeepOnet_Abaqus/StaticElasticJob.odb,Step-1,Increment      1: Step Time =    1.000,"PLATE-1",          2778,             1,      -2.36929,      -1.16812,            0.,"ASSEMBLY_PLATE-1__PICKEDSET2","ROCK","",      -1.00829,      -1.76255,      -1.76221,      -1.00864,   16.2141E-03
F:/Desktop/DeepOnet_Abaqus/StaticElasticJob.odb,Step-1,Increment      1: Step Time =    1.000,"PLATE-1",          2779,             1,       2.90009,  -479.087E-03,            0.,"ASSEMBLY_PLATE-1__PICKEDSET2","ROCK","",      -1.01626,      -1.75440,      -1.75393,      -1.01674,  -18.6619E-03
F:/Desktop/DeepOnet_Abaqus/StaticElasticJob.odb,Step-1,Increment      1: Step Time =    1.000,"PLATE-1",          2780,             1,       1.85499,  -845.352E-03,            0.,"ASSEMBLY_PLATE-1__PICKEDSET2","ROCK","",  -998.682E-03,      -1.76423,      -1.76292,  -999.994E-03,  -31.6532E-03
F:/Desktop/DeepOnet_Abaqus/StaticElasticJob.odb,Step-1,Increment      1: Step Time =    1.000,"PLATE-1",          2781,             1,       2.02564,   435.980E-03,            0.,"ASSEMBLY_PLATE-1__PICKEDSET2","ROCK","",      -1.02149,      -1.72148,      -1.72095,      -1.02202,  -19.2857E-03
F:/Desktop/DeepOnet_Abaqus/StaticElasticJob.odb,Step-1,Increment      1: Step Time =    1.000,"PLATE-1",          2782,             1,       2.10579,   145.666E-03,            0.,"ASSEMBLY_PLATE-1__PICKEDSET2","ROCK","",      -1.01703,      -1.73402,      -1.73322,      -1.01783,  -23.9141E-03
F:/Desktop/DeepOnet_Abaqus/StaticElasticJob.odb,Step-1,Increment      1: Step Time =    1.000,"PLATE-1",          2783,             1,      -1.97240,   789.099E-03,            0.,"ASSEMBLY_PLATE-1__PICKEDSET2","ROCK","",      -1.02395,      -1.74101,      -1.74090,      -1.02406,   8.76720E-03
F:/Desktop/DeepOnet_Abaqus/StaticElasticJob.odb,Step-1,Increment      1: Step Time =    1.000,"PLATE-1",          2784,             1,      -2.37406,   47.6750E-03,            0.,"ASSEMBLY_PLATE-1__PICKEDSET2","ROCK","",      -1.01990,      -1.75081,      -1.75054,      -1.02018,   14.1827E-03
F:/Desktop/DeepOnet_Abaqus/StaticElasticJob.odb,Step-1,Increment      1: Step Time =    1.000,"PLATE-1",          2785,             1,       1.33539,      -2.60059,            0.,"ASSEMBLY_PLATE-1__PICKEDSET2","ROCK","",  -999.124E-03,      -1.77345,      -1.77341,  -999.166E-03,  -5.71046E-03
F:/Desktop/DeepOnet_Abaqus/StaticElasticJob.odb,Step-1,Increment      1: Step Time =    1.000,"PLATE-1",          2786,             1,       2.04153,  -716.084E-03,            0.,"ASSEMBLY_PLATE-1__PICKEDSET2","ROCK","",      -1.00294,      -1.75839,      -1.75715,      -1.00418,  -30.5385E-03
F:/Desktop/DeepOnet_Abaqus/StaticElasticJob.odb,Step-1,Increment      1: Step Time =    1.000,"PLATE-1",          2787,             1,  -296.032E-03,      -2.26955,            0.,"ASSEMBLY_PLATE-1__PICKEDSET2","ROCK","",      -1.00397,      -1.78048,      -1.78044,      -1.00402,   5.91847E-03
F:/Desktop/DeepOnet_Abaqus/StaticElasticJob.odb,Step-1,Increment      1: Step Time =    1.000,"PLATE-1",          2788,             1,   878.793E-03,      -2.09798,            0.,"ASSEMBLY_PLATE-1__PICKEDSET2","ROCK","",  -996.330E-03,      -1.78300,      -1.78296,  -996.365E-03,  -5.18745E-03
F:/Desktop/DeepOnet_Abaqus/StaticElasticJob.odb,Step-1,Increment      1: Step Time =    1.000,"PLATE-1",          2789,             1,       2.08056,       1.30407,            0.,"ASSEMBLY_PLATE-1__PICKEDSET2","ROCK","",      -1.03169,      -1.71509,      -1.71428,      -1.03249,   23.4252E-03
F:/Desktop/DeepOnet_Abaqus/StaticElasticJob.odb,Step-1,Increment      1: Step Time =    1.000,"PLATE-1",          2790,             1,      -1.10906,      -1.99599,            0.,"ASSEMBLY_PLATE-1__PICKEDSET2","ROCK","",      -1.00506,      -1.77722,      -1.77704,      -1.00524,   11.8698E-03
F:/Desktop/DeepOnet_Abaqus/StaticElasticJob.odb,Step-1,Increment      1: Step Time =    1.000,"PLATE-1",          2791,             1,  -804.582E-03,      -2.00795,            0.,"ASSEMBLY_PLATE-1__PICKEDSET2","ROCK","",      -1.00457,      -1.78025,      -1.78009,      -1.00473,   11.1063E-03
F:/Desktop/DeepOnet_Abaqus/StaticElasticJob.odb,Step-1,Increment      1: Step Time =    1.000,"PLATE-1",          2792,             1,      -1.95958,       1.18337,            0.,"ASSEMBLY_PLATE-1__PICKEDSET2","ROCK","",      -1.02691,      -1.73299,      -1.73296,      -1.02694,   4.41752E-03
F:/Desktop/DeepOnet_Abaqus/StaticElasticJob.odb,Step-1,Increment      1: Step Time =    1.000,"PLATE-1",          2793,             1,      -2.21520,  -900.802E-03,            0.,"ASSEMBLY_PLATE-1__PICKEDSET2","ROCK","",      -1.01154,      -1.76134,      -1.76083,      -1.01204,   19.4694E-03
F:/Desktop/DeepOnet_Abaqus/StaticElasticJob.odb,Step-1,Increment      1: Step Time =    1.000,"PLATE-1",          2794,             1,   194.638E-03,      -2.43921,            0.,"ASSEMBLY_PLATE-1__PICKEDSET2","ROCK","",      -1.00235,      -1.77954,      -1.77953,      -1.00236,   2.06802E-03
F:/Desktop/DeepOnet_Abaqus/StaticElasticJob.odb,Step-1,Increment      1: Step Time =    1.000,"PLATE-1",          2795,             1,       2.46437,  -801.007E-03,            0.,"ASSEMBLY_PLATE-1__PICKEDSET2","ROCK","",      -1.00686,      -1.75904,      -1.75827,      -1.00763,  -24.0482E-03
F:/Desktop/DeepOnet_Abaqus/StaticElasticJob.odb,Step-1,Increment      1: Step Time =    1.000,"PLATE-1",          2796,             1,       1.89718,  -348.635E-03,            0.,"ASSEMBLY_PLATE-1__PICKEDSET2","ROCK","",      -1.00705,      -1.74695,      -1.74546,      -1.00854,  -33.2324E-03
F:/Desktop/DeepOnet_Abaqus/StaticElasticJob.odb,Step-1,Increment      1: Step Time =    1.000,"PLATE-1",          2797,             1,       2.24135,  -727.663E-03,            0.,"ASSEMBLY_PLATE-1__PICKEDSET2","ROCK","",      -1.00598,      -1.75721,      -1.75620,      -1.00699,  -27.5420E-03
F:/Desktop/DeepOnet_Abaqus/StaticElasticJob.odb,Step-1,Increment      1: Step Time =    1.000,"PLATE-1",          2798,             1,      -2.14053,   153.556E-03,            0.,"ASSEMBLY_PLATE-1__PICKEDSET2","ROCK","",      -1.02277,      -1.74732,      -1.74704,      -1.02306,   14.4072E-03
F:/Desktop/DeepOnet_Abaqus/StaticElasticJob.odb,Step-1,Increment      1: Step Time =    1.000,"PLATE-1",          2799,             1,  -184.741E-03,      -2.05769,            0.,"ASSEMBLY_PLATE-1__PICKEDSET2","ROCK","",      -1.00160,      -1.78598,      -1.78593,      -1.00165,   6.21254E-03
F:/Desktop/DeepOnet_Abaqus/StaticElasticJob.odb,Step-1,Increment      1: Step Time =    1.000,"PLATE-1",          2800,             1,  -69.2438E-03,      -2.36204,            0.,"ASSEMBLY_PLATE-1__PICKEDSET2","ROCK","",      -1.00315,      -1.78034,      -1.78032,      -1.00317,   3.88398E-03
F:/Desktop/DeepOnet_Abaqus/StaticElasticJob.odb,Step-1,Increment      1: Step Time =    1.000,"PLATE-1",          2801,             1,  -16.8804E-03,      -2.10020,            0.,"ASSEMBLY_PLATE-1__PICKEDSET2","ROCK","",      -1.00088,      -1.78578,      -1.78576,      -1.00090,   4.37811E-03
F:/Desktop/DeepOnet_Abaqus/StaticElasticJob.odb,Step-1,Increment      1: Step Time =    1.000,"PLATE-1",          2802,             1,      -2.10249,   609.663E-03,            0.,"ASSEMBLY_PLATE-1__PICKEDSET2","ROCK","",      -1.02324,      -1.74386,      -1.74373,      -1.02338,   9.89454E-03
F:/Desktop/DeepOnet_Abaqus/StaticElasticJob.odb,Step-1,Increment      1: Step Time =    1.000,"PLATE-1",          2803,             1,       1.94185,  -65.2785E-03,            0.,"ASSEMBLY_PLATE-1__PICKEDSET2","ROCK","",      -1.01267,      -1.73654,      -1.73536,      -1.01385,  -29.1686E-03
F:/Desktop/DeepOnet_Abaqus/StaticElasticJob.odb,Step-1,Increment      1: Step Time =    1.000,"PLATE-1",          2804,             1,      -2.04569,  -925.135E-03,            0.,"ASSEMBLY_PLATE-1__PICKEDSET2","ROCK","",      -1.01203,      -1.76255,      -1.76193,      -1.01266,   21.5758E-03
F:/Desktop/DeepOnet_Abaqus/StaticElasticJob.odb,Step-1,Increment      1: Step Time =    1.000,"PLATE-1",          2805,             1,       1.11166,      -2.20726,            0.,"ASSEMBLY_PLATE-1__PICKEDSET2","ROCK","",  -996.949E-03,      -1.77888,      -1.77882,  -997.010E-03,  -6.93150E-03
F:/Desktop/DeepOnet_Abaqus/StaticElasticJob.odb,Step-1,Increment      1: Step Time =    1.000,"PLATE-1",          2806,             1,       1.16163,      -1.98263,            0.,"ASSEMBLY_PLATE-1__PICKEDSET2","ROCK","",  -994.338E-03,      -1.78229,      -1.78217,  -994.454E-03,  -9.56342E-03
F:/Desktop/DeepOnet_Abaqus/StaticElasticJob.odb,Step-1,Increment      1: Step Time =    1.000,"PLATE-1",          2807,             1,       1.88005,      -1.29234,            0.,"ASSEMBLY_PLATE-1__PICKEDSET2","ROCK","",  -995.932E-03,      -1.77190,      -1.77110,  -996.731E-03,  -24.8832E-03
F:/Desktop/DeepOnet_Abaqus/StaticElasticJob.odb,Step-1,Increment      1: Step Time =    1.000,"PLATE-1",          2808,             1,       2.30837,  -959.774E-03,            0.,"ASSEMBLY_PLATE-1__PICKEDSET2","ROCK","",      -1.00323,      -1.76218,      -1.76129,      -1.00413,  -26.0282E-03
F:/Desktop/DeepOnet_Abaqus/StaticElasticJob.odb,Step-1,Increment      1: Step Time =    1.000,"PLATE-1",          2809,             1,  -952.995E-03,      -2.22610,            0.,"ASSEMBLY_PLATE-1__PICKEDSET2","ROCK","",      -1.00536,      -1.77566,      -1.77556,      -1.00547,   8.91043E-03
F:/Desktop/DeepOnet_Abaqus/StaticElasticJob.odb,Step-1,Increment      1: Step Time =    1.000,"PLATE-1",          2810,             1,      -2.19192,       1.06965,            0.,"ASSEMBLY_PLATE-1__PICKEDSET2","ROCK","",      -1.02509,      -1.73840,      -1.73838,      -1.02511,   4.21817E-03
F:/Desktop/DeepOnet_Abaqus/StaticElasticJob.odb,Step-1,Increment      1: Step Time =    1.000,"PLATE-1",          2811,             1,      -2.04975,      -1.21211,            0.,"ASSEMBLY_PLATE-1__PICKEDSET2","ROCK","",      -1.00863,      -1.76543,      -1.76495,      -1.00911,   19.0189E-03
F:/Desktop/DeepOnet_Abaqus/StaticElasticJob.odb,Step-1,Increment      1: Step Time =    1.000,"PLATE-1",          2812,             1,       1.99728,  -982.220E-03,            0.,"ASSEMBLY_PLATE-1__PICKEDSET2","ROCK","",  -999.228E-03,      -1.76591,      -1.76489,      -1.00024,  -27.8270E-03
F:/Desktop/DeepOnet_Abaqus/StaticElasticJob.odb,Step-1,Increment      1: Step Time =    1.000,"PLATE-1",          2813,             1,       1.94153,       1.24649,            0.,"ASSEMBLY_PLATE-1__PICKEDSET2","ROCK","",      -1.03528,      -1.70441,      -1.70380,      -1.03588,   20.0611E-03
F:/Desktop/DeepOnet_Abaqus/StaticElasticJob.odb,Step-1,Increment      1: Step Time =    1.000,"PLATE-1",          2814,             1,       2.01207,       1.45158,            0.,"ASSEMBLY_PLATE-1__PICKEDSET2","ROCK","",      -1.03108,      -1.71679,      -1.71526,      -1.03261,   32.3982E-03
F:/Desktop/DeepOnet_Abaqus/StaticElasticJob.odb,Step-1,Increment      1: Step Time =    1.000,"PLATE-1",          2815,             1,       2.13327,       1.57968,            0.,"ASSEMBLY_PLATE-1__PICKEDSET2","ROCK","",      -1.02487,      -1.73058,      -1.72878,      -1.02667,   35.6267E-03
F:/Desktop/DeepOnet_Abaqus/StaticElasticJob.odb,Step-1,Increment      1: Step Time =    1.000,"PLATE-1",          2816,             1,      -1.42136,      -2.13632,            0.,"ASSEMBLY_PLATE-1__PICKEDSET2","ROCK","",      -1.00531,      -1.77260,      -1.77246,      -1.00545,   10.3924E-03
F:/Desktop/DeepOnet_Abaqus/StaticElasticJob.odb,Step-1,Increment      1: Step Time =    1.000,"PLATE-1",          2817,             1,      -1.88979,      -1.64584,            0.,"ASSEMBLY_PLATE-1__PICKEDSET2","ROCK","",      -1.00583,      -1.76858,      -1.76829,      -1.00612,   15.0619E-03
F:/Desktop/DeepOnet_Abaqus/StaticElasticJob.odb,Step-1,Increment      1: Step Time =    1.000,"PLATE-1",          2818,             1,       2.39738,      -1.12923,            0.,"ASSEMBLY_PLATE-1__PICKEDSET2","ROCK","",      -1.00322,      -1.76362,      -1.76288,      -1.00397,  -23.7609E-03
F:/Desktop/DeepOnet_Abaqus/StaticElasticJob.odb,Step-1,Increment      1: Step Time =    1.000,"PLATE-1",          2819,             1,       1.78115,      -1.82705,            0.,"ASSEMBLY_PLATE-1__PICKEDSET2","ROCK","",  -995.121E-03,      -1.77544,      -1.77511,  -995.458E-03,  -16.1968E-03
F:/Desktop/DeepOnet_Abaqus/StaticElasticJob.odb,Step-1,Increment      1: Step Time =    1.000,"PLATE-1",          2820,             1,   623.971E-03,       2.26581,            0.,"ASSEMBLY_PLATE-1__PICKEDSET2","ROCK","",      -1.05016,      -1.89575,      -1.89349,      -1.05242,   43.7007E-03
F:/Desktop/DeepOnet_Abaqus/StaticElasticJob.odb,Step-1,Increment      1: Step Time =    1.000,"PLATE-1",          2821,             1,   558.264E-03,       2.75545,            0.,"ASSEMBLY_PLATE-1__PICKEDSET2","ROCK","",      -1.02529,      -1.83035,      -1.82946,      -1.02618,   26.7831E-03
F:/Desktop/DeepOnet_Abaqus/StaticElasticJob.odb,Step-1,Increment      1: Step Time =    1.000,"PLATE-1",          2822,             1,  -610.385E-03,       2.76650,            0.,"ASSEMBLY_PLATE-1__PICKEDSET2","ROCK","",  -954.072E-03,      -1.82003,      -1.81940,  -954.701E-03,  -23.3357E-03
F:/Desktop/DeepOnet_Abaqus/StaticElasticJob.odb,Step-1,Increment      1: Step Time =    1.000,"PLATE-1",          2823,             1,       1.97687,       1.69649,            0.,"ASSEMBLY_PLATE-1__PICKEDSET2","ROCK","",      -1.02305,      -1.73344,      -1.73085,      -1.02564,   42.7877E-03
F:/Desktop/DeepOnet_Abaqus/StaticElasticJob.odb,Step-1,Increment      1: Step Time =    1.000,"PLATE-1",          2824,             1,       1.79539,       1.90505,            0.,"ASSEMBLY_PLATE-1__PICKEDSET2","ROCK","",      -1.01075,      -1.75602,      -1.75174,      -1.01504,   56.3669E-03
F:/Desktop/DeepOnet_Abaqus/StaticElasticJob.odb,Step-1,Increment      1: Step Time =    1.000,"PLATE-1",          2825,             1,      -2.16792,   899.575E-03,            0.,"ASSEMBLY_PLATE-1__PICKEDSET2","ROCK","",      -1.02372,      -1.74118,      -1.74112,      -1.02378,   6.55283E-03
F:/Desktop/DeepOnet_Abaqus/StaticElasticJob.odb,Step-1,Increment      1: Step Time =    1.000,"PLATE-1",          2826,             1,      -1.59787,      -1.97324,            0.,"ASSEMBLY_PLATE-1__PICKEDSET2","ROCK","",      -1.00521,      -1.77130,      -1.77112,      -1.00539,   11.9412E-03
F:/Desktop/DeepOnet_Abaqus/StaticElasticJob.odb,Step-1,Increment      1: Step Time =    1.000,"PLATE-1",          2827,             1,  -762.989E-03,      -2.15332,            0.,"ASSEMBLY_PLATE-1__PICKEDSET2","ROCK","",      -1.00498,      -1.77863,      -1.77853,      -1.00509,   9.05533E-03
F:/Desktop/DeepOnet_Abaqus/StaticElasticJob.odb,Step-1,Increment      1: Step Time =    1.000,"PLATE-1",          2828,             1,      -1.67174,       2.08008,            0.,"ASSEMBLY_PLATE-1__PICKEDSET2","ROCK","",      -1.02212,      -1.72666,      -1.72531,      -1.02348,  -30.8458E-03
F:/Desktop/DeepOnet_Abaqus/StaticElasticJob.odb,Step-1,Increment      1: Step Time =    1.000,"PLATE-1",          2829,             1,      -1.85439,       1.87566,            0.,"ASSEMBLY_PLATE-1__PICKEDSET2","ROCK","",      -1.02638,      -1.72591,      -1.72538,      -1.02691,  -19.2468E-03
F:/Desktop/DeepOnet_Abaqus/StaticElasticJob.odb,Step-1,Increment      1: Step Time =    1.000,"PLATE-1",          2830,             1,       1.83262,      -2.02608,            0.,"ASSEMBLY_PLATE-1__PICKEDSET2","ROCK","",  -996.581E-03,      -1.77316,      -1.77290,  -996.838E-03,  -14.1292E-03
F:/Desktop/DeepOnet_Abaqus/StaticElasticJob.odb,Step-1,Increment      1: Step Time =    1.000,"PLATE-1",          2831,             1,       1.98658,      -1.77727,            0.,"ASSEMBLY_PLATE-1__PICKEDSET2","ROCK","",  -996.513E-03,      -1.77243,      -1.77205,  -996.895E-03,  -17.2022E-03
F:/Desktop/DeepOnet_Abaqus/StaticElasticJob.odb,Step-1,Increment      1: Step Time =    1.000,"PLATE-1",          2832,             1,      -1.87825,      -1.85020,            0.,"ASSEMBLY_PLATE-1__PICKEDSET2","ROCK","",      -1.00508,      -1.76854,      -1.76833,      -1.00529,   12.6222E-03
F:/Desktop/DeepOnet_Abaqus/StaticElasticJob.odb,Step-1,Increment      1: Step Time =    1.000,"PLATE-1",          2833,             1,   7.42636E-03,       2.18307,            0.,"ASSEMBLY_PLATE-1__PICKEDSET2","ROCK","",  -862.247E-03,      -1.96057,      -1.96041,  -862.409E-03,   13.3338E-03
F:/Desktop/DeepOnet_Abaqus/StaticElasticJob.odb,Step-1,Increment      1: Step Time =    1.000,"PLATE-1",          2834,             1,   424.603E-03,       2.17673,            0.,"ASSEMBLY_PLATE-1__PICKEDSET2","ROCK","",      -1.07916,      -1.94293,      -1.94115,      -1.08094,   39.1777E-03
F:/Desktop/DeepOnet_Abaqus/StaticElasticJob.odb,Step-1,Increment      1: Step Time =    1.000,"PLATE-1",          2835,             1,  -88.6107E-03,       1.93690,            0.,"ASSEMBLY_PLATE-1__PICKEDSET2","ROCK","",  -717.643E-03,      -1.99837,      -1.98803,  -727.982E-03,  -114.606E-03
F:/Desktop/DeepOnet_Abaqus/StaticElasticJob.odb,Step-1,Increment      1: Step Time =    1.000,"PLATE-1",          2836,             1,      -1.91352,       2.10948,            0.,"ASSEMBLY_PLATE-1__PICKEDSET2","ROCK","",      -1.02180,      -1.73309,      -1.73218,      -1.02271,  -25.4132E-03
F:/Desktop/DeepOnet_Abaqus/StaticElasticJob.odb,Step-1,Increment      1: Step Time =    1.000,"PLATE-1",          2837,             1,       1.02367,       2.20297,            0.,"ASSEMBLY_PLATE-1__PICKEDSET2","ROCK","",  -986.347E-03,      -1.85856,      -1.85480,  -990.106E-03,   57.1382E-03
F:/Desktop/DeepOnet_Abaqus/StaticElasticJob.odb,Step-1,Increment      1: Step Time =    1.000,"PLATE-1",          2838,             1,  -837.685E-03,       2.13895,            0.,"ASSEMBLY_PLATE-1__PICKEDSET2","ROCK","",  -972.363E-03,      -1.73184,      -1.71899,  -985.210E-03,  -97.9367E-03
F:/Desktop/DeepOnet_Abaqus/StaticElasticJob.odb,Step-1,Increment      1: Step Time =    1.000,"PLATE-1",          2839,             1,  -613.976E-03,       2.06656,            0.,"ASSEMBLY_PLATE-1__PICKEDSET2","ROCK","",  -929.021E-03,      -1.74255,      -1.71802,  -953.543E-03,  -139.098E-03
F:/Desktop/DeepOnet_Abaqus/StaticElasticJob.odb,Step-1,Increment      1: Step Time =    1.000,"PLATE-1",          2840,             1,       1.42060,       1.91830,            0.,"ASSEMBLY_PLATE-1__PICKEDSET2","ROCK","",      -1.00426,      -1.76750,      -1.75824,      -1.01352,   83.5564E-03
F:/Desktop/DeepOnet_Abaqus/StaticElasticJob.odb,Step-1,Increment      1: Step Time =    1.000,"PLATE-1",          2841,             1,      -2.35369,      -1.54558,            0.,"ASSEMBLY_PLATE-1__PICKEDSET2","ROCK","",      -1.00513,      -1.76352,      -1.76328,      -1.00536,   13.4643E-03
F:/Desktop/DeepOnet_Abaqus/StaticElasticJob.odb,Step-1,Increment      1: Step Time =    1.000,"PLATE-1",          2842,             1,       2.43714,  -208.037E-03,            0.,"ASSEMBLY_PLATE-1__PICKEDSET2","ROCK","",      -1.01556,      -1.74597,      -1.74526,      -1.01628,  -22.8491E-03
F:/Desktop/DeepOnet_Abaqus/StaticElasticJob.odb,Step-1,Increment      1: Step Time =    1.000,"PLATE-1",          2843,             1,       1.94384,   73.3490E-03,            0.,"ASSEMBLY_PLATE-1__PICKEDSET2","ROCK","",      -1.01399,      -1.73282,      -1.73175,      -1.01506,  -27.7658E-03
F:/Desktop/DeepOnet_Abaqus/StaticElasticJob.odb,Step-1,Increment      1: Step Time =    1.000,"PLATE-1",          2844,             1,      -2.46601,  -899.627E-03,            0.,"ASSEMBLY_PLATE-1__PICKEDSET2","ROCK","",      -1.01059,      -1.76032,      -1.75995,      -1.01096,   16.6323E-03
F:/Desktop/DeepOnet_Abaqus/StaticElasticJob.odb,Step-1,Increment      1: Step Time =    1.000,"PLATE-1",          2845,             1,      -1.98184,  -310.613E-03,            0.,"ASSEMBLY_PLATE-1__PICKEDSET2","ROCK","",      -1.02126,      -1.75169,      -1.75108,      -1.02188,   21.1376E-03
F:/Desktop/DeepOnet_Abaqus/StaticElasticJob.odb,Step-1,Increment      1: Step Time =    1.000,"PLATE-1",          2846,             1,  -225.651E-03,      -2.68902,            0.,"ASSEMBLY_PLATE-1__PICKEDSET2","ROCK","",      -1.00555,      -1.77448,      -1.77447,      -1.00557,   3.30043E-03
F:/Desktop/DeepOnet_Abaqus/StaticElasticJob.odb,Step-1,Increment      1: Step Time =    1.000,"PLATE-1",          2847,             1,       1.37724,      -2.30668,            0.,"ASSEMBLY_PLATE-1__PICKEDSET2","ROCK","",  -997.016E-03,      -1.77618,      -1.77609,  -997.105E-03,  -8.30065E-03
F:/Desktop/DeepOnet_Abaqus/StaticElasticJob.odb,Step-1,Increment      1: Step Time =    1.000,"PLATE-1",          2848,             1,      -2.47001,   824.725E-03,            0.,"ASSEMBLY_PLATE-1__PICKEDSET2","ROCK","",      -1.02175,      -1.74633,      -1.74630,      -1.02179,   5.14679E-03
F:/Desktop/DeepOnet_Abaqus/StaticElasticJob.odb,Step-1,Increment      1: Step Time =    1.000,"PLATE-1",          2849,             1,       2.19138,  -335.429E-03,            0.,"ASSEMBLY_PLATE-1__PICKEDSET2","ROCK","",      -1.00969,      -1.74841,      -1.74732,      -1.01078,  -28.3717E-03
F:/Desktop/DeepOnet_Abaqus/StaticElasticJob.odb,Step-1,Increment      1: Step Time =    1.000,"PLATE-1",          2850,             1,   251.095E-03,      -2.05048,            0.,"ASSEMBLY_PLATE-1__PICKEDSET2","ROCK","",  -998.681E-03,      -1.78750,      -1.78749,  -998.686E-03,   1.98731E-03
F:/Desktop/DeepOnet_Abaqus/StaticElasticJob.odb,Step-1,Increment      1: Step Time =    1.000,"PLATE-1",          2851,             1,   395.804E-03,      -2.04568,            0.,"ASSEMBLY_PLATE-1__PICKEDSET2","ROCK","",  -997.352E-03,      -1.78794,      -1.78794,  -997.352E-03,  -10.0845E-06
F:/Desktop/DeepOnet_Abaqus/StaticElasticJob.odb,Step-1,Increment      1: Step Time =    1.000,"PLATE-1",          2852,             1,       2.15253,      -1.00740,            0.,"ASSEMBLY_PLATE-1__PICKEDSET2","ROCK","",      -1.00167,      -1.76380,      -1.76287,      -1.00260,  -26.5445E-03
F:/Desktop/DeepOnet_Abaqus/StaticElasticJob.odb,Step-1,Increment      1: Step Time =    1.000,"PLATE-1",          2853,             1,       2.18223,  -877.136E-03,            0.,"ASSEMBLY_PLATE-1__PICKEDSET2","ROCK","",      -1.00287,      -1.76166,      -1.76068,      -1.00385,  -27.2537E-03
F:/Desktop/DeepOnet_Abaqus/StaticElasticJob.odb,Step-1,Increment      1: Step Time =    1.000,"PLATE-1",          2854,             1,       2.25762,  -12.8673E-03,            0.,"ASSEMBLY_PLATE-1__PICKEDSET2","ROCK","",      -1.01622,      -1.73869,      -1.73785,      -1.01706,  -24.6198E-03
F:/Desktop/DeepOnet_Abaqus/StaticElasticJob.odb,Step-1,Increment      1: Step Time =    1.000,"PLATE-1",          2855,             1,       1.26869,      -2.12135,            0.,"ASSEMBLY_PLATE-1__PICKEDSET2","ROCK","",  -995.523E-03,      -1.77941,      -1.77930,  -995.635E-03,  -9.39923E-03
F:/Desktop/DeepOnet_Abaqus/StaticElasticJob.odb,Step-1,Increment      1: Step Time =    1.000,"PLATE-1",          2856,             1,   701.286E-03,      -2.13153,            0.,"ASSEMBLY_PLATE-1__PICKEDSET2","ROCK","",  -997.265E-03,      -1.78408,      -1.78407,  -997.275E-03,  -2.76471E-03
F:/Desktop/DeepOnet_Abaqus/StaticElasticJob.odb,Step-1,Increment      1: Step Time =    1.000,"PLATE-1",          2857,             1,   730.347E-03,      -2.39701,            0.,"ASSEMBLY_PLATE-1__PICKEDSET2","ROCK","",  -999.547E-03,      -1.77951,      -1.77951,  -999.552E-03,  -1.84183E-03
F:/Desktop/DeepOnet_Abaqus/StaticElasticJob.odb,Step-1,Increment      1: Step Time =    1.000,"PLATE-1",          2858,             1,   945.811E-03,      -2.30115,            0.,"ASSEMBLY_PLATE-1__PICKEDSET2","ROCK","",  -998.189E-03,      -1.77951,      -1.77948,  -998.212E-03,  -4.22296E-03
F:/Desktop/DeepOnet_Abaqus/StaticElasticJob.odb,Step-1,Increment      1: Step Time =    1.000,"PLATE-1",          2859,             1,   466.689E-03,      -2.46285,            0.,"ASSEMBLY_PLATE-1__PICKEDSET2","ROCK","",      -1.00120,      -1.77929,      -1.77929,      -1.00120,   220.882E-06
F:/Desktop/DeepOnet_Abaqus/StaticElasticJob.odb,Step-1,Increment      1: Step Time =    1.000,"PLATE-1",          2860,             1,      -2.17268,      -1.07936,            0.,"ASSEMBLY_PLATE-1__PICKEDSET2","ROCK","",      -1.00985,      -1.76320,      -1.76273,      -1.01032,   18.8458E-03
F:/Desktop/DeepOnet_Abaqus/StaticElasticJob.odb,Step-1,Increment      1: Step Time =    1.000,"PLATE-1",          2861,             1,       2.28572,       1.77187,            0.,"ASSEMBLY_PLATE-1__PICKEDSET2","ROCK","",      -1.01718,      -1.74808,      -1.74632,      -1.01894,   35.8578E-03
F:/Desktop/DeepOnet_Abaqus/StaticElasticJob.odb,Step-1,Increment      1: Step Time =    1.000,"PLATE-1",          2862,             1,       1.18207,       2.12753,            0.,"ASSEMBLY_PLATE-1__PICKEDSET2","ROCK","",  -984.529E-03,      -1.83112,      -1.82473,  -990.912E-03,   73.2326E-03
F:/Desktop/DeepOnet_Abaqus/StaticElasticJob.odb,Step-1,Increment      1: Step Time =    1.000,"PLATE-1",          2863,             1,  -831.060E-03,       1.96941,            0.,"ASSEMBLY_PLATE-1__PICKEDSET2","ROCK","",  -993.943E-03,      -1.68512,      -1.66742,      -1.01165,  -109.196E-03
F:/Desktop/DeepOnet_Abaqus/StaticElasticJob.odb,Step-1,Increment      1: Step Time =    1.000,"PLATE-1",          2864,             1,  -708.225E-03,       2.03551,            0.,"ASSEMBLY_PLATE-1__PICKEDSET2","ROCK","",  -971.097E-03,      -1.70871,      -1.68800,  -991.806E-03,  -121.846E-03
F:/Desktop/DeepOnet_Abaqus/StaticElasticJob.odb,Step-1,Increment      1: Step Time =    1.000,"PLATE-1",          2865,             1,      -2.29374,       1.38090,            0.,"ASSEMBLY_PLATE-1__PICKEDSET2","ROCK","",      -1.02515,      -1.73755,      -1.73755,      -1.02515,  -1.24700E-03
F:/Desktop/DeepOnet_Abaqus/StaticElasticJob.odb,Step-1,Increment      1: Step Time =    1.000,"PLATE-1",          2866,             1,      -2.04420,   445.391E-03,            0.,"ASSEMBLY_PLATE-1__PICKEDSET2","ROCK","",      -1.02362,      -1.74460,      -1.74443,      -1.02379,   11.2840E-03
F:/Desktop/DeepOnet_Abaqus/StaticElasticJob.odb,Step-1,Increment      1: Step Time =    1.000,"PLATE-1",          2867,             1,      -2.15793,  -723.166E-03,            0.,"ASSEMBLY_PLATE-1__PICKEDSET2","ROCK","",      -1.01382,      -1.75944,      -1.75887,      -1.01440,   20.7371E-03
F:/Desktop/DeepOnet_Abaqus/StaticElasticJob.odb,Step-1,Increment      1: Step Time =    1.000,"PLATE-1",          2868,             1,      -2.05759,  -460.726E-03,            0.,"ASSEMBLY_PLATE-1__PICKEDSET2","ROCK","",      -1.01823,      -1.75504,      -1.75442,      -1.01885,   21.3809E-03
F:/Desktop/DeepOnet_Abaqus/StaticElasticJob.odb,Step-1,Increment      1: Step Time =    1.000,"PLATE-1",          2869,             1,      -1.22628,      -2.53149,            0.,"ASSEMBLY_PLATE-1__PICKEDSET2","ROCK","",      -1.00593,      -1.77002,      -1.76996,      -1.00599,   6.80554E-03
F:/Desktop/DeepOnet_Abaqus/StaticElasticJob.odb,Step-1,Increment      1: Step Time =    1.000,"PLATE-1",          2870,             1,       2.19566,   514.863E-03,            0.,"ASSEMBLY_PLATE-1__PICKEDSET2","ROCK","",      -1.02418,      -1.72627,      -1.72601,      -1.02444,  -13.5030E-03
F:/Desktop/DeepOnet_Abaqus/StaticElasticJob.odb,Step-1,Increment      1: Step Time =    1.000,"PLATE-1",          2871,             1,       1.69331,       2.09838,            0.,"ASSEMBLY_PLATE-1__PICKEDSET2","ROCK","",  -999.890E-03,      -1.78022,      -1.77564,      -1.00447,   59.6098E-03
F:/Desktop/DeepOnet_Abaqus/StaticElasticJob.odb,Step-1,Increment      1: Step Time =    1.000,"PLATE-1",          2872,             1,   652.503E-03,       2.50819,            0.,"ASSEMBLY_PLATE-1__PICKEDSET2","ROCK","",      -1.03427,      -1.85815,      -1.85751,      -1.03491,   22.8527E-03
F:/Desktop/DeepOnet_Abaqus/StaticElasticJob.odb,Step-1,Increment      1: Step Time =    1.000,"PLATE-1",          2873,             1,      -2.40649,       1.56996,            0.,"ASSEMBLY_PLATE-1__PICKEDSET2","ROCK","",      -1.02372,      -1.74037,      -1.74034,      -1.02375,  -4.92610E-03
F:/Desktop/DeepOnet_Abaqus/StaticElasticJob.odb,Step-1,Increment      1: Step Time =    1.000,"PLATE-1",          2874,             1,       1.42330,       2.15119,            0.,"ASSEMBLY_PLATE-1__PICKEDSET2","ROCK","",  -990.788E-03,      -1.80314,      -1.79792,  -996.008E-03,   64.9049E-03
F:/Desktop/DeepOnet_Abaqus/StaticElasticJob.odb,Step-1,Increment      1: Step Time =    1.000,"PLATE-1",          2875,             1,       2.22922,      -1.71689,            0.,"ASSEMBLY_PLATE-1__PICKEDSET2","ROCK","",  -998.921E-03,      -1.76890,      -1.76850,  -999.328E-03,  -17.6807E-03
F:/Desktop/DeepOnet_Abaqus/StaticElasticJob.odb,Step-1,Increment      1: Step Time =    1.000,"PLATE-1",          2876,             1,   62.6046E-03,       2.40722,            0.,"ASSEMBLY_PLATE-1__PICKEDSET2","ROCK","",  -947.206E-03,      -1.91834,      -1.91618,  -949.356E-03,   45.6493E-03
F:/Desktop/DeepOnet_Abaqus/StaticElasticJob.odb,Step-1,Increment      1: Step Time =    1.000,"PLATE-1",          2877,             1,  -198.212E-03,       2.00187,            0.,"ASSEMBLY_PLATE-1__PICKEDSET2","ROCK","",  -745.138E-03,      -1.91974,      -1.89133,  -773.543E-03,  -180.439E-03
F:/Desktop/DeepOnet_Abaqus/StaticElasticJob.odb,Step-1,Increment      1: Step Time =    1.000,"PLATE-1",          2878,             1,      -2.14026,      -1.88351,            0.,"ASSEMBLY_PLATE-1__PICKEDSET2","ROCK","",      -1.00462,      -1.76580,      -1.76562,      -1.00479,   11.5652E-03
F:/Desktop/DeepOnet_Abaqus/StaticElasticJob.odb,Step-1,Increment      1: Step Time =    1.000,"PLATE-1",          2879,             1,      -2.43328,  -604.518E-03,            0.,"ASSEMBLY_PLATE-1__PICKEDSET2","ROCK","",      -1.01359,      -1.75776,      -1.75733,      -1.01401,   17.7160E-03
F:/Desktop/DeepOnet_Abaqus/StaticElasticJob.odb,Step-1,Increment      1: Step Time =    1.000,"PLATE-1",          2880,             1,      -2.28088,   587.873E-03,            0.,"ASSEMBLY_PLATE-1__PICKEDSET2","ROCK","",      -1.02185,      -1.74626,      -1.74613,      -1.02197,   9.65912E-03
F:/Desktop/DeepOnet_Abaqus/StaticElasticJob.odb,Step-1,Increment      1: Step Time =    1.000,"PLATE-1",          2881,             1,      -2.79688,  -953.036E-03,            0.,"ASSEMBLY_PLATE-1__PICKEDSET2","ROCK","",      -1.00865,      -1.75969,      -1.75946,      -1.00889,   13.3038E-03
F:/Desktop/DeepOnet_Abaqus/StaticElasticJob.odb,Step-1,Increment      1: Step Time =    1.000,"PLATE-1",          2882,             1,   848.269E-03,      -2.67957,            0.,"ASSEMBLY_PLATE-1__PICKEDSET2","ROCK","",      -1.00123,      -1.77543,      -1.77543,      -1.00124,  -1.84411E-03
F:/Desktop/DeepOnet_Abaqus/StaticElasticJob.odb,Step-1,Increment      1: Step Time =    1.000,"PLATE-1",          2883,             1,       2.67172,   414.533E-03,            0.,"ASSEMBLY_PLATE-1__PICKEDSET2","ROCK","",      -1.02622,      -1.73921,      -1.73907,      -1.02637,  -10.1181E-03
F:/Desktop/DeepOnet_Abaqus/StaticElasticJob.odb,Step-1,Increment      1: Step Time =    1.000,"PLATE-1",          2884,             1,       2.53730,  -506.273E-03,            0.,"ASSEMBLY_PLATE-1__PICKEDSET2","ROCK","",      -1.01196,      -1.75279,      -1.75205,      -1.01270,  -23.3899E-03
F:/Desktop/DeepOnet_Abaqus/StaticElasticJob.odb,Step-1,Increment      1: Step Time =    1.000,"PLATE-1",          2885,             1,   557.634E-03,      -3.20807,            0.,"ASSEMBLY_PLATE-1__PICKEDSET2","ROCK","",      -1.00456,      -1.77080,      -1.77080,      -1.00456,   77.6373E-06
F:/Desktop/DeepOnet_Abaqus/StaticElasticJob.odb,Step-1,Increment      1: Step Time =    1.000,"PLATE-1",          2886,             1,   302.060E-03,      -2.20347,            0.,"ASSEMBLY_PLATE-1__PICKEDSET2","ROCK","",  -999.834E-03,      -1.78446,      -1.78446,  -999.837E-03,   1.44509E-03
F:/Desktop/DeepOnet_Abaqus/StaticElasticJob.odb,Step-1,Increment      1: Step Time =    1.000,"PLATE-1",          2887,             1,       1.08406,      -2.47965,            0.,"ASSEMBLY_PLATE-1__PICKEDSET2","ROCK","",  -998.951E-03,      -1.77666,      -1.77663,  -998.977E-03,  -4.42620E-03
F:/Desktop/DeepOnet_Abaqus/StaticElasticJob.odb,Step-1,Increment      1: Step Time =    1.000,"PLATE-1",          2888,             1,       3.23278,      -1.10971,            0.,"ASSEMBLY_PLATE-1__PICKEDSET2","ROCK","",      -1.01271,      -1.75838,      -1.75809,      -1.01300,  -14.8185E-03
F:/Desktop/DeepOnet_Abaqus/StaticElasticJob.odb,Step-1,Increment      1: Step Time =    1.000,"PLATE-1",          2889,             1,       1.31119,       2.02864,            0.,"ASSEMBLY_PLATE-1__PICKEDSET2","ROCK","",  -989.869E-03,      -1.80005,      -1.79058,  -999.331E-03,   87.0424E-03
F:/Desktop/DeepOnet_Abaqus/StaticElasticJob.odb,Step-1,Increment      1: Step Time =    1.000,"PLATE-1",          2890,             1,   874.770E-03,       2.99055,            0.,"ASSEMBLY_PLATE-1__PICKEDSET2","ROCK","",      -1.01138,      -1.81146,      -1.81126,      -1.01158,   12.6637E-03
F:/Desktop/DeepOnet_Abaqus/StaticElasticJob.odb,Step-1,Increment      1: Step Time =    1.000,"PLATE-1",          2891,             1,      -2.23626,   375.037E-03,            0.,"ASSEMBLY_PLATE-1__PICKEDSET2","ROCK","",      -1.02223,      -1.74703,      -1.74682,      -1.02243,   12.1871E-03
F:/Desktop/DeepOnet_Abaqus/StaticElasticJob.odb,Step-1,Increment      1: Step Time =    1.000,"PLATE-1",          2892,             1,      -2.27266,   784.836E-03,            0.,"ASSEMBLY_PLATE-1__PICKEDSET2","ROCK","",      -1.02261,      -1.74342,      -1.74335,      -1.02269,   7.34467E-03
F:/Desktop/DeepOnet_Abaqus/StaticElasticJob.odb,Step-1,Increment      1: Step Time =    1.000,"PLATE-1",          2893,             1,       2.18367,       1.18171,            0.,"ASSEMBLY_PLATE-1__PICKEDSET2","ROCK","",      -1.03102,      -1.71915,      -1.71879,      -1.03137,   15.6011E-03
F:/Desktop/DeepOnet_Abaqus/StaticElasticJob.odb,Step-1,Increment      1: Step Time =    1.000,"PLATE-1",          2894,             1,       2.22401,       1.38051,            0.,"ASSEMBLY_PLATE-1__PICKEDSET2","ROCK","",      -1.02774,      -1.72711,      -1.72618,      -1.02868,   25.5525E-03
F:/Desktop/DeepOnet_Abaqus/StaticElasticJob.odb,Step-1,Increment      1: Step Time =    1.000,"PLATE-1",          2895,             1,       1.88793,       2.22366,            0.,"ASSEMBLY_PLATE-1__PICKEDSET2","ROCK","",      -1.00054,      -1.77873,      -1.77625,      -1.00302,   43.8522E-03
F:/Desktop/DeepOnet_Abaqus/StaticElasticJob.odb,Step-1,Increment      1: Step Time =    1.000,"PLATE-1",          2896,             1,       1.56475,       2.39182,            0.,"ASSEMBLY_PLATE-1__PICKEDSET2","ROCK","",  -993.790E-03,      -1.80482,      -1.80275,  -995.863E-03,   40.9492E-03
F:/Desktop/DeepOnet_Abaqus/StaticElasticJob.odb,Step-1,Increment      1: Step Time =    1.000,"PLATE-1",          2897,             1,  -187.549E-03,       2.47739,            0.,"ASSEMBLY_PLATE-1__PICKEDSET2","ROCK","",  -921.959E-03,      -1.87206,      -1.87206,  -921.959E-03,  -422.183E-06
F:/Desktop/DeepOnet_Abaqus/StaticElasticJob.odb,Step-1,Increment      1: Step Time =    1.000,"PLATE-1",          2898,             1,  -372.674E-03,       2.21383,            0.,"ASSEMBLY_PLATE-1__PICKEDSET2","ROCK","",  -859.328E-03,      -1.85338,      -1.84212,  -870.591E-03,  -105.210E-03
F:/Desktop/DeepOnet_Abaqus/StaticElasticJob.odb,Step-1,Increment      1: Step Time =    1.000,"PLATE-1",          2899,             1,  -870.363E-03,       2.33581,            0.,"ASSEMBLY_PLATE-1__PICKEDSET2","ROCK","",  -960.680E-03,      -1.77017,      -1.76270,  -968.150E-03,  -77.4031E-03
F:/Desktop/DeepOnet_Abaqus/StaticElasticJob.odb,Step-1,Increment      1: Step Time =    1.000,"PLATE-1",          2900,             1,       2.02678,       1.93763,            0.,"ASSEMBLY_PLATE-1__PICKEDSET2","ROCK","",      -1.01138,      -1.75630,      -1.75362,      -1.01405,   44.5539E-03
F:/Desktop/DeepOnet_Abaqus/StaticElasticJob.odb,Step-1,Increment      1: Step Time =    1.000,"PLATE-1",          2901,             1,       2.74654,      -1.41350,            0.,"ASSEMBLY_PLATE-1__PICKEDSET2","ROCK","",      -1.00472,      -1.76238,      -1.76197,      -1.00513,  -17.6006E-03
F:/Desktop/DeepOnet_Abaqus/StaticElasticJob.odb,Step-1,Increment      1: Step Time =    1.000,"PLATE-1",          2902,             1,      -2.08531,      -2.20218,            0.,"ASSEMBLY_PLATE-1__PICKEDSET2","ROCK","",      -1.00394,      -1.76614,      -1.76603,      -1.00404,   9.04783E-03
F:/Desktop/DeepOnet_Abaqus/StaticElasticJob.odb,Step-1,Increment      1: Step Time =    1.000,"PLATE-1",          2903,             1,  -464.269E-03,       2.45824,            0.,"ASSEMBLY_PLATE-1__PICKEDSET2","ROCK","",  -916.403E-03,      -1.84260,      -1.83997,  -919.035E-03,  -49.3109E-03
F:/Desktop/DeepOnet_Abaqus/StaticElasticJob.odb,Step-1,Increment      1: Step Time =    1.000,"PLATE-1",          2904,             1,  -816.507E-03,       3.11832,            0.,"ASSEMBLY_PLATE-1__PICKEDSET2","ROCK","",  -980.858E-03,      -1.80970,      -1.80955,  -981.008E-03,  -11.1297E-03
F:/Desktop/DeepOnet_Abaqus/StaticElasticJob.odb,Step-1,Increment      1: Step Time =    1.000,"PLATE-1",          2905,             1,       2.42860,   677.749E-03,            0.,"ASSEMBLY_PLATE-1__PICKEDSET2","ROCK","",      -1.02728,      -1.73103,      -1.73099,      -1.02732,  -5.43832E-03
F:/Desktop/DeepOnet_Abaqus/StaticElasticJob.odb,Step-1,Increment      1: Step Time =    1.000,"PLATE-1",          2906,             1,       3.69941,       1.22099,            0.,"ASSEMBLY_PLATE-1__PICKEDSET2","ROCK","",      -1.03929,      -1.75479,      -1.75476,      -1.03932,   4.20020E-03
F:/Desktop/DeepOnet_Abaqus/StaticElasticJob.odb,Step-1,Increment      1: Step Time =    1.000,"PLATE-1",          2907,             1,      -1.18353,      -2.22185,            0.,"ASSEMBLY_PLATE-1__PICKEDSET2","ROCK","",      -1.00540,      -1.77385,      -1.77373,      -1.00552,   9.58029E-03
F:/Desktop/DeepOnet_Abaqus/StaticElasticJob.odb,Step-1,Increment      1: Step Time =    1.000,"PLATE-1",          2908,             1,  -896.922E-03,      -2.46934,            0.,"ASSEMBLY_PLATE-1__PICKEDSET2","ROCK","",      -1.00609,      -1.77313,      -1.77307,      -1.00614,   6.65326E-03
F:/Desktop/DeepOnet_Abaqus/StaticElasticJob.odb,Step-1,Increment      1: Step Time =    1.000,"PLATE-1",          2909,             1,      -2.48965,   601.057E-03,            0.,"ASSEMBLY_PLATE-1__PICKEDSET2","ROCK","",      -1.02024,      -1.74877,      -1.74863,      -1.02038,   10.0038E-03
F:/Desktop/DeepOnet_Abaqus/StaticElasticJob.odb,Step-1,Increment      1: Step Time =    1.000,"PLATE-1",          2910,             1,       2.43815,   178.471E-03,            0.,"ASSEMBLY_PLATE-1__PICKEDSET2","ROCK","",      -1.02073,      -1.73803,      -1.73758,      -1.02118,  -18.0351E-03
F:/Desktop/DeepOnet_Abaqus/StaticElasticJob.odb,Step-1,Increment      1: Step Time =    1.000,"PLATE-1",          2911,             1,      -2.20671,       1.85665,            0.,"ASSEMBLY_PLATE-1__PICKEDSET2","ROCK","",      -1.02448,      -1.73558,      -1.73532,      -1.02473,  -13.4887E-03
F:/Desktop/DeepOnet_Abaqus/StaticElasticJob.odb,Step-1,Increment      1: Step Time =    1.000,"PLATE-1",          2912,             1,      -2.02336,       1.78746,            0.,"ASSEMBLY_PLATE-1__PICKEDSET2","ROCK","",      -1.02602,      -1.73100,      -1.73075,      -1.02627,  -13.2903E-03
F:/Desktop/DeepOnet_Abaqus/StaticElasticJob.odb,Step-1,Increment      1: Step Time =    1.000,"PLATE-1",          2913,             1,   131.789E-03,       2.64217,            0.,"ASSEMBLY_PLATE-1__PICKEDSET2","ROCK","",  -989.190E-03,      -1.85682,      -1.85490,  -991.115E-03,   40.8309E-03
F:/Desktop/DeepOnet_Abaqus/StaticElasticJob.odb,Step-1,Increment      1: Step Time =    1.000,"PLATE-1",          2914,             1,   394.404E-03,       2.54344,            0.,"ASSEMBLY_PLATE-1__PICKEDSET2","ROCK","",      -1.03664,      -1.85583,      -1.85418,      -1.03829,   36.7216E-03
F:/Desktop/DeepOnet_Abaqus/StaticElasticJob.odb,Step-1,Increment      1: Step Time =    1.000,"PLATE-1",          2915,             1,   282.059E-03,       2.31773,            0.,"ASSEMBLY_PLATE-1__PICKEDSET2","ROCK","",      -1.02275,      -1.91082,      -1.90431,      -1.02926,   75.7654E-03
F:/Desktop/DeepOnet_Abaqus/StaticElasticJob.odb,Step-1,Increment      1: Step Time =    1.000,"PLATE-1",          2916,             1,       2.30060,      -2.64282,            0.,"ASSEMBLY_PLATE-1__PICKEDSET2","ROCK","",  -999.275E-03,      -1.76573,      -1.76563,  -999.369E-03,  -8.49792E-03
F:/Desktop/DeepOnet_Abaqus/StaticElasticJob.odb,Step-1,Increment      1: Step Time =    1.000,"PLATE-1",          2917,             1,       2.92905,       2.90090,            0.,"ASSEMBLY_PLATE-1__PICKEDSET2","ROCK","",      -1.00516,      -1.76658,      -1.76634,      -1.00540,   13.5640E-03
F:/Desktop/DeepOnet_Abaqus/StaticElasticJob.odb,Step-1,Increment      1: Step Time =    1.000,"PLATE-1",          2918,             1,      -1.22161,       2.43653,            0.,"ASSEMBLY_PLATE-1__PICKEDSET2","ROCK","",  -989.799E-03,      -1.75561,      -1.75154,  -993.867E-03,  -55.6672E-03
F:/Desktop/DeepOnet_Abaqus/StaticElasticJob.odb,Step-1,Increment      1: Step Time =    1.000,"PLATE-1",          2919,             1,  -187.281E-03,       2.21827,            0.,"ASSEMBLY_PLATE-1__PICKEDSET2","ROCK","",  -849.474E-03,      -1.92263,      -1.91950,  -852.609E-03,  -57.9244E-03
F:/Desktop/DeepOnet_Abaqus/StaticElasticJob.odb,Step-1,Increment      1: Step Time =    1.000,"PLATE-1",          2920,             1,      -2.87674,      -1.62352,            0.,"ASSEMBLY_PLATE-1__PICKEDSET2","ROCK","",      -1.00267,      -1.76020,      -1.76008,      -1.00278,   9.35093E-03
F:/Desktop/DeepOnet_Abaqus/StaticElasticJob.odb,Step-1,Increment      1: Step Time =    1.000,"PLATE-1",          2921,             1,       1.43833,       3.12509,            0.,"ASSEMBLY_PLATE-1__PICKEDSET2","ROCK","",  -999.754E-03,      -1.79832,      -1.79819,  -999.881E-03,   10.0770E-03
F:/Desktop/DeepOnet_Abaqus/StaticElasticJob.odb,Step-1,Increment      1: Step Time =    1.000,"PLATE-1",          2922,             1,      -2.68506,       2.31747,            0.,"ASSEMBLY_PLATE-1__PICKEDSET2","ROCK","",      -1.01663,      -1.75236,      -1.75200,      -1.01699,  -16.2424E-03
F:/Desktop/DeepOnet_Abaqus/StaticElasticJob.odb,Step-1,Increment      1: Step Time =    1.000,"PLATE-1",          2923,             1,      -2.49210,   336.242E-03,            0.,"ASSEMBLY_PLATE-1__PICKEDSET2","ROCK","",      -1.02035,      -1.74905,      -1.74885,      -1.02055,   11.9901E-03
F:/Desktop/DeepOnet_Abaqus/StaticElasticJob.odb,Step-1,Increment      1: Step Time =    1.000,"PLATE-1",          2924,             1,      -2.82094,   337.238E-03,            0.,"ASSEMBLY_PLATE-1__PICKEDSET2","ROCK","",      -1.01830,      -1.75244,      -1.75230,      -1.01843,   10.0050E-03
F:/Desktop/DeepOnet_Abaqus/StaticElasticJob.odb,Step-1,Increment      1: Step Time =    1.000,"PLATE-1",          2925,             1,   352.707E-03,       3.26983,            0.,"ASSEMBLY_PLATE-1__PICKEDSET2","ROCK","",      -1.00772,      -1.80811,      -1.80757,      -1.00826,   20.7968E-03
F:/Desktop/DeepOnet_Abaqus/StaticElasticJob.odb,Step-1,Increment      1: Step Time =    1.000,"PLATE-1",          2926,             1,       2.85040,   31.6725E-03,            0.,"ASSEMBLY_PLATE-1__PICKEDSET2","ROCK","",      -1.02245,      -1.74613,      -1.74584,      -1.02274,  -14.4937E-03
F:/Desktop/DeepOnet_Abaqus/StaticElasticJob.odb,Step-1,Increment      1: Step Time =    1.000,"PLATE-1",          2927,             1,  -16.9895E-03,      -3.20445,            0.,"ASSEMBLY_PLATE-1__PICKEDSET2","ROCK","",      -1.00643,      -1.77024,      -1.77024,      -1.00643,   1.54118E-03
F:/Desktop/DeepOnet_Abaqus/StaticElasticJob.odb,Step-1,Increment      1: Step Time =    1.000,"PLATE-1",          2928,             1,  -476.201E-03,      -2.51755,            0.,"ASSEMBLY_PLATE-1__PICKEDSET2","ROCK","",      -1.00562,      -1.77575,      -1.77571,      -1.00565,   4.98661E-03
F:/Desktop/DeepOnet_Abaqus/StaticElasticJob.odb,Step-1,Increment      1: Step Time =    1.000,"PLATE-1",          2929,             1,       2.26513,      -2.25214,            0.,"ASSEMBLY_PLATE-1__PICKEDSET2","ROCK","",  -998.947E-03,      -1.76785,      -1.76766,  -999.139E-03,  -12.1506E-03
F:/Desktop/DeepOnet_Abaqus/StaticElasticJob.odb,Step-1,Increment      1: Step Time =    1.000,"PLATE-1",          2930,             1,       2.22714,      -1.96605,            0.,"ASSEMBLY_PLATE-1__PICKEDSET2","ROCK","",  -998.175E-03,      -1.76995,      -1.76965,  -998.471E-03,  -15.1086E-03
F:/Desktop/DeepOnet_Abaqus/StaticElasticJob.odb,Step-1,Increment      1: Step Time =    1.000,"PLATE-1",          2931,             1,      -2.10869,      -1.63885,            0.,"ASSEMBLY_PLATE-1__PICKEDSET2","ROCK","",      -1.00532,      -1.76574,      -1.76548,      -1.00559,   14.1334E-03
F:/Desktop/DeepOnet_Abaqus/StaticElasticJob.odb,Step-1,Increment      1: Step Time =    1.000,"PLATE-1",          2932,             1,       3.31659,  -446.034E-03,            0.,"ASSEMBLY_PLATE-1__PICKEDSET2","ROCK","",      -1.02311,      -1.75640,      -1.75619,      -1.02332,  -12.5923E-03
F:/Desktop/DeepOnet_Abaqus/StaticElasticJob.odb,Step-1,Increment      1: Step Time =    1.000,"PLATE-1",          2933,             1,       2.71660,       1.43054,            0.,"ASSEMBLY_PLATE-1__PICKEDSET2","ROCK","",      -1.02579,      -1.74057,      -1.74015,      -1.02621,   17.3014E-03
F:/Desktop/DeepOnet_Abaqus/StaticElasticJob.odb,Step-1,Increment      1: Step Time =    1.000,"PLATE-1",          2934,             1,       2.42196,       1.41908,            0.,"ASSEMBLY_PLATE-1__PICKEDSET2","ROCK","",      -1.02549,      -1.73573,      -1.73504,      -1.02618,   22.1473E-03
F:/Desktop/DeepOnet_Abaqus/StaticElasticJob.odb,Step-1,Increment      1: Step Time =    1.000,"PLATE-1",          2935,             1,   105.681E-03,      -2.80026,            0.,"ASSEMBLY_PLATE-1__PICKEDSET2","ROCK","",      -1.00468,      -1.77434,      -1.77434,      -1.00469,   1.93349E-03
F:/Desktop/DeepOnet_Abaqus/StaticElasticJob.odb,Step-1,Increment      1: Step Time =    1.000,"PLATE-1",          2936,             1,       1.06345,      -2.97060,            0.,"ASSEMBLY_PLATE-1__PICKEDSET2","ROCK","",      -1.00194,      -1.77170,      -1.77169,      -1.00195,  -2.18791E-03
F:/Desktop/DeepOnet_Abaqus/StaticElasticJob.odb,Step-1,Increment      1: Step Time =    1.000,"PLATE-1",          2937,             1,  -743.222E-03,      -2.75486,            0.,"ASSEMBLY_PLATE-1__PICKEDSET2","ROCK","",      -1.00674,      -1.77149,      -1.77146,      -1.00676,   4.39771E-03
F:/Desktop/DeepOnet_Abaqus/StaticElasticJob.odb,Step-1,Increment      1: Step Time =    1.000,"PLATE-1",          2938,             1,      -2.46621,      -1.83283,            0.,"ASSEMBLY_PLATE-1__PICKEDSET2","ROCK","",      -1.00270,      -1.76282,      -1.76267,      -1.00285,   10.5908E-03
F:/Desktop/DeepOnet_Abaqus/StaticElasticJob.odb,Step-1,Increment      1: Step Time =    1.000,"PLATE-1",          2939,             1,      -2.20936,       2.11880,            0.,"ASSEMBLY_PLATE-1__PICKEDSET2","ROCK","",      -1.01988,      -1.74145,      -1.74087,      -1.02046,  -20.3845E-03
F:/Desktop/DeepOnet_Abaqus/StaticElasticJob.odb,Step-1,Increment      1: Step Time =    1.000,"PLATE-1",          2940,             1,      -2.82903,       1.91300,            0.,"ASSEMBLY_PLATE-1__PICKEDSET2","ROCK","",      -1.01944,      -1.74909,      -1.74896,      -1.01957,  -9.78733E-03
F:/Desktop/DeepOnet_Abaqus/StaticElasticJob.odb,Step-1,Increment      1: Step Time =    1.000,"PLATE-1",          2941,             1,   423.206E-03,       3.73385,            0.,"ASSEMBLY_PLATE-1__PICKEDSET2","ROCK","",      -1.00284,      -1.79381,      -1.79374,      -1.00292,   7.89593E-03
F:/Desktop/DeepOnet_Abaqus/StaticElasticJob.odb,Step-1,Increment      1: Step Time =    1.000,"PLATE-1",          2942,             1,   212.319E-03,       2.91775,            0.,"ASSEMBLY_PLATE-1__PICKEDSET2","ROCK","",      -1.00901,      -1.82734,      -1.82621,      -1.01014,   30.3199E-03
F:/Desktop/DeepOnet_Abaqus/StaticElasticJob.odb,Step-1,Increment      1: Step Time =    1.000,"PLATE-1",          2943,             1,      -3.25730,   365.334E-03,            0.,"ASSEMBLY_PLATE-1__PICKEDSET2","ROCK","",      -1.01853,      -1.75486,      -1.75479,      -1.01860,   7.16404E-03
F:/Desktop/DeepOnet_Abaqus/StaticElasticJob.odb,Step-1,Increment      1: Step Time =    1.000,"PLATE-1",          2944,             1,       3.14538,       1.33288,            0.,"ASSEMBLY_PLATE-1__PICKEDSET2","ROCK","",      -1.02972,      -1.74849,      -1.74830,      -1.02991,   11.7137E-03
F:/Desktop/DeepOnet_Abaqus/StaticElasticJob.odb,Step-1,Increment      1: Step Time =    1.000,"PLATE-1",          2945,             1,  -400.622E-03,       3.75525,            0.,"ASSEMBLY_PLATE-1__PICKEDSET2","ROCK","",  -995.272E-03,      -1.81539,      -1.81537,  -995.298E-03,   4.60485E-03
F:/Desktop/DeepOnet_Abaqus/StaticElasticJob.odb,Step-1,Increment      1: Step Time =    1.000,"PLATE-1",          2946,             1,       2.63627,   983.479E-03,            0.,"ASSEMBLY_PLATE-1__PICKEDSET2","ROCK","",      -1.02912,      -1.73530,      -1.73523,      -1.02919,   7.10857E-03
F:/Desktop/DeepOnet_Abaqus/StaticElasticJob.odb,Step-1,Increment      1: Step Time =    1.000,"PLATE-1",          2947,             1,      -3.75081,  -400.253E-03,            0.,"ASSEMBLY_PLATE-1__PICKEDSET2","ROCK","",      -1.01174,      -1.75691,      -1.75689,      -1.01175,   3.52986E-03
F:/Desktop/DeepOnet_Abaqus/StaticElasticJob.odb,Step-1,Increment      1: Step Time =    1.000,"PLATE-1",          2948,             1,       1.26290,       2.39377,            0.,"ASSEMBLY_PLATE-1__PICKEDSET2","ROCK","",  -990.692E-03,      -1.82642,      -1.82445,  -992.659E-03,   40.5033E-03
F:/Desktop/DeepOnet_Abaqus/StaticElasticJob.odb,Step-1,Increment      1: Step Time =    1.000,"PLATE-1",          2949,             1,       2.07977,      -3.71303,            0.,"ASSEMBLY_PLATE-1__PICKEDSET2","ROCK","",      -1.00061,      -1.76467,      -1.76467,      -1.00061,  -1.68404E-03
F:/Desktop/DeepOnet_Abaqus/StaticElasticJob.odb,Step-1,Increment      1: Step Time =    1.000,"PLATE-1",          2950,             1,      -1.57006,      -2.40159,            0.,"ASSEMBLY_PLATE-1__PICKEDSET2","ROCK","",      -1.00508,      -1.76878,      -1.76870,      -1.00517,   7.95524E-03
F:/Desktop/DeepOnet_Abaqus/StaticElasticJob.odb,Step-1,Increment      1: Step Time =    1.000,"PLATE-1",          2951,             1,  -801.730E-03,      -3.43021,            0.,"ASSEMBLY_PLATE-1__PICKEDSET2","ROCK","",      -1.00750,      -1.76695,      -1.76695,      -1.00751,   1.70797E-03
F:/Desktop/DeepOnet_Abaqus/StaticElasticJob.odb,Step-1,Increment      1: Step Time =    1.000,"PLATE-1",          2952,             1,       2.98858,      -2.04404,            0.,"ASSEMBLY_PLATE-1__PICKEDSET2","ROCK","",      -1.00144,      -1.76237,      -1.76220,      -1.00161,  -11.4343E-03
F:/Desktop/DeepOnet_Abaqus/StaticElasticJob.odb,Step-1,Increment      1: Step Time =    1.000,"PLATE-1",          2953,             1,      -2.80170,       1.15117,            0.,"ASSEMBLY_PLATE-1__PICKEDSET2","ROCK","",      -1.02187,      -1.74736,      -1.74736,      -1.02188,   1.20314E-03
F:/Desktop/DeepOnet_Abaqus/StaticElasticJob.odb,Step-1,Increment      1: Step Time =    1.000,"PLATE-1",          2954,             1,      -1.89931,       2.38790,            0.,"ASSEMBLY_PLATE-1__PICKEDSET2","ROCK","",      -1.01323,      -1.74559,      -1.74433,      -1.01449,  -30.3368E-03
F:/Desktop/DeepOnet_Abaqus/StaticElasticJob.odb,Step-1,Increment      1: Step Time =    1.000,"PLATE-1",          2955,             1,      -2.51926,       2.04429,            0.,"ASSEMBLY_PLATE-1__PICKEDSET2","ROCK","",      -1.02045,      -1.74513,      -1.74482,      -1.02076,  -14.9991E-03
F:/Desktop/DeepOnet_Abaqus/StaticElasticJob.odb,Step-1,Increment      1: Step Time =    1.000,"PLATE-1",          2956,             1,   493.907E-03,      -2.80694,            0.,"ASSEMBLY_PLATE-1__PICKEDSET2","ROCK","",      -1.00308,      -1.77462,      -1.77462,      -1.00308,   201.583E-06
F:/Desktop/DeepOnet_Abaqus/StaticElasticJob.odb,Step-1,Increment      1: Step Time =    1.000,"PLATE-1",          2957,             1,   499.813E-03,      -3.71287,            0.,"ASSEMBLY_PLATE-1__PICKEDSET2","ROCK","",      -1.00569,      -1.76876,      -1.76876,      -1.00569,  -144.087E-06
F:/Desktop/DeepOnet_Abaqus/StaticElasticJob.odb,Step-1,Increment      1: Step Time =    1.000,"PLATE-1",          2958,             1,       1.74731,      -2.66737,            0.,"ASSEMBLY_PLATE-1__PICKEDSET2","ROCK","",  -999.112E-03,      -1.77056,      -1.77050,  -999.175E-03,  -6.97046E-03
F:/Desktop/DeepOnet_Abaqus/StaticElasticJob.odb,Step-1,Increment      1: Step Time =    1.000,"PLATE-1",          2959,             1,       3.61442,      -2.85840,            0.,"ASSEMBLY_PLATE-1__PICKEDSET2","ROCK","",  -993.515E-03,      -1.75845,      -1.75844,  -993.525E-03,  -2.77252E-03
F:/Desktop/DeepOnet_Abaqus/StaticElasticJob.odb,Step-1,Increment      1: Step Time =    1.000,"PLATE-1",          2960,             1,       2.55877,       2.01199,            0.,"ASSEMBLY_PLATE-1__PICKEDSET2","ROCK","",      -1.01242,      -1.75899,      -1.75790,      -1.01351,   28.4957E-03
F:/Desktop/DeepOnet_Abaqus/StaticElasticJob.odb,Step-1,Increment      1: Step Time =    1.000,"PLATE-1",          2961,             1,       3.05660,       2.11143,            0.,"ASSEMBLY_PLATE-1__PICKEDSET2","ROCK","",      -1.01525,      -1.75993,      -1.75943,      -1.01575,   19.3607E-03
F:/Desktop/DeepOnet_Abaqus/StaticElasticJob.odb,Step-1,Increment      1: Step Time =    1.000,"PLATE-1",          2962,             1,      -2.23493,      -3.05066,            0.,"ASSEMBLY_PLATE-1__PICKEDSET2","ROCK","",      -1.00232,      -1.76190,      -1.76188,      -1.00234,   3.92170E-03
F:/Desktop/DeepOnet_Abaqus/StaticElasticJob.odb,Step-1,Increment      1: Step Time =    1.000,"PLATE-1",          2963,             1,       2.85241,  -990.191E-03,            0.,"ASSEMBLY_PLATE-1__PICKEDSET2","ROCK","",      -1.01028,      -1.75947,      -1.75894,      -1.01081,  -19.9149E-03
F:/Desktop/DeepOnet_Abaqus/StaticElasticJob.odb,Step-1,Increment      1: Step Time =    1.000,"PLATE-1",          2964,             1,       1.53475,      -3.15077,            0.,"ASSEMBLY_PLATE-1__PICKEDSET2","ROCK","",      -1.00146,      -1.76879,      -1.76878,      -1.00148,  -3.32799E-03
F:/Desktop/DeepOnet_Abaqus/StaticElasticJob.odb,Step-1,Increment      1: Step Time =    1.000,"PLATE-1",          2965,             1,      -2.61246,      -1.33051,            0.,"ASSEMBLY_PLATE-1__PICKEDSET2","ROCK","",      -1.00621,      -1.76165,      -1.76142,      -1.00644,   13.2489E-03
F:/Desktop/DeepOnet_Abaqus/StaticElasticJob.odb,Step-1,Increment      1: Step Time =    1.000,"PLATE-1",          2966,             1,      -3.65743,      -2.03823,            0.,"ASSEMBLY_PLATE-1__PICKEDSET2","ROCK","",  -993.234E-03,      -1.75780,      -1.75779,  -993.243E-03,   2.60760E-03
F:/Desktop/DeepOnet_Abaqus/StaticElasticJob.odb,Step-1,Increment      1: Step Time =    1.000,"PLATE-1",          2967,             1,  -454.301E-03,      -3.03318,            0.,"ASSEMBLY_PLATE-1__PICKEDSET2","ROCK","",      -1.00694,      -1.77066,      -1.77065,      -1.00695,   2.84134E-03
F:/Desktop/DeepOnet_Abaqus/StaticElasticJob.odb,Step-1,Increment      1: Step Time =    1.000,"PLATE-1",          2968,             1,      -1.63125,      -3.06283,            0.,"ASSEMBLY_PLATE-1__PICKEDSET2","ROCK","",      -1.00522,      -1.76527,      -1.76525,      -1.00525,   3.98772E-03
F:/Desktop/DeepOnet_Abaqus/StaticElasticJob.odb,Step-1,Increment      1: Step Time =    1.000,"PLATE-1",          2969,             1,      -3.26637,  -390.710E-03,            0.,"ASSEMBLY_PLATE-1__PICKEDSET2","ROCK","",      -1.01156,      -1.75679,      -1.75667,      -1.01168,   9.32448E-03
F:/Desktop/DeepOnet_Abaqus/StaticElasticJob.odb,Step-1,Increment      1: Step Time =    1.000,"PLATE-1",          2970,             1,       3.24783,   239.370E-03,            0.,"ASSEMBLY_PLATE-1__PICKEDSET2","ROCK","",      -1.03057,      -1.75070,      -1.75063,      -1.03064,  -7.00796E-03
F:/Desktop/DeepOnet_Abaqus/StaticElasticJob.odb,Step-1,Increment      1: Step Time =    1.000,"PLATE-1",          2971,             1,      -2.81929,  -463.660E-03,            0.,"ASSEMBLY_PLATE-1__PICKEDSET2","ROCK","",      -1.01280,      -1.75678,      -1.75653,      -1.01305,   13.5429E-03
F:/Desktop/DeepOnet_Abaqus/StaticElasticJob.odb,Step-1,Increment      1: Step Time =    1.000,"PLATE-1",          2972,             1,      -3.19136,      -1.10746,            0.,"ASSEMBLY_PLATE-1__PICKEDSET2","ROCK","",      -1.00497,      -1.75866,      -1.75855,      -1.00508,   9.27862E-03
F:/Desktop/DeepOnet_Abaqus/StaticElasticJob.odb,Step-1,Increment      1: Step Time =    1.000,"PLATE-1",          2973,             1,      -1.87996,       2.74912,            0.,"ASSEMBLY_PLATE-1__PICKEDSET2","ROCK","",      -1.00516,      -1.76247,      -1.76132,      -1.00630,  -29.4355E-03
F:/Desktop/DeepOnet_Abaqus/StaticElasticJob.odb,Step-1,Increment      1: Step Time =    1.000,"PLATE-1",          2974,             1,      -1.47407,       2.65088,            0.,"ASSEMBLY_PLATE-1__PICKEDSET2","ROCK","",  -996.241E-03,      -1.76520,      -1.76322,  -998.221E-03,  -38.9696E-03
F:/Desktop/DeepOnet_Abaqus/StaticElasticJob.odb,Step-1,Increment      1: Step Time =    1.000,"PLATE-1",          2975,             1,      -1.91990,       3.21239,            0.,"ASSEMBLY_PLATE-1__PICKEDSET2","ROCK","",      -1.00110,      -1.77857,      -1.77792,      -1.00174,  -22.4055E-03
F:/Desktop/DeepOnet_Abaqus/StaticElasticJob.odb,Step-1,Increment      1: Step Time =    1.000,"PLATE-1",          2976,             1,      -3.25148,       1.16114,            0.,"ASSEMBLY_PLATE-1__PICKEDSET2","ROCK","",      -1.02142,      -1.75307,      -1.75307,      -1.02142,   686.829E-06
F:/Desktop/DeepOnet_Abaqus/StaticElasticJob.odb,Step-1,Increment      1: Step Time =    1.000,"PLATE-1",          2977,             1,      -2.44879,       1.11433,            0.,"ASSEMBLY_PLATE-1__PICKEDSET2","ROCK","",      -1.02383,      -1.74118,      -1.74117,      -1.02384,   2.58359E-03
F:/Desktop/DeepOnet_Abaqus/StaticElasticJob.odb,Step-1,Increment      1: Step Time =    1.000,"PLATE-1",          2978,             1,  -246.039E-03,      -3.71002,            0.,"ASSEMBLY_PLATE-1__PICKEDSET2","ROCK","",      -1.00750,      -1.76759,      -1.76759,      -1.00750,   704.864E-06
F:/Desktop/DeepOnet_Abaqus/StaticElasticJob.odb,Step-1,Increment      1: Step Time =    1.000,"PLATE-1",          2979,             1,       3.68347,       2.04432,            0.,"ASSEMBLY_PLATE-1__PICKEDSET2","ROCK","",      -1.02414,      -1.75746,      -1.75739,      -1.02422,   7.28686E-03
F:/Desktop/DeepOnet_Abaqus/StaticElasticJob.odb,Step-1,Increment      1: Step Time =    1.000,"PLATE-1",          2980,             1,  -212.991E-03,       2.91113,            0.,"ASSEMBLY_PLATE-1__PICKEDSET2","ROCK","",  -964.632E-03,      -1.83892,      -1.83862,  -964.939E-03,   16.3661E-03
F:/Desktop/DeepOnet_Abaqus/StaticElasticJob.odb,Step-1,Increment      1: Step Time =    1.000,"PLATE-1",          2981,             1,       1.57234,       2.68082,            0.,"ASSEMBLY_PLATE-1__PICKEDSET2","ROCK","",  -994.015E-03,      -1.80596,      -1.80529,  -994.693E-03,   23.4466E-03
F:/Desktop/DeepOnet_Abaqus/StaticElasticJob.odb,Step-1,Increment      1: Step Time =    1.000,"PLATE-1",          2982,             1,       1.25925,       3.69812,            0.,"ASSEMBLY_PLATE-1__PICKEDSET2","ROCK","",      -1.00084,      -1.77914,      -1.77913,      -1.00085,   2.61088E-03
F:/Desktop/DeepOnet_Abaqus/StaticElasticJob.odb,Step-1,Increment      1: Step Time =    1.000,"PLATE-1",          2983,             1,       1.29378,      -3.70767,            0.,"ASSEMBLY_PLATE-1__PICKEDSET2","ROCK","",      -1.00313,      -1.76782,      -1.76782,      -1.00313,  -716.223E-06
F:/Desktop/DeepOnet_Abaqus/StaticElasticJob.odb,Step-1,Increment      1: Step Time =    1.000,"PLATE-1",          2984,             1,      -3.75305,   389.923E-03,            0.,"ASSEMBLY_PLATE-1__PICKEDSET2","ROCK","",      -1.02131,      -1.75654,      -1.75654,      -1.02131,   2.35604E-03
F:/Desktop/DeepOnet_Abaqus/StaticElasticJob.odb,Step-1,Increment      1: Step Time =    1.000,"PLATE-1",          2985,             1,      -2.71243,   729.738E-03,            0.,"ASSEMBLY_PLATE-1__PICKEDSET2","ROCK","",      -1.01999,      -1.75051,      -1.75046,      -1.02005,   6.38114E-03
F:/Desktop/DeepOnet_Abaqus/StaticElasticJob.odb,Step-1,Increment      1: Step Time =    1.000,"PLATE-1",          2986,             1,  -329.080E-03,       3.29966,            0.,"ASSEMBLY_PLATE-1__PICKEDSET2","ROCK","",  -984.023E-03,      -1.81725,      -1.81713,  -984.141E-03,   9.91794E-03
F:/Desktop/DeepOnet_Abaqus/StaticElasticJob.odb,Step-1,Increment      1: Step Time =    1.000,"PLATE-1",          2987,             1,       2.84796,      -3.67718,            0.,"ASSEMBLY_PLATE-1__PICKEDSET2","ROCK","",  -997.400E-03,      -1.76023,      -1.76022,  -997.404E-03,  -1.60462E-03
F:/Desktop/DeepOnet_Abaqus/StaticElasticJob.odb,Step-1,Increment      1: Step Time =    1.000,"PLATE-1",          2988,             1,      -3.22358,       1.91259,            0.,"ASSEMBLY_PLATE-1__PICKEDSET2","ROCK","",      -1.01903,      -1.75251,      -1.75245,      -1.01909,  -6.65319E-03
F:/Desktop/DeepOnet_Abaqus/StaticElasticJob.odb,Step-1,Increment      1: Step Time =    1.000,"PLATE-1",          2989,             1,       3.63308,      -2.02981,            0.,"ASSEMBLY_PLATE-1__PICKEDSET2","ROCK","",      -1.00156,      -1.75795,      -1.75792,      -1.00159,  -4.91507E-03
F:/Desktop/DeepOnet_Abaqus/StaticElasticJob.odb,Step-1,Increment      1: Step Time =    1.000,"PLATE-1",          2990,             1,       2.54863,      -1.98861,            0.,"ASSEMBLY_PLATE-1__PICKEDSET2","ROCK","",  -999.827E-03,      -1.76619,      -1.76594,      -1.00008,  -13.9586E-03
F:/Desktop/DeepOnet_Abaqus/StaticElasticJob.odb,Step-1,Increment      1: Step Time =    1.000,"PLATE-1",          2991,             1,      -2.09312,      -3.68132,            0.,"ASSEMBLY_PLATE-1__PICKEDSET2","ROCK","",      -1.00294,      -1.76127,      -1.76127,      -1.00294,   1.05069E-03
F:/Desktop/DeepOnet_Abaqus/StaticElasticJob.odb,Step-1,Increment      1: Step Time =    1.000,"PLATE-1",          2992,             1,       2.98058,   746.504E-03,            0.,"ASSEMBLY_PLATE-1__PICKEDSET2","ROCK","",      -1.03049,      -1.74499,      -1.74499,      -1.03049,   104.306E-06
F:/Desktop/DeepOnet_Abaqus/StaticElasticJob.odb,Step-1,Increment      1: Step Time =    1.000,"PLATE-1",          2993,             1,       2.21431,      -3.15450,            0.,"ASSEMBLY_PLATE-1__PICKEDSET2","ROCK","",  -999.734E-03,      -1.76488,      -1.76485,  -999.760E-03,  -4.44965E-03
F:/Desktop/DeepOnet_Abaqus/StaticElasticJob.odb,Step-1,Increment      1: Step Time =    1.000,"PLATE-1",          2994,             1,       3.71251,      -1.19863,            0.,"ASSEMBLY_PLATE-1__PICKEDSET2","ROCK","",      -1.01440,      -1.75706,      -1.75701,      -1.01444,  -5.87592E-03
F:/Desktop/DeepOnet_Abaqus/StaticElasticJob.odb,Step-1,Increment      1: Step Time =    1.000,"PLATE-1",          2995,             1,       3.76382,  -414.914E-03,            0.,"ASSEMBLY_PLATE-1__PICKEDSET2","ROCK","",      -1.03279,      -1.75673,      -1.75669,      -1.03283,  -5.14368E-03
F:/Desktop/DeepOnet_Abaqus/StaticElasticJob.odb,Step-1,Increment      1: Step Time =    1.000,"PLATE-1",          2996,             1,      -1.36703,      -3.66910,            0.,"ASSEMBLY_PLATE-1__PICKEDSET2","ROCK","",      -1.00654,      -1.76441,      -1.76441,      -1.00655,   1.30557E-03
F:/Desktop/DeepOnet_Abaqus/StaticElasticJob.odb,Step-1,Increment      1: Step Time =    1.000,"PLATE-1",          2997,             1,      -1.12529,      -2.94019,            0.,"ASSEMBLY_PLATE-1__PICKEDSET2","ROCK","",      -1.00661,      -1.76786,      -1.76784,      -1.00664,   4.20853E-03
F:/Desktop/DeepOnet_Abaqus/StaticElasticJob.odb,Step-1,Increment      1: Step Time =    1.000,"PLATE-1",          2998,             1,      -2.45198,      -2.25792,            0.,"ASSEMBLY_PLATE-1__PICKEDSET2","ROCK","",      -1.00187,      -1.76332,      -1.76323,      -1.00196,   8.10777E-03
F:/Desktop/DeepOnet_Abaqus/StaticElasticJob.odb,Step-1,Increment      1: Step Time =    1.000,"PLATE-1",          2999,             1,      -2.92587,      -2.94025,            0.,"ASSEMBLY_PLATE-1__PICKEDSET2","ROCK","",  -996.786E-03,      -1.75923,      -1.75922,  -996.799E-03,   3.11717E-03
F:/Desktop/DeepOnet_Abaqus/StaticElasticJob.odb,Step-1,Increment      1: Step Time =    1.000,"PLATE-1",          3000,             1,      -3.64738,      -2.84598,            0.,"ASSEMBLY_PLATE-1__PICKEDSET2","ROCK","",  -988.670E-03,      -1.75761,      -1.75761,  -988.671E-03,   1.10855E-03
F:/Desktop/DeepOnet_Abaqus/StaticElasticJob.odb,Step-1,Increment      1: Step Time =    1.000,"PLATE-1",          3001,             1,      -1.25763,       3.27276,            0.,"ASSEMBLY_PLATE-1__PICKEDSET2","ROCK","",  -991.507E-03,      -1.79574,      -1.79533,  -991.915E-03,  -18.1170E-03
F:/Desktop/DeepOnet_Abaqus/StaticElasticJob.odb,Step-1,Increment      1: Step Time =    1.000,"PLATE-1",          3002,             1,      -1.98325,       3.73167,            0.,"ASSEMBLY_PLATE-1__PICKEDSET2","ROCK","",  -999.615E-03,      -1.79061,      -1.79051,  -999.717E-03,  -8.97780E-03
F:/Desktop/DeepOnet_Abaqus/StaticElasticJob.odb,Step-1,Increment      1: Step Time =    1.000,"PLATE-1",          3003,             1,      -1.17963,       2.90220,            0.,"ASSEMBLY_PLATE-1__PICKEDSET2","ROCK","",  -981.409E-03,      -1.78827,      -1.78684,  -982.843E-03,  -33.9796E-03
F:/Desktop/DeepOnet_Abaqus/StaticElasticJob.odb,Step-1,Increment      1: Step Time =    1.000,"PLATE-1",          3004,             1,      -2.68112,       1.59349,            0.,"ASSEMBLY_PLATE-1__PICKEDSET2","ROCK","",      -1.02154,      -1.74574,      -1.74569,      -1.02158,  -5.77813E-03
F:/Desktop/DeepOnet_Abaqus/StaticElasticJob.odb,Step-1,Increment      1: Step Time =    1.000,"PLATE-1",          3005,             1,      -3.74846,       1.18678,            0.,"ASSEMBLY_PLATE-1__PICKEDSET2","ROCK","",      -1.02581,      -1.75646,      -1.75646,      -1.02581,   502.668E-06
F:/Desktop/DeepOnet_Abaqus/StaticElasticJob.odb,Step-1,Increment      1: Step Time =    1.000,"PLATE-1",          3006,             1,      -3.05892,       2.58704,            0.,"ASSEMBLY_PLATE-1__PICKEDSET2","ROCK","",      -1.01218,      -1.75684,      -1.75662,      -1.01240,  -12.8855E-03
F:/Desktop/DeepOnet_Abaqus/StaticElasticJob.odb,Step-1,Increment      1: Step Time =    1.000,"PLATE-1",          3007,             1,       2.06940,       3.67845,            0.,"ASSEMBLY_PLATE-1__PICKEDSET2","ROCK","",  -998.704E-03,      -1.77215,      -1.77214,  -998.713E-03,   2.65700E-03
F:/Desktop/DeepOnet_Abaqus/StaticElasticJob.odb,Step-1,Increment      1: Step Time =    1.000,"PLATE-1",          3008,             1,       2.84785,       3.64595,            0.,"ASSEMBLY_PLATE-1__PICKEDSET2","ROCK","",      -1.00055,      -1.76478,      -1.76476,      -1.00057,   3.82411E-03
F:/Desktop/DeepOnet_Abaqus/StaticElasticJob.odb,Step-1,Increment      1: Step Time =    1.000,"PLATE-1",          3009,             1,      -2.19738,      -2.60560,            0.,"ASSEMBLY_PLATE-1__PICKEDSET2","ROCK","",      -1.00281,      -1.76358,      -1.76353,      -1.00285,   6.11475E-03
F:/Desktop/DeepOnet_Abaqus/StaticElasticJob.odb,Step-1,Increment      1: Step Time =    1.000,"PLATE-1",          3010,             1,      -3.70202,      -1.20862,            0.,"ASSEMBLY_PLATE-1__PICKEDSET2","ROCK","",      -1.00051,      -1.75723,      -1.75721,      -1.00053,   3.57778E-03
F:/Desktop/DeepOnet_Abaqus/StaticElasticJob.odb,Step-1,Increment      1: Step Time =    1.000,"PLATE-1",          3011,             1,       3.64851,       2.83881,            0.,"ASSEMBLY_PLATE-1__PICKEDSET2","ROCK","",      -1.00921,      -1.75876,      -1.75872,      -1.00925,   5.12573E-03
F:/Desktop/DeepOnet_Abaqus/StaticElasticJob.odb,Step-1,Increment      1: Step Time =    1.000,"PLATE-1",          3012,             1,      -1.20189,       3.74694,            0.,"ASSEMBLY_PLATE-1__PICKEDSET2","ROCK","",  -998.125E-03,      -1.81416,      -1.81412,  -998.163E-03,  -5.57738E-03
F:/Desktop/DeepOnet_Abaqus/StaticElasticJob.odb,Step-1,Increment      1: Step Time =    1.000,"PLATE-1",          3013,             1,       3.73054,   385.325E-03,            0.,"ASSEMBLY_PLATE-1__PICKEDSET2","ROCK","",      -1.04327,      -1.75525,      -1.75525,      -1.04327,  -1.20704E-03
F:/Desktop/DeepOnet_Abaqus/StaticElasticJob.odb,Step-1,Increment      1: Step Time =    1.000,"PLATE-1",          3014,             1,      -2.77306,       3.64353,            0.,"ASSEMBLY_PLATE-1__PICKEDSET2","ROCK","",      -1.00156,      -1.76881,      -1.76874,      -1.00162,  -6.94887E-03
F:/Desktop/DeepOnet_Abaqus/StaticElasticJob.odb,Step-1,Increment      1: Step Time =    1.000,"PLATE-1",          3015,             1,      -3.72942,       1.97693,            0.,"ASSEMBLY_PLATE-1__PICKEDSET2","ROCK","",      -1.02183,      -1.75555,      -1.75554,      -1.02184,  -2.91889E-03
F:/Desktop/DeepOnet_Abaqus/StaticElasticJob.odb,Step-1,Increment      1: Step Time =    1.000,"PLATE-1",          3016,             1,      -3.64474,       2.77210,            0.,"ASSEMBLY_PLATE-1__PICKEDSET2","ROCK","",      -1.01013,      -1.75686,      -1.75682,      -1.01017,  -5.26046E-03
F:/Desktop/DeepOnet_Abaqus/StaticElasticJob.odb,Step-1,Increment      1: Step Time =    1.000,"PLATE-1",          3017,             1,      -2.98087,      -2.19031,            0.,"ASSEMBLY_PLATE-1__PICKEDSET2","ROCK","",  -998.957E-03,      -1.76007,      -1.76002,  -999.006E-03,   6.09056E-03
F:/Desktop/DeepOnet_Abaqus/StaticElasticJob.odb,Step-1,Increment      1: Step Time =    1.000,"PLATE-1",          3018,             1,      -2.58973,       3.04364,            0.,"ASSEMBLY_PLATE-1__PICKEDSET2","ROCK","",      -1.00755,      -1.76482,      -1.76445,      -1.00793,  -16.7635E-03
F:/Desktop/DeepOnet_Abaqus/StaticElasticJob.odb,Step-1,Increment      1: Step Time =    1.000,"PLATE-1",          3019,             1,      -1.67465,  -144.573E-03,            0.,"ASSEMBLY_PLATE-1__PICKEDSET2","ROCK","",      -1.03110,      -1.74229,      -1.74158,      -1.03181,   22.4613E-03
F:/Desktop/DeepOnet_Abaqus/StaticElasticJob.odb,Step-1,Increment      1: Step Time =    1.000,"PLATE-1",          3020,             1,       1.68603,  -743.254E-03,            0.,"ASSEMBLY_PLATE-1__PICKEDSET2","ROCK","",  -997.633E-03,      -1.76349,      -1.76182,  -999.306E-03,  -35.7547E-03
F:/Desktop/DeepOnet_Abaqus/StaticElasticJob.odb,Step-1,Increment      1: Step Time =    1.000,"PLATE-1",          3021,             1,   741.565E-03,      -1.70126,            0.,"ASSEMBLY_PLATE-1__PICKEDSET2","ROCK","",  -990.716E-03,      -1.79377,      -1.79368,  -990.804E-03,  -8.42722E-03
F:/Desktop/DeepOnet_Abaqus/StaticElasticJob.odb,Step-1,Increment      1: Step Time =    1.000,"PLATE-1",          3022,             1,  -552.237E-03,       1.93842,            0.,"ASSEMBLY_PLATE-1__PICKEDSET2","ROCK","",  -931.408E-03,      -1.71109,      -1.67262,  -969.872E-03,  -168.849E-03
F:/Desktop/DeepOnet_Abaqus/StaticElasticJob.odb,Step-1,Increment      1: Step Time =    1.000,"PLATE-1",          3023,             1,      -1.06716,       2.05815,            0.,"ASSEMBLY_PLATE-1__PICKEDSET2","ROCK","",      -1.00623,      -1.71307,      -1.70625,      -1.01305,  -69.1266E-03
F:/Desktop/DeepOnet_Abaqus/StaticElasticJob.odb,Step-1,Increment      1: Step Time =    1.000,"PLATE-1",          3024,             1,   379.660E-03,       1.93001,            0.,"ASSEMBLY_PLATE-1__PICKEDSET2","ROCK","",      -1.24606,      -2.00716,      -1.98351,      -1.26971,   132.068E-03
F:/Desktop/DeepOnet_Abaqus/StaticElasticJob.odb,Step-1,Increment      1: Step Time =    1.000,"PLATE-1",          3025,             1,   508.036E-03,       1.89599,            0.,"ASSEMBLY_PLATE-1__PICKEDSET2","ROCK","",      -1.08454,      -2.20811,      -2.20422,      -1.08842,   65.9696E-03
F:/Desktop/DeepOnet_Abaqus/StaticElasticJob.odb,Step-1,Increment      1: Step Time =    1.000,"PLATE-1",          3026,             1,      -1.99604,       1.05649,            0.,"ASSEMBLY_PLATE-1__PICKEDSET2","ROCK","",      -1.02589,      -1.73545,      -1.73539,      -1.02595,   6.29850E-03
F:/Desktop/DeepOnet_Abaqus/StaticElasticJob.odb,Step-1,Increment      1: Step Time =    1.000,"PLATE-1",          3027,             1,      -1.90398,   515.706E-03,            0.,"ASSEMBLY_PLATE-1__PICKEDSET2","ROCK","",      -1.02486,      -1.74285,      -1.74270,      -1.02501,   10.2390E-03
F:/Desktop/DeepOnet_Abaqus/StaticElasticJob.odb,Step-1,Increment      1: Step Time =    1.000,"PLATE-1",          3028,             1,      -1.93038,      -1.03227,            0.,"ASSEMBLY_PLATE-1__PICKEDSET2","ROCK","",      -1.01112,      -1.76489,      -1.76422,      -1.01180,   22.5334E-03
F:/Desktop/DeepOnet_Abaqus/StaticElasticJob.odb,Step-1,Increment      1: Step Time =    1.000,"PLATE-1",          3029,             1,      -1.83374,  -243.288E-03,            0.,"ASSEMBLY_PLATE-1__PICKEDSET2","ROCK","",      -1.02505,      -1.74831,      -1.74762,      -1.02573,   22.2351E-03
F:/Desktop/DeepOnet_Abaqus/StaticElasticJob.odb,Step-1,Increment      1: Step Time =    1.000,"PLATE-1",          3030,             1,      -1.86483,  -391.386E-03,            0.,"ASSEMBLY_PLATE-1__PICKEDSET2","ROCK","",      -1.02180,      -1.75271,      -1.75190,      -1.02261,   24.4139E-03
F:/Desktop/DeepOnet_Abaqus/StaticElasticJob.odb,Step-1,Increment      1: Step Time =    1.000,"PLATE-1",          3031,             1,      -2.17901,       1.67732,            0.,"ASSEMBLY_PLATE-1__PICKEDSET2","ROCK","",      -1.02570,      -1.73391,      -1.73381,      -1.02581,  -8.72115E-03
F:/Desktop/DeepOnet_Abaqus/StaticElasticJob.odb,Step-1,Increment      1: Step Time =    1.000,"PLATE-1",          3032,             1,      -1.59914,       2.32088,            0.,"ASSEMBLY_PLATE-1__PICKEDSET2","ROCK","",      -1.01323,      -1.73804,      -1.73605,      -1.01522,  -37.8866E-03
F:/Desktop/DeepOnet_Abaqus/StaticElasticJob.odb,Step-1,Increment      1: Step Time =    1.000,"PLATE-1",          3033,             1,       1.80366,       1.03999,            0.,"ASSEMBLY_PLATE-1__PICKEDSET2","ROCK","",      -1.03480,      -1.69593,      -1.69591,      -1.03482,   3.54123E-03
F:/Desktop/DeepOnet_Abaqus/StaticElasticJob.odb,Step-1,Increment      1: Step Time =    1.000,"PLATE-1",          3034,             1,   36.0595E-03,      -1.78692,            0.,"ASSEMBLY_PLATE-1__PICKEDSET2","ROCK","",  -996.489E-03,      -1.79604,      -1.79601,  -996.527E-03,   5.46969E-03
F:/Desktop/DeepOnet_Abaqus/StaticElasticJob.odb,Step-1,Increment      1: Step Time =    1.000,"PLATE-1",          3035,             1,      -2.08063,       1.53755,            0.,"ASSEMBLY_PLATE-1__PICKEDSET2","ROCK","",      -1.02691,      -1.73195,      -1.73190,      -1.02695,  -5.60479E-03
F:/Desktop/DeepOnet_Abaqus/StaticElasticJob.odb,Step-1,Increment      1: Step Time =    1.000,"PLATE-1",          3036,             1,  -703.902E-03,       1.94076,            0.,"ASSEMBLY_PLATE-1__PICKEDSET2","ROCK","",  -967.880E-03,      -1.68649,      -1.65875,  -995.623E-03,  -138.445E-03
F:/Desktop/DeepOnet_Abaqus/StaticElasticJob.odb,Step-1,Increment      1: Step Time =    1.000,"PLATE-1",          3037,             1,  -775.901E-03,       1.85660,            0.,"ASSEMBLY_PLATE-1__PICKEDSET2","ROCK","",      -1.00982,      -1.64764,      -1.62774,      -1.02973,  -110.902E-03
F:/Desktop/DeepOnet_Abaqus/StaticElasticJob.odb,Step-1,Increment      1: Step Time =    1.000,"PLATE-1",          3038,             1,  -937.290E-03,       2.02205,            0.,"ASSEMBLY_PLATE-1__PICKEDSET2","ROCK","",  -997.328E-03,      -1.70288,      -1.69183,      -1.00838,  -87.5965E-03
F:/Desktop/DeepOnet_Abaqus/StaticElasticJob.odb,Step-1,Increment      1: Step Time =    1.000,"PLATE-1",          3039,             1,       1.89691,   530.662E-03,            0.,"ASSEMBLY_PLATE-1__PICKEDSET2","ROCK","",      -1.02091,      -1.71533,      -1.71477,      -1.02147,  -19.6945E-03
F:/Desktop/DeepOnet_Abaqus/StaticElasticJob.odb,Step-1,Increment      1: Step Time =    1.000,"PLATE-1",          3040,             1,      -1.99700,  -824.079E-03,            0.,"ASSEMBLY_PLATE-1__PICKEDSET2","ROCK","",      -1.01347,      -1.76174,      -1.76103,      -1.01417,   23.0028E-03
F:/Desktop/DeepOnet_Abaqus/StaticElasticJob.odb,Step-1,Increment      1: Step Time =    1.000,"PLATE-1",          3041,             1,       1.83798,      -2.29126,            0.,"ASSEMBLY_PLATE-1__PICKEDSET2","ROCK","",  -997.495E-03,      -1.77170,      -1.77154,  -997.646E-03,  -10.8073E-03
F:/Desktop/DeepOnet_Abaqus/StaticElasticJob.odb,Step-1,Increment      1: Step Time =    1.000,"PLATE-1",          3042,             1,      -2.45402,       1.78551,            0.,"ASSEMBLY_PLATE-1__PICKEDSET2","ROCK","",      -1.02245,      -1.74118,      -1.74098,      -1.02265,  -12.0392E-03
F:/Desktop/DeepOnet_Abaqus/StaticElasticJob.odb,Step-1,Increment      1: Step Time =    1.000,"PLATE-1",          3043,             1,       1.92274,  -235.879E-03,            0.,"ASSEMBLY_PLATE-1__PICKEDSET2","ROCK","",      -1.00854,      -1.74393,      -1.74253,      -1.00994,  -32.0789E-03
F:/Desktop/DeepOnet_Abaqus/StaticElasticJob.odb,Step-1,Increment      1: Step Time =    1.000,"PLATE-1",          3044,             1,  -516.042E-03,       2.14707,            0.,"ASSEMBLY_PLATE-1__PICKEDSET2","ROCK","",  -897.626E-03,      -1.80545,      -1.78854,  -914.536E-03,  -122.739E-03
F:/Desktop/DeepOnet_Abaqus/StaticElasticJob.odb,Step-1,Increment      1: Step Time =    1.000,"PLATE-1",          3045,             1,   912.387E-03,       2.46330,            0.,"ASSEMBLY_PLATE-1__PICKEDSET2","ROCK","",      -1.01113,      -1.84486,      -1.84408,      -1.01191,   25.4736E-03
F:/Desktop/DeepOnet_Abaqus/StaticElasticJob.odb,Step-1,Increment      1: Step Time =    1.000,"PLATE-1",          3046,             1,  -652.186E-03,       2.30420,            0.,"ASSEMBLY_PLATE-1__PICKEDSET2","ROCK","",  -933.643E-03,      -1.79017,      -1.78114,  -942.674E-03,  -87.4885E-03
F:/Desktop/DeepOnet_Abaqus/StaticElasticJob.odb,Step-1,Increment      1: Step Time =    1.000,"PLATE-1",          3047,             1,       1.86292,   766.171E-03,            0.,"ASSEMBLY_PLATE-1__PICKEDSET2","ROCK","",      -1.02717,      -1.70515,      -1.70498,      -1.02734,  -10.6775E-03
